-0.488395   -0.499136   0.494159
-0.330585   -0.335502   -0.492051
-0.498204   -0.347292   -0.328983
-0.330285   0.488392   -0.326979
-0.17298   -0.498344   0.48261
0.0199259   -0.332561   -0.482975
-0.174102   -0.333147   -0.327141
-0.0122784   -0.488413   -0.338122
0.187021   -0.484403   0.494752
0.35097   -0.356858   0.488411
0.171473   -0.330876   -0.319798
0.338632   -0.49367   -0.343722
-0.493293   -0.173283   -0.477805
-0.326772   0.0103926   0.496135
0.485196   9.21397e-05   -0.316948
-0.336881   -0.158921   -0.325332
-0.172834   -0.175556   -0.491009
-0.00116609   -0.0188861   0.499804
-0.186503   -0.00173916   -0.335364
0.0232626   -0.160125   -0.314924
0.161149   -0.171214   -0.491279
0.327423   -0.00988578   -0.486903
0.168538   -0.00320611   -0.355478
0.340585   -0.17625   -0.314491
-0.488766   0.183771   0.489328
-0.313396   0.334828   0.473139
-0.497242   0.337195   -0.331275
-0.329383   0.172083   -0.321074
-0.148768   0.162642   0.495558
-0.00282219   0.313218   -0.487818
-0.176727   0.334923   -0.335893
0.000742165   0.15729   -0.345321
0.174287   0.173455   0.495276
0.334812   0.34963   0.49083
0.17829   0.343069   -0.354272
0.339482   0.166534   -0.350135
0.492832   0.498474   -0.160468
-0.33405   -0.342198   -0.162204
0.495508   -0.321129   -0.00194632
-0.342408   -0.496985   -0.0155706
-0.16533   -0.498241   -0.172363
-0.00173977   -0.328169   -0.177403
-0.144809   -0.336275   -0.0023608
0.0255556   -0.493614   0.0113484
0.178407   0.499   -0.182048
0.332218   -0.333872   -0.145815
0.166035   -0.317043   -0.00906777
0.319482   0.488394   0.0105341
0.488097   -0.151181   -0.155184
-0.328645   -0.00227366   -0.164328
0.497589   0.00613722   0.00111126
-0.334749   -0.159232   -0.000460495
-0.157341   -0.188034   -0.14696
-0.0186046   0.0101106   -0.184704
-0.178354   -0.00222425   0.012109
0.00518902   -0.172287   -0.0065458
0.179103   -0.169324   -0.162405
0.321297   0.0264529   -0.177612
0.171886   -0.0037896   -0.00705037
0.331076   -0.165535   0.00390983
0.492949   0.176901   -0.17512
-0.316443   0.325478   -0.160499
0.4839   0.305286   0.000299598
-0.348193   0.164217   -0.015464
-0.152207   0.180178   -0.193184
-0.00561586   0.353239   -0.162629
-0.164113   0.329629   -0.00761222
0.00227261   0.161185   -0.0177325
0.156408   0.173288   -0.173156
0.348612   0.324931   -0.189448
0.164197   0.326239   -0.0235073
0.314229   0.163203   -0.00931076
-0.497353   0.497389   0.156088
-0.325261   -0.323892   0.166783
-0.492737   -0.332165   0.322045
-0.336856   -0.495203   0.331077
-0.1639   0.495093   0.182734
0.00600851   -0.325589   0.169221
-0.152754   -0.319473   0.329848
0.00162473   -0.488137   0.331597
0.162193   0.495119   0.179415
0.329342   -0.323004   0.163621
0.16296   -0.34161   0.31888
0.346349   -0.499501   0.322872
0.495593   -0.17612   0.158163
-0.333035   -0.0277929   0.179049
0.485755   -0.00382788   0.362181
-0.35406   -0.168494   0.348409
-0.167626   -0.164125   0.169463
-0.00346535   -0.00995347   0.178258
-0.17646   -0.00968983   0.343805
-0.00126574   -0.169132   0.346011
0.167144   -0.174832   0.175584
0.340998   0.00320397   0.165968
0.186251   -0.00890098   0.343119
0.321077   -0.165428   0.335879
-0.483636   0.155798   0.169157
-0.324465   0.329207   0.17192
-0.486726   0.329336   0.330354
-0.33677   0.151517   0.341345
-0.169655   0.171733   0.187907
-0.00564661   0.30301   0.133109
-0.141982   0.328648   0.332024
0.0256329   0.163631   0.336697
0.165788   0.149401   0.169341
0.337859   0.312625   0.165335
0.172705   0.337004   0.328912
0.347217   0.153723   0.340094
