32.3757
28.7099
26.5698
24.7218
22.1361
19.2193
16.9138
15.6177
14.5304
13.6413
12.7133
12.4521
11.9328
11.566
11.2602
10.7829
10.1998
10.0642
9.70703
9.50862
9.18054
8.93217
8.83605
8.56616
8.42564
8.31575
8.27499
7.98629
7.92907
7.79752
7.50755
7.37432
7.2715
7.05163
6.97155
6.88446
6.83039
6.70874
6.50563
6.45284
6.30519
6.17782
6.1182
6.04905
5.99643
5.93994
5.86481
5.76263
5.70185
5.63974
5.56968
5.55802
5.54948
5.54463
5.49459
5.47593
5.46809
5.4645
5.4315
5.3983
5.3983
5.3929
5.38149
5.37905
5.37905
5.37729
5.37063
5.36339
5.36104
5.35438
5.3173
5.28139
5.27998
5.2794
5.27448
5.2739
5.27378
5.27319
5.27202
5.27202
5.27074
5.25916
5.25308
5.23555
5.1929
5.18588
5.18577
5.18331
5.18214
5.18214
5.1804
5.17899
5.17757
5.1771
5.1771
5.1771
5.17699
5.1754
5.16985
5.1644
5.1644
5.1644
5.1623
5.16115
5.16021
5.16021
5.15927
5.15869
5.15869
5.1561
5.15446
5.15423
5.15377
5.15331
5.1532
5.1532
5.1532
5.1532
5.1532
5.1532
5.1532
5.1532
5.1532
5.1532
5.1532
5.1532
5.1532
5.1532
5.1532
5.1532
5.1532
5.1532
5.1532
5.1532
5.1532
5.1532
5.1532
5.1532
5.1532
5.1532
5.1532
5.1532
5.1532
5.1532
5.1532
5.1532
5.1532
5.1532
5.1532
5.1532
5.1532
5.1532
5.1532
5.1532
5.1532
5.1532
5.1532
5.1532
5.1532
5.1532
5.1532
5.1532
5.1532
5.1532
5.1532
5.1532
5.1532
5.1532
5.1532
5.1532
5.1532
5.1532
5.1532
5.1532
5.1532
5.1532
5.1532
5.1532
5.1532
5.1532
5.1532
5.1532
5.1532
5.1532
5.1532
5.1532
5.1532
5.1532
5.1532
5.1532
5.1532
5.1532
5.1532
5.1532
5.1532
5.1532
5.1532
5.1532
5.1532
5.1532
5.1532
5.1532
5.1532
5.1532
5.1532
5.1532
5.1532
5.1532
5.1532
5.1532
5.1532
5.1532
5.1532
5.1532
5.1532
5.1532
5.1532
5.1532
5.1532
5.1532
5.1532
5.1532
5.1532
5.1532
5.1532
5.1532
5.1532
5.1532
5.1532
5.1532
5.1532
5.1532
5.1532
5.1532
5.1532
5.1532
5.1532
5.1532
5.1532
5.1532
5.1532
5.1532
5.1532
5.1532
5.1532
5.1532
5.1532
5.1532
5.1532
5.1532
5.1532
5.1532
5.1532
5.1532
5.1532
5.1532
5.1532
5.1532
5.1532
5.1532
5.1532
5.1532
5.1532
5.1532
5.1532
5.1532
5.1532
5.1532
5.1532
5.1532
5.1532
5.1532
5.1532
5.1532
5.1532
5.1532
5.1532
5.1532
5.1532
5.1532
5.1532
5.1532
5.1532
5.1532
5.1532
5.1532
5.1532
5.1532
5.1532
5.1532
5.1532
5.1532
5.1532
5.1532
5.1532
5.1532
5.1532
5.1532
5.1532
5.1532
5.1532
5.1532
5.1532
5.1532
5.1532
5.1532
5.1532
5.1532
5.1532
5.1532
5.1532
5.1532
5.1532
5.1532
5.1532
5.1532
5.1532
5.1532
5.1532
5.1532
5.1532
5.1532
5.1532
5.1532
5.1532
5.1532
5.1532
5.1532
5.1532
5.1532
5.1532
5.1532
5.1532
5.1532
5.1532
5.1532
5.1532
5.1532
5.1532
5.1532
5.1532
5.1532
5.1532
5.1532
5.1532
5.1532
5.1532
5.1532
5.1532
5.1532
5.1532
5.1532
5.1532
5.1532
5.1532
5.1532
5.1532
5.1532
5.1532
5.1532
5.1532
5.1532
5.1532
5.1532
5.1532
5.1532
5.1532
5.1532
5.1532
5.1532
5.1532
5.1532
5.1532
5.1532
5.1532
5.1532
5.1532
5.1532
5.1532
5.1532
5.1532
5.1532
5.1532
5.1532
5.1532
5.1532
5.1532
5.1532
5.1532
5.1532
5.1532
5.1532
5.1532
5.1532
5.1532
5.1532
5.1532
5.1532
5.1532
5.1532
5.1532
5.1532
5.1532
5.1532
5.1532
5.1532
5.1532
5.1532
5.1532
5.1532
5.1532
5.1532
5.1532
5.1532
5.1532
5.1532
5.1532
5.1532
5.1532
5.1532
5.1532
5.1532
5.1532
5.1532
5.1532
5.1532
5.1532
5.1532
5.1532
5.1532
5.1532
5.1532
5.1532
5.1532
5.1532
5.1532
5.1532
5.1532
5.1532
5.1532
5.1532
5.1532
5.1532
5.1532
5.1532
5.1532
5.1532
5.1532
5.1532
5.1532
5.12502
4.99287
4.83665
4.71982
4.70232
4.70232
4.70232
4.70232
4.70232
4.70232
4.70232
4.70232
4.70232
4.70232
4.70232
4.70232
4.70232
4.70232
4.70232
4.70232
4.70232
4.70232
4.70232
4.70232
4.70232
4.70232
4.70232
4.70232
4.70232
4.70232
4.70232
4.70232
4.70232
4.70232
4.70232
4.70232
4.70232
4.70232
4.70232
4.70232
4.70232
4.70232
4.70232
4.70232
4.70232
4.70232
4.70232
4.70232
4.70232
4.70232
