32.5652
29.7506
28.0368
26.6552
25.1852
22.3917
20.665
19.7185
18.7489
17.996
16.9948
16.3112
15.3529
14.8175
14.534
13.8329
13.3867
12.8065
12.1231
11.5384
11.2957
11.0091
10.7068
10.1431
9.43343
9.38315
8.94753
8.69081
8.34126
8.13996
8.04527
7.86935
7.62727
7.2652
7.03576
6.89074
6.81655
6.78326
6.75817
6.64996
6.55132
6.24329
6.09276
6.01549
5.8531
5.70287
5.32351
5.26059
5.23869
5.17902
5.10858
4.97487
4.92642
4.89911
4.85538
4.70185
4.3513
4.31546
4.31351
4.31351
4.30256
4.30256
4.30256
4.29916
4.2889
4.28805
4.28805
4.28805
4.26286
4.24817
4.24222
4.2213
4.16909
4.13033
4.13033
4.13033
4.13033
4.13033
4.12953
4.12953
4.11746
4.11746
4.11746
4.11746
4.11666
4.11562
4.11562
4.11562
4.11562
4.11562
4.11562
4.11562
4.11562
4.11562
4.11562
4.11562
4.11562
4.11562
4.10428
4.10428
4.11562
4.11562
4.11562
4.11562
4.11562
4.11562
4.11562
4.11562
4.11562
4.11562
4.11562
4.11562
4.11562
4.11562
4.11562
4.11562
4.11562
4.11562
4.11562
4.11562
4.11562
4.11562
4.11562
4.11562
4.11562
4.11562
4.11562
4.11562
4.11562
4.11562
4.11562
4.11562
4.11562
4.11562
4.11562
4.11562
4.11562
4.11562
4.11562
4.11562
4.11562
4.11562
4.11562
4.11562
4.11562
4.11562
4.11562
4.11562
4.11562
4.11562
4.10428
4.10428
4.10428
4.10428
4.10428
4.10428
4.10428
4.10428
4.09294
4.09294
4.09294
4.09294
4.09294
4.09294
4.08161
4.08161
4.08161
4.08161
4.08161
4.08161
4.07293
4.06426
4.06426
4.05559
4.04692
4.04692
4.04692
4.04692
4.04487
4.03353
4.01619
4.00752
3.98751
3.96355
3.96355
3.96355
3.96355
3.96355
3.96355
3.96355
3.96355
3.95555
3.95288
3.95021
3.94488
3.93954
3.93688
3.93421
3.93421
3.93421
3.93421
3.93421
3.93421
3.93421
3.93421
3.93421
3.93421
3.93421
3.93421
3.93421
3.93421
3.93421
3.93421
3.93421
3.93421
3.93421
3.93421
3.93421
3.93421
3.93421
3.93421
3.93421
3.93421
3.93421
3.93421
3.93421
3.93421
3.93421
3.93421
3.93421
3.93421
3.93421
3.93421
3.93421
3.93421
3.93421
3.93421
3.93421
3.93421
3.93421
3.93421
3.93421
3.93421
3.93421
3.93421
3.93421
3.93421
3.93421
3.93421
3.93421
3.93421
3.93421
3.93421
3.93421
3.93421
3.93421
3.93421
3.93421
3.93421
3.93421
3.93421
3.93421
3.93421
3.93421
3.93421
3.93421
3.93421
3.93421
3.93421
3.93421
3.93421
3.93421
3.93421
3.93421
3.93421
3.93421
3.93421
3.93421
3.93421
3.93421
3.93421
3.93421
3.93421
3.93421
3.93421
3.93421
3.93421
3.93421
3.93421
3.93421
3.93421
3.93421
3.93421
3.93421
3.93421
3.93421
3.93421
3.93421
3.93421
3.93421
3.93421
3.93421
3.93421
3.93421
3.93421
3.93421
3.93421
3.93421
3.93421
3.93421
3.93421
3.93421
3.93421
3.93421
3.93421
3.93421
3.93421
3.93421
3.93421
3.93421
3.93421
3.93421
3.93421
3.93421
3.93421
3.93421
3.93421
3.93421
3.93421
3.93421
3.93421
3.93421
3.93421
3.93421
3.93421
3.93421
3.93421
3.93421
3.93421
3.93421
3.93421
3.93421
3.93421
3.93421
3.93421
3.93421
3.93421
3.93421
3.93421
3.93421
3.93421
3.93421
3.93421
3.93421
3.93421
3.93421
3.93421
3.93421
3.93421
3.93421
3.93421
3.93421
3.93421
3.93421
3.93421
3.93421
3.93421
3.93421
3.93421
3.93421
3.93421
3.93421
3.93421
3.93421
3.93421
3.93421
3.93421
3.93421
3.93421
3.93421
3.93421
3.93421
3.93421
3.93421
3.93421
3.93421
3.93421
3.93421
3.93421
3.93421
3.93421
3.93421
3.93421
3.93421
3.93421
3.93421
3.93421
3.93421
3.93421
3.93421
3.93421
3.93421
3.93421
3.93421
3.93421
3.93421
3.93421
3.93421
3.93421
3.93421
3.93421
3.93421
3.93421
3.93421
3.93421
3.93421
3.93421
3.93421
3.93421
3.93421
3.93421
3.93421
3.93421
3.93421
3.93421
3.93421
3.93421
3.93421
3.93421
3.93421
3.93421
3.93421
3.93421
3.93421
3.93421
3.93421
3.93421
3.93421
3.93421
3.93421
3.93421
3.93421
3.93421
3.93421
3.93421
3.93421
3.93421
3.93421
3.93421
3.93421
3.93421
3.93421
3.93421
3.93421
3.93421
3.93421
3.93421
3.93421
3.93421
3.93421
3.93421
3.93421
3.93421
3.93421
3.93421
3.93421
3.93421
3.93421
3.93421
3.93421
3.93421
3.93421
3.93421
3.93421
3.93421
3.93421
3.93421
3.93421
3.93421
3.93421
3.93421
3.93421
3.93421
3.93421
3.93421
3.93421
3.93421
3.93421
3.93421
3.93421
3.93421
3.93421
3.93421
3.93421
3.93421
3.93421
3.93421
3.93421
3.93421
3.93421
