32.6637
29.4005
24.8025
23.7887
21.2003
19.9029
19.0339
18.4341
17.6623
16.7252
15.7207
15.0143
14.118
13.5551
12.301
11.4594
11.0842
10.2198
9.92556
9.57764
9.43153
9.22588
8.98855
8.71182
8.42704
8.05245
7.87016
7.58409
7.45565
7.14207
6.90634
6.68469
6.43995
6.31738
6.11771
5.90691
5.74824
5.62463
5.51647
5.45245
5.37139
5.30891
5.26272
5.23792
5.20362
5.11317
5.08263
5.00912
4.89628
4.8178
4.8178
4.8178
4.81199
4.77707
4.72471
4.72471
4.72353
4.70868
4.69998
4.69578
4.69578
4.69578
4.69076
4.67736
4.67066
4.67066
4.66483
4.66483
4.66483
4.66483
4.66483
4.66483
4.66483
4.6535
4.6535
4.64285
4.63015
4.63015
4.62229
4.60969
4.60935
4.60935
4.60935
4.60445
4.59954
4.59464
4.59464
4.58894
4.58894
4.57548
4.55559
4.55148
4.54654
4.54079
4.53429
4.52404
4.52404
4.52404
4.51724
4.51506
4.47679
4.47063
4.43632
4.39627
4.28381
4.1911
4.00696
3.97422
3.97422
3.97422
3.97422
3.97155
3.96888
3.96888
3.96355
3.95288
3.94755
3.93954
3.93421
3.93421
3.93421
3.93421
3.93421
3.93421
3.93421
3.93421
3.93421
3.93421
3.93421
3.93421
3.93421
3.93421
3.93421
3.93421
3.93421
3.93421
3.93421
3.93421
3.93421
3.93421
3.93421
3.93421
3.93421
3.93421
3.93421
3.93421
3.93421
3.93421
3.93421
3.93421
3.93421
3.93421
3.93421
3.93421
3.93421
3.93421
3.93421
3.93421
3.93421
3.93421
3.93421
3.93421
3.93421
3.93421
3.93421
3.93421
3.93421
3.93421
3.93421
3.93421
3.93421
3.93421
3.93421
3.93421
3.93421
3.93421
3.93421
3.93421
3.93421
3.93421
3.93421
3.93421
3.93421
3.93421
3.93421
3.93421
3.93421
3.93421
3.93421
3.93421
3.93421
3.93421
3.93421
3.93421
3.93421
3.93421
3.93421
3.93421
3.93421
3.93421
3.93421
3.93421
3.93421
3.93421
3.93421
3.93421
3.93421
3.93421
3.93421
3.93421
3.93421
3.93421
3.93421
3.93421
3.93421
3.93421
3.93421
3.93421
3.93421
3.93421
3.93421
3.93421
3.93421
3.93421
3.93421
3.93421
3.93421
3.93421
3.93421
3.93421
3.93421
3.93421
3.93421
3.93421
3.93421
3.93421
3.93421
3.93421
3.93421
3.93421
3.93421
3.93421
3.93421
3.93421
3.93421
3.93421
3.93421
3.93421
3.93421
3.93421
3.93421
3.93421
3.93421
3.93421
3.93421
3.93421
3.93421
3.93421
3.93421
3.93421
3.93421
3.93421
3.93421
3.93421
3.93421
3.93421
3.93421
3.93421
3.93421
3.93421
3.93421
3.93421
3.93421
3.93421
3.93421
3.93421
3.93421
3.93421
3.93421
3.93421
3.93421
3.93421
3.93421
3.93421
3.93421
3.93421
3.93421
3.93421
3.93421
3.93421
3.93421
3.93421
3.93421
3.93421
3.93421
3.93421
3.93421
3.93421
3.93421
3.93421
3.93421
3.93421
3.93421
3.93421
3.93421
3.93421
3.93421
3.93421
3.93421
3.93421
3.93421
3.93421
3.93421
3.93421
3.93421
3.93421
3.93421
3.93421
3.93421
3.93421
3.93421
3.93421
3.93421
3.93421
3.93421
3.93421
3.93421
3.93421
3.93421
3.93421
3.93421
3.93421
3.93421
3.93421
3.93421
3.93421
3.93421
3.93421
3.93421
3.93421
3.93421
3.93421
3.93421
3.93421
3.93421
3.93421
3.93421
3.93421
3.93421
3.93421
3.93421
3.93421
3.93421
3.93421
3.93421
3.93421
3.93421
3.93421
3.93421
3.93421
3.93421
3.93421
3.93421
3.93421
3.93421
3.93421
3.93421
3.93421
3.93421
3.93421
3.93421
3.93421
3.93421
3.93421
3.93421
3.93421
3.93421
3.93421
3.93421
3.93421
3.93421
3.93421
3.93421
3.93421
3.93421
3.93421
3.93421
3.93421
3.93421
3.93421
3.93421
3.93421
3.93421
3.93421
3.93421
3.93421
3.93421
3.93421
3.93421
3.93421
3.93421
3.93421
3.93421
3.93421
3.93421
3.93421
3.93421
3.93421
3.93421
3.93421
3.93421
3.93421
3.93421
3.93421
3.93421
3.93421
3.93421
3.93421
3.93421
3.93421
3.93421
3.93421
3.93421
3.93421
3.93421
3.93421
3.93421
3.93421
3.93421
3.93421
3.93421
3.93421
3.93421
3.93421
3.93421
3.93421
3.93421
3.93421
3.93421
3.93421
3.93421
3.93421
3.93421
3.93421
3.93421
3.93421
3.93421
3.93421
3.93421
3.93421
3.93421
3.93421
3.93421
3.93421
3.93421
3.93421
3.93421
3.93421
3.93421
3.93421
3.93421
3.93421
3.93421
3.93421
3.93421
3.93421
3.93421
3.93421
3.93421
3.93421
3.93421
3.93421
3.93421
3.93421
3.93421
3.93421
3.93421
3.93421
3.93421
3.93421
3.93421
3.93421
3.93421
3.93421
3.93421
3.93421
3.93421
3.93421
3.93421
3.93421
3.93421
3.93421
3.93421
3.93421
3.93421
3.93421
3.93421
3.93421
3.93421
3.93421
