33.3615
30.6482
27.5029
25.7485
23.9516
21.8233
20.6888
18.9719
17.952
16.2088
15.4829
14.8137
14.0945
13.4885
11.9199
11.0401
10.2287
9.70413
9.40895
8.89474
8.38312
7.91107
7.73694
7.62902
7.55157
7.45368
7.39732
7.34675
7.24603
6.93363
6.82708
6.82708
6.82208
6.81716
6.80443
6.79094
6.78634
6.78392
6.78019
6.77795
6.7656
6.751
6.7502
6.74348
6.73604
6.72563
6.72339
6.71165
6.70731
6.68517
6.62499
6.58882
6.49425
6.47708
6.45626
6.40526
6.33309
6.25582
6.20577
6.08553
5.95975
5.89677
5.79672
5.65961
5.58451
5.58079
5.58079
5.58079
5.57927
5.57927
5.57776
5.57624
5.57016
5.55802
5.55743
5.55527
5.55018
5.54647
5.54647
5.54647
5.54537
5.53945
5.52981
5.52351
5.52351
5.52292
5.52192
5.51841
5.51615
5.51365
5.50936
5.48115
5.44919
5.44126
5.40931
5.39069
5.34435
5.34435
5.34133
5.32882
5.275
5.24724
5.23202
5.19439
5.17704
5.1644
5.16382
5.16323
5.16265
5.16253
5.1616
5.1608
5.16068
5.15963
5.15904
5.15904
5.15729
5.15494
5.15494
5.15343
5.1532
5.1532
5.1532
5.1532
5.1532
5.1532
5.1532
5.1532
5.1532
5.1532
5.1532
5.1532
5.1532
5.1532
5.1532
5.1532
5.1532
5.1532
5.1532
5.1532
5.1532
5.1532
5.1532
5.1532
5.1532
5.1532
5.1532
5.1532
5.1532
5.1532
5.1532
5.1532
5.1532
5.1532
5.1532
5.1532
5.1532
5.1532
5.1532
5.1532
5.1532
5.1532
5.1532
5.1532
5.1532
5.1532
5.1532
5.1532
5.1532
5.1532
5.1532
5.1532
5.1532
5.1532
5.1532
5.1532
5.1532
5.1532
5.1532
5.1532
5.1532
5.1532
5.1532
5.1532
5.1532
5.1532
5.1532
5.1532
5.1532
5.1532
5.1532
5.1532
5.1532
5.1532
5.1532
5.1532
5.1532
5.1532
5.1532
5.1532
5.1532
5.1532
5.1532
5.1532
5.1532
5.1532
5.1532
5.1532
5.1532
5.1532
5.1532
5.1532
5.1532
5.1532
5.1532
5.1532
5.1532
5.1532
5.1532
5.1532
5.1532
5.1532
5.1532
5.1532
5.1532
5.1532
5.1532
5.1532
5.1532
5.1532
5.1532
5.1532
5.1532
5.1532
5.1532
5.1532
5.1532
5.1532
5.1532
5.1532
5.1532
5.1532
5.1532
5.1532
5.1532
5.1532
5.1532
5.1532
5.1532
5.1532
5.1532
5.1532
5.1532
5.1532
5.1532
5.1532
5.1532
5.1532
5.1532
5.1532
5.1532
5.1532
5.1532
5.1532
5.1532
5.1532
5.1532
5.1532
5.1532
5.1532
5.1532
5.1532
5.1532
5.1532
5.1532
5.1532
5.1532
5.1532
5.1532
5.1532
5.1532
5.1532
5.1532
5.1532
5.1532
5.1532
5.1532
5.1532
5.1532
5.1532
5.1532
5.1532
5.1532
5.1532
5.1532
5.1532
5.1532
5.1532
5.1532
5.1532
5.1532
5.1532
5.1532
5.1532
5.1532
5.1532
5.1532
5.1532
5.1532
5.1532
5.1532
5.1532
5.1532
5.1532
5.1532
5.1532
5.1532
5.1532
5.1532
5.1532
5.1532
5.1532
5.1532
5.1532
5.1532
5.1532
5.1532
5.1532
5.1532
5.1532
5.1532
5.1532
5.1532
5.1532
5.1532
5.1532
5.1532
5.1532
5.1532
5.1532
5.1532
5.1532
5.1532
5.1532
5.1532
5.1532
5.1532
5.1532
5.1532
5.1532
5.1532
5.1532
5.1532
5.1532
5.1532
5.1532
5.1532
5.1532
5.1532
5.1532
5.1532
5.1532
5.1532
5.1532
5.1532
5.1532
5.1532
5.1532
5.1532
5.1532
5.1532
5.1532
5.1532
5.1532
5.1532
5.1532
5.1532
5.1532
5.1532
5.1532
5.1532
5.1532
5.1532
5.1532
5.1532
5.1532
5.1532
5.1532
5.1532
5.1532
5.1532
5.1532
5.1532
5.1532
5.1532
5.1532
5.1532
5.1532
5.1532
5.1532
5.1532
5.1532
5.1532
5.1532
5.1532
5.15247
5.15247
5.15247
5.15247
5.15247
5.14955
5.14736
5.14153
5.14153
5.14153
5.14153
5.14153
5.14153
5.13646
5.13309
5.0911
5.06702
4.99677
4.77367
4.73986
4.73986
4.73986
4.73986
4.73986
4.73986
4.73986
4.73986
4.73986
4.73751
4.73516
4.73516
4.72578
4.70466
4.70232
4.70232
4.70232
4.70232
4.70232
4.70232
4.70232
4.70232
4.70232
4.70232
4.70232
4.70232
4.70232
4.70232
4.70232
4.70232
4.70232
4.70232
4.70232
4.70232
4.70232
4.70232
4.70232
4.70232
4.70232
4.70232
4.70232
4.70232
4.70232
4.70232
4.70232
4.70232
4.70232
4.70232
4.70232
4.70232
4.70232
4.70232
4.70232
4.70232
4.70232
4.70232
4.70232
4.70232
4.70232
4.70232
4.70232
4.70232
4.70232
4.70232
4.70232
4.70232
4.70232
4.70232
4.70232
4.70232
4.70232
4.70232
4.70232
4.70232
4.70232
4.70232
