28.09
27.1376
25.5807
23.0026
23.0026
18.9565
18.2238
17.888
17.888
16.6929
15.9148
14.0521
14.0521
14.0521
13.8384
12.7279
12.3343
11.075
11.075
10.1872
10.1872
10.1872
9.71811
9.09255
8.5549
8.5549
8.5549
8.53016
8.06238
7.99639
7.89739
7.70883
7.08095
7.01952
6.82719
6.69764
6.69764
6.66373
6.66373
6.18518
6.18518
6.02966
6.00747
5.92688
5.29281
5.26853
5.24211
5.08711
5.08711
4.93408
4.8178
4.8178
4.8178
4.79922
4.79922
4.3307
4.32446
4.14929
4.14929
4.14929
4.14929
4.14929
4.14929
4.14929
4.14929
4.14929
4.14929
4.14929
4.14929
4.14929
4.14929
4.14394
4.13033
4.13033
4.13033
4.13033
4.13033
4.13033
4.11746
4.11746
4.11746
4.11746
4.11746
4.11746
4.11562
4.11562
4.11562
4.11562
4.11562
4.11562
4.11562
4.11562
4.11562
4.11562
4.11562
4.11562
4.11562
4.11562
3.93421
3.93421
4.11562
4.11562
4.11562
4.11562
4.11562
4.11562
4.11562
4.11562
4.11562
4.11562
4.11562
4.11562
4.11562
4.11562
4.11562
4.11562
4.11562
4.11562
4.11562
4.11562
4.11562
4.11562
4.11562
4.11562
4.11562
4.11562
4.11562
4.11562
4.11562
4.11562
4.11562
4.11562
4.11562
4.11562
4.11562
4.11562
4.11562
4.11562
4.11562
4.11562
4.11562
4.11562
4.11562
4.11562
4.11562
4.11562
4.11562
4.11562
4.11562
4.11562
3.93421
3.93421
3.93421
3.93421
3.93421
3.93421
3.93421
3.93421
3.93421
3.93421
3.93421
3.93421
3.93421
3.93421
3.93421
3.93421
3.93421
3.93421
3.93421
3.93421
3.93421
3.93421
3.93421
3.93421
3.93421
3.93421
3.93421
3.93421
3.93421
3.93421
3.93421
3.93421
3.93421
3.93421
3.93421
3.93421
3.93421
3.93421
3.93421
3.93421
3.93421
3.93421
3.93421
3.93421
3.93421
3.93421
3.93421
3.93421
3.93421
3.93421
3.93421
3.93421
3.93421
3.93421
3.93421
3.93421
3.93421
3.93421
3.93421
3.93421
3.93421
3.93421
3.93421
3.93421
3.93421
3.93421
3.93421
3.93421
3.93421
3.93421
3.93421
3.93421
3.93421
3.93421
3.93421
3.93421
3.93421
3.93421
3.93421
3.93421
3.93421
3.93421
3.93421
3.93421
3.93421
3.93421
3.93421
3.93421
3.93421
3.93421
3.93421
3.93421
3.93421
3.93421
3.93421
3.93421
3.93421
3.93421
3.93421
3.93421
3.93421
3.93421
3.93421
3.93421
3.93421
3.93421
3.93421
3.93421
3.93421
3.93421
3.93421
3.93421
3.93421
3.93421
3.93421
3.93421
3.93421
3.93421
3.93421
3.93421
3.93421
3.93421
3.93421
3.93421
3.93421
3.93421
3.93421
3.93421
3.93421
3.93421
3.93421
3.93421
3.93421
3.93421
3.93421
3.93421
3.93421
3.93421
3.93421
3.93421
3.93421
3.93421
3.93421
3.93421
3.93421
3.93421
3.93421
3.93421
3.93421
3.93421
3.93421
3.93421
3.93421
3.93421
3.93421
3.93421
3.93421
3.93421
3.93421
3.93421
3.93421
3.93421
3.93421
3.93421
3.93421
3.93421
3.93421
3.93421
3.93421
3.93421
3.93421
3.93421
3.93421
3.93421
3.93421
3.93421
3.93421
3.93421
3.93421
3.93421
3.93421
3.93421
3.93421
3.93421
3.93421
3.93421
3.93421
3.93421
3.93421
3.93421
3.93421
3.93421
3.93421
3.93421
3.93421
3.93421
3.93421
3.93421
3.93421
3.93421
3.93421
3.93421
3.93421
3.93421
3.93421
3.93421
3.93421
3.93421
3.93421
3.93421
3.93421
3.93421
3.93421
3.93421
3.93421
3.93421
3.93421
3.93421
3.93421
3.93421
3.93421
3.93421
3.93421
3.93421
3.93421
3.93421
3.93421
3.93421
3.93421
3.93421
3.93421
3.93421
3.93421
3.93421
3.93421
3.93421
3.93421
3.93421
3.93421
3.93421
3.93421
3.93421
3.93421
3.93421
3.93421
3.93421
3.93421
3.93421
3.93421
3.93421
3.93421
3.93421
3.93421
3.93421
3.93421
3.93421
3.93421
3.93421
3.93421
3.93421
3.93421
3.93421
3.93421
3.93421
3.93421
3.93421
3.93421
3.93421
3.93421
3.93421
3.93421
3.93421
3.93421
3.93421
3.93421
3.93421
3.93421
3.93421
3.93421
3.93421
3.93421
3.93421
3.93421
3.93421
3.93421
3.93421
3.93421
3.93421
3.93421
3.93421
3.93421
3.93421
3.93421
3.93421
3.93421
3.93421
3.93421
3.93421
3.93421
3.93421
3.93421
3.93421
3.93421
3.93421
3.93421
3.93421
3.93421
3.93421
3.93421
3.93421
3.93421
3.93421
3.93421
3.93421
3.93421
3.93421
3.93421
3.93421
3.93421
3.93421
3.93421
3.93421
3.93421
3.93421
3.93421
3.93421
3.93421
3.93421
3.93421
3.93421
3.93421
3.93421
3.93421
3.93421
3.93421
3.93421
3.93421
3.93421
3.93421
3.93421
3.93421
3.93421
3.93421
3.93421
3.93421
3.93421
3.93421
3.93421
3.93421
3.93421
