29.1124
28.0935
23.8508
23.8508
21.2607
19.0963
19.0963
17.9707
16.3212
15.408
14.317
13.4438
13.012
12.4083
10.5689
9.06817
9.06817
9.06817
8.96187
8.14935
7.94258
7.63058
7.63058
7.45368
7.45368
7.45368
7.00399
7.00399
6.82708
6.82708
6.82708
6.82708
6.79122
6.79122
6.74889
6.74889
6.74889
6.74889
6.74889
6.74641
6.74641
6.6771
6.6771
6.6771
6.6771
6.6771
6.6771
6.6771
6.6771
6.41624
5.55802
5.55802
5.55802
5.55802
5.55802
5.55802
5.55802
5.55802
5.55802
5.55802
5.55802
5.55802
5.55802
5.55802
5.55802
5.55802
5.55802
5.55802
5.55802
5.55802
5.55802
5.55802
5.55802
5.55802
5.54865
5.54647
5.54647
5.54647
5.54647
5.54647
5.53711
5.52351
5.52351
5.52351
5.52351
5.51414
5.51414
5.51414
5.51414
5.50936
5.50931
5.43096
5.43096
5.43096
5.34435
5.34435
5.34435
5.34435
5.32412
5.25907
5.1644
5.1644
5.1644
5.1644
5.1644
5.1644
5.15504
5.15504
5.15504
5.15504
5.15504
5.15504
5.15504
5.1532
5.1532
5.1532
5.1532
5.1532
5.1532
5.1532
5.1532
5.1532
5.1532
5.1532
5.1532
5.1532
5.1532
5.1532
5.1532
5.1532
5.1532
5.1532
5.1532
5.1532
5.1532
5.1532
5.1532
5.1532
5.1532
5.1532
5.1532
5.1532
5.1532
5.1532
5.1532
5.1532
5.1532
5.1532
5.1532
5.1532
5.1532
5.1532
5.1532
5.1532
5.1532
5.1532
5.1532
5.1532
5.1532
5.1532
5.1532
5.1532
5.1532
5.1532
5.1532
5.1532
5.1532
5.1532
5.1532
5.1532
5.1532
5.1532
5.1532
5.1532
5.1532
5.1532
5.1532
5.1532
5.1532
5.1532
5.1532
5.1532
5.1532
5.1532
5.1532
5.1532
5.1532
5.1532
5.1532
5.1532
5.1532
5.1532
5.1532
5.1532
5.1532
5.1532
5.1532
5.1532
5.1532
5.1532
5.1532
5.1532
5.1532
5.1532
5.1532
5.1532
5.1532
5.1532
5.1532
5.1532
5.1532
5.1532
5.1532
5.1532
5.1532
5.1532
5.1532
5.1532
5.1532
5.1532
5.1532
5.1532
5.1532
5.1532
5.1532
5.1532
5.1532
5.1532
5.1532
5.1532
5.1532
5.1532
5.1532
5.1532
5.1532
5.1532
5.1532
5.1532
5.1532
5.1532
5.1532
5.1532
5.1532
5.1532
5.1532
5.1532
5.1532
5.1532
5.1532
5.1532
5.1532
5.1532
5.1532
5.1532
5.1532
5.1532
5.1532
5.1532
5.1532
5.1532
5.1532
5.1532
5.1532
5.1532
5.1532
5.1532
5.1532
5.1532
5.1532
5.1532
5.1532
5.1532
5.1532
5.1532
5.1532
5.1532
5.1532
5.1532
5.1532
5.1532
5.1532
5.1532
5.1532
5.1532
5.1532
5.1532
5.1532
5.1532
5.1532
5.1532
5.1532
5.1532
5.1532
5.1532
5.1532
5.1532
5.1532
5.1532
5.1532
5.1532
5.1532
5.1532
5.1532
5.1532
5.1532
5.1532
5.1532
5.1532
5.1532
5.1532
5.1532
5.1532
5.1532
5.1532
5.1532
5.1532
5.1532
5.1532
5.1532
5.1532
5.1532
5.1532
5.1532
5.1532
5.1532
5.1532
5.1532
5.1532
5.1532
5.1532
5.1532
5.1532
5.1532
5.1532
5.1532
5.1532
5.1532
5.1532
5.1532
5.1532
5.1532
5.1532
5.1532
5.1532
5.1532
5.1532
5.1532
5.1532
5.1532
5.1532
5.1532
5.1532
5.1532
5.1532
5.1532
5.1532
5.1532
5.1532
5.1532
5.1532
5.1532
5.1532
5.1532
5.1532
5.1532
5.1532
5.1532
5.1532
5.1532
5.1532
5.1532
5.1532
5.1532
5.1532
5.1532
5.1532
5.1532
5.1532
5.1532
5.1532
5.1532
5.1532
5.1532
5.1532
5.1532
5.1532
5.1532
5.1532
5.1532
5.1532
5.1532
5.1532
5.1532
5.1532
5.1532
5.1532
5.1532
5.1532
5.1532
5.1532
5.1532
5.1532
5.1532
5.1532
5.1532
5.14153
5.14153
5.14153
5.14153
5.14153
5.14153
5.14153
5.14153
5.14153
5.14153
5.14153
5.14153
5.14153
5.11451
5.11451
4.73986
4.73986
4.73986
4.73986
4.73986
4.73986
4.73986
4.73986
4.73986
4.73986
4.73986
4.73986
4.73986
4.70232
4.70232
4.70232
4.70232
4.70232
4.70232
4.70232
4.70232
4.70232
4.70232
4.70232
4.70232
4.70232
4.70232
4.70232
4.70232
4.70232
4.70232
4.70232
4.70232
4.70232
4.70232
4.70232
4.70232
4.70232
4.70232
4.70232
4.70232
4.70232
4.70232
4.70232
4.70232
4.70232
4.70232
4.70232
4.70232
4.70232
4.70232
4.70232
4.70232
4.70232
4.70232
4.70232
4.70232
4.70232
4.70232
4.70232
4.70232
4.70232
4.70232
4.70232
4.70232
4.70232
4.70232
4.70232
4.70232
4.70232
4.70232
4.70232
4.70232
4.70232
4.70232
4.70232
4.70232
4.70232
4.70232
4.70232
