27.9182
26.08
23.7243
23.0231
15.9114
15.9114
14.3402
13.5373
13.4758
12.3022
11.8178
11.8178
11.4459
10.9443
10.9443
10.1499
9.48987
9.48987
9.48987
9.15142
8.92729
8.84019
8.49143
8.28364
8.28364
7.69709
7.69709
7.30633
7.30633
7.21007
7.15512
7.15512
7.15512
6.79248
6.79248
6.79248
6.6574
6.38905
6.38905
6.33069
6.19311
6.0361
6.0361
5.95259
5.95183
5.88818
5.72907
5.68246
5.59895
5.55802
5.55802
5.55802
5.4897
5.4897
5.47275
5.47275
5.3983
5.3983
5.3983
5.3983
5.3983
5.37905
5.37905
5.37905
5.37905
5.36968
5.28186
5.28186
5.28186
5.28186
5.27437
5.27437
5.27437
5.27249
5.27249
5.27249
5.27249
5.265
5.265
5.265
5.265
5.18647
5.18647
5.18647
5.18647
5.1771
5.1771
5.1771
5.1771
5.1771
5.1771
5.1771
5.1771
5.1771
5.1771
5.1771
5.17526
5.1644
5.1644
5.1644
5.1644
5.1644
5.15504
5.15504
5.15504
5.15504
5.15504
5.1532
5.1532
5.1532
5.1532
5.1532
5.1532
5.1532
5.1532
5.1532
5.1532
5.1532
5.1532
5.1532
5.1532
5.1532
5.1532
5.1532
5.1532
5.1532
5.1532
5.1532
5.1532
5.1532
5.1532
5.1532
5.1532
5.1532
5.1532
5.1532
5.1532
5.1532
5.1532
5.1532
5.1532
5.1532
5.1532
5.1532
5.1532
5.1532
5.1532
5.1532
5.1532
5.1532
5.1532
5.1532
5.1532
5.1532
5.1532
5.1532
5.1532
5.1532
5.1532
5.1532
5.1532
5.1532
5.1532
5.1532
5.1532
5.1532
5.1532
5.1532
5.1532
5.1532
5.1532
5.1532
5.1532
5.1532
5.1532
5.1532
5.1532
5.1532
5.1532
5.1532
5.1532
5.1532
5.1532
5.1532
5.1532
5.1532
5.1532
5.1532
5.1532
5.1532
5.1532
5.1532
5.1532
5.1532
5.1532
5.1532
5.1532
5.1532
5.1532
5.1532
5.1532
5.1532
5.1532
5.1532
5.1532
5.1532
5.1532
5.1532
5.1532
5.1532
5.1532
5.1532
5.1532
5.1532
5.1532
5.1532
5.1532
5.1532
5.1532
5.1532
5.1532
5.1532
5.1532
5.1532
5.1532
5.1532
5.1532
5.1532
5.1532
5.1532
5.1532
5.1532
5.1532
5.1532
5.1532
5.1532
5.1532
5.1532
5.1532
5.1532
5.1532
5.1532
5.1532
5.1532
5.1532
5.1532
5.1532
5.1532
5.1532
5.1532
5.1532
5.1532
5.1532
5.1532
5.1532
5.1532
5.1532
5.1532
5.1532
5.1532
5.1532
5.1532
5.1532
5.1532
5.1532
5.1532
5.1532
5.1532
5.1532
5.1532
5.1532
5.1532
5.1532
5.1532
5.1532
5.1532
5.1532
5.1532
5.1532
5.1532
5.1532
5.1532
5.1532
5.1532
5.1532
5.1532
5.1532
5.1532
5.1532
5.1532
5.1532
5.1532
5.1532
5.1532
5.1532
5.1532
5.1532
5.1532
5.1532
5.1532
5.1532
5.1532
5.1532
5.1532
5.1532
5.1532
5.1532
5.1532
5.1532
5.1532
5.1532
5.1532
5.1532
5.1532
5.1532
5.1532
5.1532
5.1532
5.1532
5.1532
5.1532
5.1532
5.1532
5.1532
5.1532
5.1532
5.1532
5.1532
5.1532
5.1532
5.1532
5.1532
5.1532
5.1532
5.1532
5.1532
5.1532
5.1532
5.1532
5.1532
5.1532
5.1532
5.1532
5.1532
5.1532
5.1532
5.1532
5.1532
5.1532
5.1532
5.1532
5.1532
5.1532
5.1532
5.1532
5.1532
5.1532
5.1532
5.1532
5.1532
5.1532
5.1532
5.1532
5.1532
5.1532
5.1532
5.1532
5.1532
5.1532
5.1532
5.1532
5.1532
5.1532
5.1532
5.1532
5.1532
5.1532
5.1532
5.1532
5.1532
5.1532
5.1532
5.1532
5.1532
5.1532
5.1532
5.1532
5.1532
5.1532
5.1532
5.1532
5.1532
5.1532
5.1532
5.1532
5.1532
5.1532
5.1532
5.1532
5.1532
5.1532
5.1532
5.1532
5.1532
5.1532
5.1532
5.1532
5.1532
5.1532
5.1532
5.1532
5.1532
5.1532
5.1532
5.1532
5.1532
5.1532
5.1532
5.1532
5.1532
5.1532
5.1532
5.1532
5.1532
5.1532
5.1532
5.1532
5.1532
5.1532
5.1532
5.1532
5.1532
5.1532
5.1532
5.1532
5.1532
5.1532
5.1532
5.1532
5.1532
5.1532
5.1532
5.1532
5.1532
5.1532
5.1532
5.1532
5.1532
5.1532
5.1532
4.70232
4.70232
4.70232
4.70232
4.70232
4.70232
4.70232
4.70232
4.70232
4.70232
4.70232
4.70232
4.70232
4.70232
4.70232
4.70232
4.70232
4.70232
4.70232
4.70232
4.70232
4.70232
4.70232
4.70232
4.70232
4.70232
4.70232
4.70232
4.70232
4.70232
4.70232
4.70232
4.70232
4.70232
4.70232
4.70232
4.70232
4.70232
4.70232
4.70232
4.70232
4.70232
4.70232
4.70232
4.70232
4.70232
4.70232
4.70232
4.70232
4.70232
