29.2504
24.631
22.0341
22.0341
18.3747
18.3747
18.1708
17.4907
15.7264
14.9872
14.5221
13.5923
12.8961
12.2895
9.31211
9.31211
9.31211
9.31211
9.31211
8.97584
8.97584
8.97584
8.45532
7.55381
7.55381
7.55381
7.55381
7.18396
7.18396
6.64779
6.53613
6.33092
6.19903
6.08096
5.7737
5.65636
5.52884
5.52884
5.49929
5.30059
5.2763
5.27104
5.24675
5.15119
5.08214
5.07242
5.07242
4.8178
4.8178
4.8178
4.8178
4.8178
4.72471
4.72471
4.72471
4.72471
4.70595
4.54329
4.54329
4.54329
4.54329
4.54329
4.54329
4.54329
4.54329
4.54329
4.54329
4.54329
4.54329
4.54329
4.54329
4.54329
4.54329
4.49774
4.49774
4.49774
4.49774
4.49774
4.49774
4.47586
4.47586
4.47586
4.47586
4.47586
4.47586
4.47586
4.47586
4.47586
4.47586
4.47586
4.47586
4.47586
4.47586
4.47586
4.47586
4.47586
4.47586
4.47586
4.47586
4.47586
3.93421
3.93421
3.93421
3.93421
3.93421
3.93421
3.93421
3.93421
3.93421
3.93421
3.93421
3.93421
3.93421
3.93421
3.93421
3.93421
3.93421
3.93421
3.93421
3.93421
3.93421
3.93421
3.93421
3.93421
3.93421
3.93421
3.93421
3.93421
3.93421
3.93421
3.93421
3.93421
3.93421
3.93421
3.93421
3.93421
3.93421
3.93421
3.93421
3.93421
3.93421
3.93421
3.93421
3.93421
3.93421
3.93421
3.93421
3.93421
3.93421
3.93421
3.93421
3.93421
3.93421
3.93421
3.93421
3.93421
3.93421
3.93421
3.93421
3.93421
3.93421
3.93421
3.93421
3.93421
3.93421
3.93421
3.93421
3.93421
3.93421
3.93421
3.93421
3.93421
3.93421
3.93421
3.93421
3.93421
3.93421
3.93421
3.93421
3.93421
3.93421
3.93421
3.93421
3.93421
3.93421
3.93421
3.93421
3.93421
3.93421
3.93421
3.93421
3.93421
3.93421
3.93421
3.93421
3.93421
3.93421
3.93421
3.93421
3.93421
3.93421
3.93421
3.93421
3.93421
3.93421
3.93421
3.93421
3.93421
3.93421
3.93421
3.93421
3.93421
3.93421
3.93421
3.93421
3.93421
3.93421
3.93421
3.93421
3.93421
3.93421
3.93421
3.93421
3.93421
3.93421
3.93421
3.93421
3.93421
3.93421
3.93421
3.93421
3.93421
3.93421
3.93421
3.93421
3.93421
3.93421
3.93421
3.93421
3.93421
3.93421
3.93421
3.93421
3.93421
3.93421
3.93421
3.93421
3.93421
3.93421
3.93421
3.93421
3.93421
3.93421
3.93421
3.93421
3.93421
3.93421
3.93421
3.93421
3.93421
3.93421
3.93421
3.93421
3.93421
3.93421
3.93421
3.93421
3.93421
3.93421
3.93421
3.93421
3.93421
3.93421
3.93421
3.93421
3.93421
3.93421
3.93421
3.93421
3.93421
3.93421
3.93421
3.93421
3.93421
3.93421
3.93421
3.93421
3.93421
3.93421
3.93421
3.93421
3.93421
3.93421
3.93421
3.93421
3.93421
3.93421
3.93421
3.93421
3.93421
3.93421
3.93421
3.93421
3.93421
3.93421
3.93421
3.93421
3.93421
3.93421
3.93421
3.93421
3.93421
3.93421
3.93421
3.93421
3.93421
3.93421
3.93421
3.93421
3.93421
3.93421
3.93421
3.93421
3.93421
3.93421
3.93421
3.93421
3.93421
3.93421
3.93421
3.93421
3.93421
3.93421
3.93421
3.93421
3.93421
3.93421
3.93421
3.93421
3.93421
3.93421
3.93421
3.93421
3.93421
3.93421
3.93421
3.93421
3.93421
3.93421
3.93421
3.93421
3.93421
3.93421
3.93421
3.93421
3.93421
3.93421
3.93421
3.93421
3.93421
3.93421
3.93421
3.93421
3.93421
3.93421
3.93421
3.93421
3.93421
3.93421
3.93421
3.93421
3.93421
3.93421
3.93421
3.93421
3.93421
3.93421
3.93421
3.93421
3.93421
3.93421
3.93421
3.93421
3.93421
3.93421
3.93421
3.93421
3.93421
3.93421
3.93421
3.93421
3.93421
3.93421
3.93421
3.93421
3.93421
3.93421
3.93421
3.93421
3.93421
3.93421
3.93421
3.93421
3.93421
3.93421
3.93421
3.93421
3.93421
3.93421
3.93421
3.93421
3.93421
3.93421
3.93421
3.93421
3.93421
3.93421
3.93421
3.93421
3.93421
3.93421
3.93421
3.93421
3.93421
3.93421
3.93421
3.93421
3.93421
3.93421
3.93421
3.93421
3.93421
3.93421
3.93421
3.93421
3.93421
3.93421
3.93421
3.93421
3.93421
3.93421
3.93421
3.93421
3.93421
3.93421
3.93421
3.93421
3.93421
3.93421
3.93421
3.93421
3.93421
3.93421
3.93421
3.93421
3.93421
3.93421
3.93421
3.93421
3.93421
3.93421
3.93421
3.93421
3.93421
3.93421
3.93421
3.93421
3.93421
3.93421
3.93421
3.93421
3.93421
3.93421
3.93421
3.93421
3.93421
3.93421
3.93421
3.93421
3.93421
3.93421
3.93421
3.93421
3.93421
3.93421
3.93421
3.93421
3.93421
3.93421
3.93421
3.93421
3.93421
3.93421
3.93421
3.93421
3.93421
3.93421
3.93421
3.93421
3.93421
