0
1.65405
1.93917
1.38787
1.13152
0.936022
0.813184
0.704471
0.685283
0.613019
0.572592
0.626079
0.577099
0.534682
0.497782
0.484456
0.468147
0.446503
0.422769
0.403207
0.410601
0.442019
0.422382
0.421737
0.44159
0.428659
0.414545
0.401917
0.389359
0.37894
0.368615
0.361651
0.35514
0.355489
0.352478
0.343404
0.334511
0.3357
0.338981
0.33234
0.325765
0.318088
0.312127
0.309695
0.307892
0.301691
0.295551
0.308973
0.304281
0.299613
0.296793
0.293799
0.290797
0.28703
0.284445
0.283405
0.278444
0.273705
0.269091
0.265921
0.262698
0.258461
0.25588
0.251854
0.268457
0.265056
0.26234
0.258516
0.254828
0.251167
0.247768
0.246625
0.243339
0.240222
0.242492
0.244821
0.241885
0.238787
0.236923
0.234166
0.231306
0.229949
0.228889
0.226158
0.223534
0.222692
0.223022
0.22964
0.228121
0.225854
0.223387
0.223906
0.224931
0.222548
0.22251
0.220346
0.218325
0.217346
0.215613
0.213464
