0
1.02983
0.797295
0.714077
0.586479
0.481602
0.410095
0.356566
0.320904
0.290344
0.264637
0.286943
0.266855
0.247372
0.230414
0.221294
0.207886
0.201593
0.19217
0.191646
0.185074
0.177814
0.177114
0.170165
0.163224
0.157
0.156106
0.15062
0.145673
0.145147
0.144749
0.15011
0.148564
0.144365
0.140709
0.140726
0.137544
0.135369
0.132185
0.13227
0.132347
0.12946
0.127054
0.124213
0.121537
0.120475
0.117884
0.115888
0.113877
0.11676
0.114454
0.112752
0.110965
0.1098
0.107803
0.106588
0.105837
0.104475
0.103264
0.101677
0.100175
0.0985957
0.097084
0.0955855
0.0957933
0.0962036
0.0975742
0.0961709
0.0952875
0.0943755
0.0932436
0.0930852
0.0918016
0.0906811
0.0897891
0.0897567
0.0897004
0.0891573
0.0884846
0.0875317
0.0864454
0.0854115
0.0843885
0.0858383
0.0859117
0.085915
0.087231
0.0862343
0.0856401
0.0848369
0.08421
0.0846848
0.0859104
0.0866801
0.0904342
0.0895023
0.0886556
0.0879023
0.087011
0.0861599
