0
0.827882
0.501638
0.363122
0.340764
0.278707
0.294742
0.269769
0.251407
0.225165
0.205985
0.205145
0.189164
0.233338
0.232561
0.231549
0.235336
0.24803
0.240711
0.22848
0.217355
0.211006
0.201668
0.210797
0.209902
0.205219
0.197476
0.19097
0.186575
0.18073
0.178787
0.179317
0.178599
0.176389
0.174304
0.172339
0.168239
0.164523
0.17845
0.174245
0.170845
0.168489
0.164569
0.161294
0.158428
0.155006
0.152367
0.150479
0.14795
0.14505
0.14238
0.139818
0.137586
0.139138
0.136634
0.134514
0.132278
0.13182
0.129947
0.128072
0.127336
0.125275
0.124007
0.122066
0.122986
0.12111
0.119308
0.119757
0.118079
0.116845
0.115225
0.114083
0.113791
0.112243
0.110737
0.109413
0.108185
0.107098
0.106316
0.104994
0.104249
0.103008
0.101987
0.10079
0.0995975
0.0985202
0.0974486
0.0964752
0.0959837
0.0949996
0.0940352
0.0933403
0.09255
0.0917772
0.0908931
0.0904014
0.0895314
0.0897045
0.0918793
0.0913513
