0
0.0674634
0.0408975
0.503758
0.572687
0.655706
0.903869
0.917488
0.820662
0.772256
0.713954
0.652611
0.632021
0.639046
0.634535
0.610837
0.576159
0.564779
0.534335
0.524117
0.510329
0.50085
0.486851
0.498166
0.48015
0.484417
0.469135
0.461761
0.446002
0.440323
0.427224
0.416817
0.40463
0.395155
0.392872
0.381824
0.372844
0.368981
0.369356
0.360813
0.35221
0.343737
0.348898
0.348184
0.341194
0.33386
0.327173
0.320324
0.314713
0.308943
0.302847
0.298274
0.292818
0.289227
0.284507
0.280779
0.276075
0.280384
0.276433
0.271912
0.267445
0.26671
0.262668
0.262219
0.258205
0.25536
0.251666
0.251334
0.249381
0.245853
0.247036
0.243696
0.243063
0.243289
0.240025
0.236855
0.233777
0.230791
0.228086
0.225326
0.228147
0.225553
0.226067
0.225692
0.223056
0.221007
0.218794
0.216609
0.215076
0.220409
0.217974
0.220303
0.218324
0.221347
0.220002
0.217835
0.215596
0.214924
0.214882
0.212919
