0.05          20         918        1000     53.8168
0.06     16.6667         906        1000      60.947
0.07     14.2857         913        1000     63.1885
0.08        12.5         892        1000     82.7389
0.09     11.1111         876        1000     68.1509
0.1          10         867        1000     53.7317
0.11     9.09091         861        1000     51.2599
0.12     8.33333         845        1000     45.2965
0.13     7.69231         856        1000     56.4676
0.14     7.14286         840        1000     55.7886
0.15     6.66667         836        1000     49.8159
0.16        6.25         775        1000     52.4922
0.17     5.88235         775        1000     65.6991
0.18     5.55556         798        1000     47.1768
0.19     5.26316         758        1000     61.4019
0.2           5         684        1000     43.9178
0.21      4.7619         747        1000     48.8502
0.22     4.54545         711        1000     40.3403
0.23     4.34783         721        1000     50.7864
0.24     4.16667         702        1000     38.6207
0.25           4         701        1000     52.9818
0.26     3.84615         670        1000      44.494
0.27      3.7037         700        1000     52.7515
0.28     3.57143         681        1000     61.0568
0.29     3.44828         654        1000     51.2485
0.3     3.33333         653        1000      32.153
0.31     3.22581         634        1000     40.9301
0.32       3.125         620        1000     35.5281
0.33      3.0303         573        1000     47.9083
0.34     2.94118         576        1000      54.777
0.35     2.85714         581        1000     35.9674
0.36     2.77778         571        1000     34.4063
0.37      2.7027         587        1000     38.5824
0.38     2.63158         602        1000     42.0295
0.39      2.5641         547        1000     44.7349
0.4         2.5         518        1000     37.2205
0.41     2.43902         529        1000     38.9582
0.42     2.38095         526        1000     42.2898
0.43     2.32558         528        1000     43.6872
0.44     2.27273         541        1000     51.8133
0.45     2.22222         506        1000     41.5585
0.46     2.17391         495        1000     40.3844
0.47     2.12766         514        1000      37.602
0.48     2.08333         512        1000     34.9356
0.49     2.04082         496        1000     38.5841
0.5           2         482        1000     34.7485
0.51     1.96078         481        1000     39.9298
0.52     1.92308         471        1000     40.1965
0.53     1.88679         476        1000     35.9262
0.54     1.85185         467        1000     29.2061
0.55     1.81818         415        1000     33.7977
0.56     1.78571         417        1000     31.0232
0.57     1.75439         480        1000     39.5609
0.58     1.72414         433        1000     34.7689
0.59     1.69492         427        1000     33.4948
0.6     1.66667         432        1000     52.6778
0.61     1.63934         445        1000     23.0397
0.62      1.6129         408        1000      25.619
0.63      1.5873         391        1000     19.4368
0.64      1.5625         388        1000     36.5936
0.65     1.53846         374        1000     28.3795
0.66     1.51515         410        1000     38.4691
0.67     1.49254         361        1000     26.2878
0.68     1.47059         413        1000     25.6254
0.69     1.44928         390        1000     30.3188
0.7     1.42857         380        1000      24.151
0.71     1.40845         360        1000     23.7057
0.72     1.38889         415        1000      48.616
0.73     1.36986         393        1000     26.7252
0.74     1.35135         326        1000     28.4241
0.75     1.33333         364        1000     27.6003
0.76     1.31579         394        1000     28.8055
0.77      1.2987         350        1000     29.6459
0.78     1.28205         339        1000     27.8567
0.79     1.26582         378        1000      27.986
0.8        1.25         367        1000     24.9581
0.81     1.23457         348        1000     26.3865
0.82     1.21951         351        1000      26.273
0.83     1.20482         361        1000     17.1913
0.84     1.19048         321        1000     30.4275
0.85     1.17647         341        1000     17.9564
0.86     1.16279         330        1000     25.3188
0.87     1.14943         318        1000     20.4813
0.88     1.13636         352        1000     16.5387
0.89      1.1236         349        1000     40.7629
0.9     1.11111         343        1000     27.1238
0.91      1.0989         333        1000     20.7844
0.92     1.08696         340        1000     25.6846
0.93     1.07527         315        1000     25.8089
0.94     1.06383         331        1000     23.4059
0.95     1.05263         320        1000     26.9991
0.96     1.04167         310        1000     14.0241
0.97     1.03093         314        1000     20.4346
0.98     1.02041         276        1000      28.306
0.99      1.0101         288        1000     26.0794
1           1         312        1000     21.7297
1.01    0.990099         294        1000     22.2168
1.02    0.980392         327        1000     18.7063
1.03    0.970874         281        1000     17.3774
1.04    0.961538         300        1000     22.4464
3.04    0.328947        1743       10000     6.31198
5.04    0.198413        1597       10000     3.56218
7.04    0.142045        1437       10000      4.1603
9.04    0.110619        1259       10000     2.90537
11.04   0.0905797        1244       10000     2.87118
13.04   0.0766871        1196       10000      2.4831
15.04   0.0664894        1103       10000     2.44536
17.04   0.0586854        1036       10000     2.32826
19.04    0.052521         994       10000     2.22014
21.04   0.0475285        1021       10000     2.37133
23.04   0.0434028         979       10000     2.33078
25.04   0.0399361         946       10000     2.32124
27.04   0.0369822         946       10000     2.30728
29.04   0.0344353         906       10000     2.39467
31.04   0.0322165         897       10000     2.28964
33.04   0.0302663         845       10000     2.33246
35.04   0.0285388         908       10000     2.31418
37.04   0.0269978         877       10000     2.24185
39.04   0.0256148         813       10000     2.23749
41.04   0.0243665         822       10000     2.28473
43.04   0.0232342         822       10000     2.20392
45.04   0.0222025         882       10000      2.4724
47.04   0.0212585         870       10000     2.21271
49.04   0.0203915         765       10000     2.21958
51.04   0.0195925         796       10000     2.21687
53.04   0.0188537         802       10000     2.24185
55.04   0.0181686         790       10000     2.24887
57.04   0.0175316         782       10000     2.23676
59.04   0.0169377         757       10000     2.22352
61.04   0.0163827         739       10000     2.22566
63.04   0.0158629         803       10000     2.22373
65.04   0.0153752         782       10000     2.28809
67.04   0.0149165         766       10000     2.22371
69.04   0.0144844         699       10000     2.20197
71.04   0.0140766         655       10000     2.26119
73.04   0.0136911         693       10000     2.22029
75.04   0.0133262         683       10000     2.19855
77.04   0.0129803         719       10000     2.22385
79.04   0.0126518         719       10000     2.23652
81.04   0.0123396         743       10000     2.23122
83.04   0.0120424         715       10000     2.22492
85.04   0.0117592         642       10000     2.23481
87.04    0.011489         627       10000     2.21259
89.04   0.0112309         710       10000     2.25284
91.04   0.0109842         638       10000     2.20706
93.04   0.0107481         659       10000     2.25417
95.04   0.0105219         688       10000     2.22772
97.04    0.010305         648       10000     2.21478
99.04   0.0100969         678       10000     2.20364
101.04  0.00989707         674       10000     2.24697
103.04  0.00970497         620       10000     2.23613
105.04  0.00952018         644       10000     2.20706
107.04   0.0093423         633       10000     2.22005
109.04  0.00917095         631       10000     2.19855
111.04  0.00900576         651       10000     2.22623
113.04  0.00884643         645       10000     2.20964
115.04  0.00869263         679       10000     2.22806
117.04  0.00854409         668       10000     2.24058
119.04  0.00840054         655       10000     2.19855
121.04  0.00826173         627       10000     2.22924
123.04  0.00812744         611       10000     2.20969
125.04  0.00799744         578       10000     2.20197
127.04  0.00787154         666       10000     2.20901
129.04  0.00774954         550       10000     2.21659
131.04  0.00763126         665       10000     2.22005
133.04  0.00751654         627       10000     2.20964
135.04  0.00740521         582       10000     2.20735
137.04  0.00729714         577       10000     2.20197
139.04  0.00719217         602       10000     2.20928
141.04  0.00709019         616       10000     2.19855
143.04  0.00699105         595       10000     2.20375
145.04  0.00689465         552       10000     2.21497
147.04  0.00680087         585       10000     2.21077
149.04  0.00670961         606       10000     2.22029
151.04  0.00662076         597       10000     2.20375
161.04  0.00620964         601       10000     2.20542
171.04  0.00584659         629       10000     2.21864
181.04  0.00552364         564       10000     2.20197
191.04  0.00523451         545       10000     2.20912
201.04  0.00497413         550       10000     2.20969
211.04  0.00473844         545       10000     2.21492
221.04  0.00452407         560       10000     2.20375
231.04  0.00432825         505       10000     2.20392
241.04  0.00414869         513       10000     2.20392
251.04  0.00398343         453       10000     2.19855
261.04  0.00383083         484       10000     2.19855
271.04  0.00368949         442       10000     2.20735
281.04  0.00355821         444       10000     2.19855
291.04  0.00343595         461       10000     2.20392
301.04  0.00332182         430       10000     2.19855
311.04  0.00321502         443       10000     2.20375
321.04  0.00311488         477       10000     2.20364
331.04  0.00302078         455       10000     2.19855
341.04  0.00293221         438       10000     2.20364
351.04  0.00284868         410       10000     2.20375
361.04  0.00276978         433       10000     2.20033
371.04  0.00269513         434       10000     2.20364
381.04   0.0026244         410       10000     2.20197
391.04  0.00255728         404       10000      2.2075
401.04  0.00249352         419       10000     2.21077
411.04  0.00243285         419       10000     2.19855
421.04  0.00237507         392       10000     2.20033
431.04  0.00231997         400       10000     2.19855
441.04  0.00226737         413       10000     2.20375
451.04   0.0022171         400       10000     2.20375
461.04  0.00216901         436       10000     2.20033
471.04  0.00212296         405       10000     2.20033
481.04  0.00207883         406       10000     2.19855
491.04  0.00203649         391       10000     2.20033
501.04  0.00199585         402       10000     2.19855
511.04  0.00195679         362       10000     2.19855
521.04  0.00191924         404       10000     2.20197
531.04   0.0018831         361       10000     2.19855
541.04  0.00184829         414       10000     2.19855
551.04  0.00181475         360       10000     2.20033
561.04   0.0017824         379       10000     2.20033
571.04  0.00175119         382       10000     2.20197
581.04  0.00172105         358       10000     2.20542
591.04  0.00169193         363       10000     2.19855
601.04  0.00166378         395       10000     2.20364
611.04  0.00163655         406       10000     2.19855
621.04   0.0016102         372       10000     2.19855
631.04  0.00158469         383       10000     2.19855
641.04  0.00155997         353       10000     2.20364
651.04    0.001536         400       10000     2.19855
661.04  0.00151277         368       10000     2.19855
671.04  0.00149022         355       10000     2.19855
681.04  0.00146834         356       10000     2.19855
691.04  0.00144709         342       10000     2.19855
701.04  0.00142645         348       10000     2.19855
711.04  0.00140639         371       10000     2.20033
721.04  0.00138689         360       10000     2.19855
731.04  0.00136791         356       10000     2.19855
741.04  0.00134945         362       10000     2.19855
751.04  0.00133149         341       10000     2.19855
761.04  0.00131399         340       10000     2.20033
771.04  0.00129695         381       10000     2.19855
781.04  0.00128034         362       10000     2.19855
791.04  0.00126416         369       10000     2.19855
801.04  0.00124838         382       10000      2.2075
811.04  0.00123298         362       10000     2.19855
821.04  0.00121797         358       10000     2.19855
831.04  0.00120331         326       10000     2.19855
841.04    0.001189         338       10000     2.20033
851.04  0.00117503         368       10000     2.20392
861.04  0.00116139         332       10000     2.20197
871.04  0.00114805         353       10000     2.20197
881.04  0.00113502         369       10000     2.20033
891.04  0.00112228         363       10000     2.20033
901.04  0.00110983         331       10000     2.19855
