0.05          20         949        1000     42.8543
0.06     16.6667         948        1000     32.4374
0.07     14.2857         930        1000     49.5545
0.08        12.5         929        1000     48.0472
0.09     11.1111         926        1000     36.1416
0.1          10         918        1000     40.1606
0.11     9.09091         895        1000     32.2731
0.12     8.33333         905        1000     40.9093
0.13     7.69231         900        1000     33.8124
0.14     7.14286         876        1000     40.5309
0.15     6.66667         855        1000     48.9441
0.16        6.25         863        1000     38.8559
0.17     5.88235         853        1000     47.8666
0.18     5.55556         850        1000     44.8893
0.19     5.26316         835        1000     30.8919
0.2           5         783        1000     42.2646
0.21      4.7619         800        1000     41.2512
0.22     4.54545         814        1000     34.9586
0.23     4.34783         781        1000     50.7811
0.24     4.16667         774        1000     35.1104
0.25           4         790        1000     30.3318
0.26     3.84615         790        1000      38.438
0.27      3.7037         783        1000     26.9575
0.28     3.57143         771        1000     47.1327
0.29     3.44828         727        1000     36.4343
0.3     3.33333         756        1000     42.7513
0.31     3.22581         730        1000     40.4812
0.32       3.125         724        1000     33.2868
0.33      3.0303         721        1000       38.08
0.34     2.94118         704        1000     43.6307
0.35     2.85714         735        1000     35.6468
0.36     2.77778         705        1000     33.9303
0.37      2.7027         647        1000     39.5541
0.38     2.63158         726        1000     36.6344
0.39      2.5641         663        1000     45.3568
0.4         2.5         683        1000      29.984
0.41     2.43902         663        1000     35.6198
0.42     2.38095         666        1000     31.0281
0.43     2.32558         647        1000     32.8523
0.44     2.27273         636        1000     34.0904
0.45     2.22222         602        1000     33.6493
0.46     2.17391         585        1000     28.9075
0.47     2.12766         640        1000      34.912
0.48     2.08333         642        1000     34.2506
0.49     2.04082         629        1000     33.2876
0.5           2         602        1000     34.6531
0.51     1.96078         545        1000      31.658
0.52     1.92308         590        1000     27.3084
0.53     1.88679         608        1000     30.6217
0.54     1.85185         619        1000     31.6848
0.55     1.81818         573        1000     32.8191
0.56     1.78571         551        1000     24.2928
0.57     1.75439         561        1000     25.6292
0.58     1.72414         548        1000     39.8239
0.59     1.69492         575        1000      33.038
0.6     1.66667         540        1000       12.93
0.61     1.63934         524        1000     25.6891
0.62      1.6129         518        1000     24.1868
0.63      1.5873         522        1000     20.5494
0.64      1.5625         520        1000     24.7505
0.65     1.53846         494        1000     28.8648
0.66     1.51515         524        1000     33.2395
0.67     1.49254         513        1000     21.2483
0.68     1.47059         504        1000     22.0475
0.69     1.44928         503        1000     31.0614
0.7     1.42857         479        1000     29.8419
0.71     1.40845         510        1000     26.8139
0.72     1.38889         531        1000     23.7001
0.73     1.36986         475        1000     24.4327
0.74     1.35135         447        1000     22.1727
0.75     1.33333         482        1000      29.858
0.76     1.31579         496        1000     25.9671
0.77      1.2987         464        1000     30.5577
0.78     1.28205         442        1000     25.3175
0.79     1.26582         443        1000     20.3885
0.8        1.25         472        1000     25.9456
0.81     1.23457         466        1000     23.5544
0.82     1.21951         465        1000     27.8274
0.83     1.20482         446        1000      25.657
0.84     1.19048         441        1000      35.529
0.85     1.17647         429        1000     19.9701
0.86     1.16279         406        1000     30.4596
0.87     1.14943         425        1000     22.9687
0.88     1.13636         439        1000     26.8827
0.89      1.1236         436        1000     18.9287
0.9     1.11111         383        1000     19.8274
0.91      1.0989         404        1000     19.6376
0.92     1.08696         439        1000     24.0966
0.93     1.07527         376        1000     31.8751
0.94     1.06383         398        1000     24.3037
0.95     1.05263         430        1000     26.2966
0.96     1.04167         389        1000     29.1817
0.97     1.03093         445        1000     26.5702
0.98     1.02041         363        1000     27.3831
0.99      1.0101         417        1000     22.6634
1           1         383        1000     23.6714
1.01    0.990099         374        1000     20.3995
1.02    0.980392         392        1000     22.0863
1.03    0.970874         379        1000     27.9383
1.04    0.961538         410        1000     24.0753
3.04    0.328947        1837       10000     8.96645
5.04    0.198413        1413       10000       7.714
7.04    0.142045        1357       10000     4.86512
9.04    0.110619        1045       10000     5.74542
11.04   0.0905797        1028       10000     4.52181
13.04   0.0766871         952       10000     4.48607
15.04   0.0664894         872       10000     4.21772
17.04   0.0586854         855       10000     4.23647
19.04    0.052521         748       10000     4.25759
21.04   0.0475285         726       10000     4.22013
23.04   0.0434028         712       10000     4.22047
25.04   0.0399361         699       10000     4.09525
27.04   0.0369822         758       10000     4.16285
29.04   0.0344353         680       10000       4.043
31.04   0.0322165         665       10000     4.10427
33.04   0.0302663         662       10000     4.08238
35.04   0.0285388         667       10000     4.13614
37.04   0.0269978         662       10000     4.11286
39.04   0.0256148         648       10000     4.07498
41.04   0.0243665         656       10000     4.16468
43.04   0.0232342         622       10000     4.07902
45.04   0.0222025         708       10000     4.05659
47.04   0.0212585         611       10000     4.09508
49.04   0.0203915         552       10000     4.03547
51.04   0.0195925         602       10000     4.07855
53.04   0.0188537         620       10000     4.07102
55.04   0.0181686         582       10000     4.05659
57.04   0.0175316         560       10000     4.06982
59.04   0.0169377         551       10000     4.05386
61.04   0.0163827         572       10000     4.09066
63.04   0.0158629         586       10000     4.04484
65.04   0.0153752         550       10000     4.05511
67.04   0.0149165         581       10000     4.03547
69.04   0.0144844         541       10000     4.03547
71.04   0.0140766         498       10000      4.0669
73.04   0.0136911         525       10000     4.04484
75.04   0.0133262         523       10000     4.03547
77.04   0.0129803         541       10000     4.09025
79.04   0.0126518         527       10000     4.03363
81.04   0.0123396         535       10000     4.05202
83.04   0.0120424         502       10000     4.05659
85.04   0.0117592         473       10000     4.09323
87.04    0.011489         482       10000     4.03363
89.04   0.0112309         549       10000     4.04484
91.04   0.0109842         493       10000     4.06673
93.04   0.0107481         477       10000     4.05695
95.04   0.0105219         512       10000     4.03547
97.04    0.010305         458       10000     4.06673
99.04   0.0100969         502       10000     4.03547
101.04  0.00989707         512       10000     4.03363
103.04  0.00970497         463       10000     4.06506
105.04  0.00952018         485       10000     4.05202
107.04   0.0093423         462       10000     4.05511
109.04  0.00917095         451       10000     4.07498
111.04  0.00900576         477       10000     4.06673
113.04  0.00884643         504       10000     4.05202
115.04  0.00869263         529       10000     4.04484
117.04  0.00854409         484       10000     4.03363
119.04  0.00840054         478       10000       4.043
121.04  0.00826173         457       10000     4.03363
123.04  0.00812744         429       10000     4.03547
125.04  0.00799744         453       10000     4.03363
127.04  0.00787154         487       10000     4.03547
129.04  0.00774954         418       10000      4.0557
131.04  0.00763126         477       10000     4.04834
133.04  0.00751654         459       10000     4.04484
135.04  0.00740521         461       10000     4.03547
137.04  0.00729714         404       10000     4.03363
139.04  0.00719217         445       10000     4.03363
141.04  0.00709019         431       10000     4.03547
143.04  0.00699105         441       10000     4.03547
145.04  0.00689465         396       10000       4.043
147.04  0.00680087         416       10000       4.043
149.04  0.00670961         445       10000     4.03363
151.04  0.00662076         429       10000     4.03547
161.04  0.00620964         441       10000     4.03363
171.04  0.00584659         452       10000     4.03547
181.04  0.00552364         411       10000       4.043
191.04  0.00523451         421       10000     4.03547
201.04  0.00497413         434       10000     4.03363
211.04  0.00473844         396       10000     4.04484
221.04  0.00452407         425       10000     4.03363
231.04  0.00432825         402       10000       4.043
241.04  0.00414869         399       10000     4.03363
251.04  0.00398343         352       10000     4.03547
261.04  0.00383083         395       10000     4.03363
271.04  0.00368949         381       10000     4.03363
281.04  0.00355821         379       10000     4.03363
291.04  0.00343595         372       10000     4.03363
301.04  0.00332182         341       10000     4.03547
311.04  0.00321502         363       10000     4.03547
321.04  0.00311488         383       10000     4.03547
331.04  0.00302078         373       10000     4.03547
341.04  0.00293221         358       10000     4.03363
351.04  0.00284868         344       10000     4.03363
361.04  0.00276978         371       10000     4.03363
371.04  0.00269513         387       10000     4.03547
381.04   0.0026244         353       10000     4.03363
391.04  0.00255728         351       10000     4.03363
401.04  0.00249352         318       10000     4.03547
411.04  0.00243285         369       10000     4.03547
421.04  0.00237507         365       10000     4.03547
431.04  0.00231997         335       10000     4.03547
441.04  0.00226737         366       10000     4.03363
451.04   0.0022171         356       10000     4.03363
461.04  0.00216901         393       10000     4.03363
471.04  0.00212296         369       10000     4.03363
481.04  0.00207883         354       10000       4.043
491.04  0.00203649         359       10000     4.03363
501.04  0.00199585         362       10000     4.03547
511.04  0.00195679         329       10000     4.03363
521.04  0.00191924         344       10000     4.03547
531.04   0.0018831         339       10000     4.03363
541.04  0.00184829         376       10000     4.03363
551.04  0.00181475         333       10000     4.03363
561.04   0.0017824         343       10000     4.03363
571.04  0.00175119         351       10000     4.03547
581.04  0.00172105         336       10000     4.03363
591.04  0.00169193         334       10000     4.03547
601.04  0.00166378         345       10000     4.03363
611.04  0.00163655         378       10000     4.03547
621.04   0.0016102         335       10000     4.03363
631.04  0.00158469         369       10000     4.03363
641.04  0.00155997         339       10000     4.03547
651.04    0.001536         386       10000     4.03363
661.04  0.00151277         355       10000     4.03547
671.04  0.00149022         332       10000     4.03363
681.04  0.00146834         336       10000     4.03363
691.04  0.00144709         347       10000     4.03547
701.04  0.00142645         343       10000     4.03363
711.04  0.00140639         356       10000     4.03363
721.04  0.00138689         329       10000     4.03363
731.04  0.00136791         324       10000     4.03363
741.04  0.00134945         358       10000     4.03363
751.04  0.00133149         333       10000     4.03363
761.04  0.00131399         337       10000     4.03363
771.04  0.00129695         366       10000     4.03363
781.04  0.00128034         370       10000     4.03363
791.04  0.00126416         351       10000     4.03363
801.04  0.00124838         383       10000     4.03547
811.04  0.00123298         357       10000     4.03363
821.04  0.00121797         362       10000     4.03363
831.04  0.00120331         315       10000     4.03547
841.04    0.001189         342       10000     4.03363
851.04  0.00117503         366       10000     4.03363
861.04  0.00116139         328       10000     4.03363
871.04  0.00114805         341       10000     4.03363
881.04  0.00113502         365       10000     4.03363
891.04  0.00112228         359       10000     4.03363
901.04  0.00110983         326       10000     4.03363
