-7.84084     1.19039    -6.65046    0.793591     3.19295
-7.80504      1.1575    -6.64754    0.771664     3.36712
-7.73227     1.10253    -6.62974    0.735023     3.68664
-7.6466     1.02723    -6.61937    0.684817     4.09234
-7.54361    0.934275    -6.60933     0.62285     4.58386
-7.42712    0.827831    -6.59929    0.551887     5.13934
-7.30675     0.71361    -6.59314     0.47574     5.72074
-7.18833    0.598761    -6.58957    0.399174      6.2952
-7.0787    0.491401     -6.5873      0.3276      6.8263
-6.98526    0.399585    -6.58567     0.26639     7.27738
-6.91274    0.329985    -6.58276     0.21999     7.62165
-6.86841    0.286625    -6.58179    0.191083     7.83365
-6.85064    0.270145    -6.58049    0.180096     7.91563
-6.85677    0.277891    -6.57888    0.185261     7.88019
-6.88428    0.304751    -6.57953    0.203167     7.74579
-6.92422    0.344361    -6.57986    0.229574     7.54827
-6.96986    0.390328    -6.57954    0.260219     7.31911
-7.015    0.437082    -6.57792    0.291388     7.08704
-7.05891    0.480344    -6.57857    0.320229     6.86581
-7.09581     0.51724    -6.57857    0.344826     6.67671
-7.12285    0.546219    -6.57663    0.364146     6.53116
-7.14314    0.566841     -6.5763    0.377894      6.4245
-7.15875    0.579531    -6.57922    0.386354     6.35185
-7.16549      0.5853    -6.58019      0.3902      6.3199
-7.16547    0.585613    -6.57986    0.390409     6.32024
-7.16036    0.582118    -6.57824    0.388079     6.34461
-7.15442    0.576501    -6.57792    0.384334     6.37863
-7.14926    0.570371    -6.57889    0.380247     6.41384
-7.14633    0.565175    -6.58115    0.376784     6.44265
-7.14446    0.562009    -6.58245    0.374673      6.4639
-7.14566    0.561593    -6.58407    0.374395     6.47054
-7.14768    0.564255    -6.58342     0.37617     6.46593
-7.15336    0.569938    -6.58342    0.379959     6.44344
-7.16044    0.578313    -6.58213    0.385542     6.40863
-7.16922    0.588709    -6.58051    0.392473     6.36216
-7.18091    0.600405    -6.58051     0.40027     6.30326
-7.19349    0.612652    -6.58083    0.408435     6.23857
-7.20624    0.624758    -6.58148    0.416505     6.17184
-7.21665    0.636136    -6.58051     0.42409     6.11077
-7.22614    0.646278    -6.57986    0.430852     6.05421
-7.23567    0.654835    -6.58083    0.436557     6.00188
-7.24231    0.661476    -6.58083    0.440984      5.9617
-7.24835    0.665893    -6.58245    0.443929     5.92997
-7.25323    0.667863    -6.58537    0.445242     5.90897
-7.25253    0.667157    -6.58537    0.444771     5.90916
-7.24934    0.663648    -6.58569    0.442432     5.92413
-7.24269    0.657322    -6.58537    0.438215     5.95573
-7.23384    0.648469    -6.58537    0.432313     6.00013
-7.22376    0.637748    -6.58602    0.425166     6.05313
-7.21283    0.626171    -6.58666    0.417447     6.11099
-7.20105     0.61503    -6.58602     0.41002     6.17004
-7.18912    0.605698    -6.58342    0.403799     6.22478
-7.18319    0.599443    -6.58375    0.399628      6.2582
-7.17972    0.597264    -6.58245    0.398176     6.27528
-7.18405    0.599652     -6.5844    0.399768     6.26293
-7.19217    0.606478    -6.58569    0.404319     6.23005
-7.20495     0.61699    -6.58796    0.411326     6.17638
-7.2151    0.630058    -6.58504    0.420039     6.12076
-7.23027    0.644248    -6.58602    0.429499     6.05031
-7.24441    0.658069    -6.58634    0.438713      5.9822
-7.25616    0.670137    -6.58602    0.446758     5.92324
-7.26702    0.679387    -6.58764    0.452924     5.87333
-7.27044     0.68507    -6.58537    0.456714      5.8492
-7.27122    0.686816     -6.5844    0.457878     5.84174
-7.26866    0.684587    -6.58408    0.456391     5.85275
-7.2651    0.678754    -6.58634    0.452503     5.87652
-7.25503     0.66999    -6.58505     0.44666     5.92339
-7.24298    0.659229    -6.58375    0.439486     5.98125
-7.2309    0.647473    -6.58343    0.431649     6.04316
-7.21778    0.635654    -6.58213    0.423769     6.10876
-7.20786    0.624439    -6.58342    0.416293     6.16669
-7.19595    0.614147    -6.58181    0.409431      6.2268
-7.18665    0.604845    -6.58181     0.40323     6.27827
-7.17921    0.596432    -6.58278    0.397621     6.32222
-7.17166    0.588881    -6.58278    0.392587     6.36236
-7.16389    0.582404    -6.58148    0.388269     6.39801
-7.15898    0.577498    -6.58148    0.384999      6.4211
-7.15568    0.574844    -6.58083    0.383229     6.43291
-7.15587    0.575035    -6.58083    0.383357     6.42832
-7.16065    0.578192    -6.58245    0.385461     6.40499
-7.16592    0.583787    -6.58213    0.389191     6.37342
-7.17281    0.590677    -6.58213    0.393785     6.33395
-7.18226    0.597538    -6.58472    0.398359     6.28775
-7.18588    0.603419    -6.58246    0.402279     6.25569
-7.19207    0.607993    -6.58408    0.405329     6.22076
-7.19588    0.611483     -6.5844    0.407655     6.19386
-7.19781    0.614379    -6.58343    0.409586     6.17338
-7.20085    0.617098    -6.58375    0.411398     6.15241
-7.2044    0.619679    -6.58472    0.413119     6.13252
-7.20462    0.621834    -6.58278    0.414556     6.12309
-7.20739    0.622985     -6.5844    0.415323     6.11256
-7.20634    0.622584    -6.58376    0.415056     6.11605
-7.20372    0.620288    -6.58343    0.413526     6.12934
-7.19721    0.616042    -6.58117    0.410694     6.15743
-7.19261    0.610147    -6.58246    0.406765     6.18695
-7.18521     0.60307    -6.58214    0.402046     6.22696
-7.17619    0.595352    -6.58084    0.396901      6.2734
-7.1709    0.587464    -6.58343    0.391643     6.31309
-7.16234    0.579884    -6.58246    0.386589     6.35977
-7.15776    0.573032    -6.58473    0.382022      6.3963
-7.13881     1.18468    -5.95412    0.789789     6.95379
-7.10917     1.15634    -5.95283    0.770894     7.10719
-7.07016     1.11766     -5.9525    0.745106     7.30861
-7.02234     1.07179    -5.95056    0.714525     7.54797
-6.97105     1.02244    -5.94861    0.681624     7.80328
-6.92054    0.973547    -5.94699    0.649031     8.05453
-6.87435    0.928655     -5.9457    0.619103     8.28419
-6.83624    0.890543     -5.9457    0.593695     8.47637
-6.80853    0.860892    -5.94764    0.573928     8.62099
-6.78701     0.84034    -5.94667    0.560227     8.72496
-6.77383    0.828779    -5.94505     0.55252     8.78355
-6.77191    0.825562    -5.94634    0.550375     8.79217
-6.7776    0.829634    -5.94796    0.553089       8.762
-6.78493    0.839552    -5.94537    0.559701     8.71055
-6.80046    0.853467    -5.94699    0.568978     8.62892
-6.81662    0.869302    -5.94732    0.579534     8.53955
-6.83398    0.885047    -5.94894    0.590031     8.44703
-6.84825    0.898992    -5.94926    0.599328     8.36591
-6.85904    0.909779    -5.94926    0.606519     8.30101
-6.86617    0.916582    -5.94959    0.611055      8.2553
-6.87008      0.9192    -5.95088      0.6128     8.22885
-6.86789    0.917979    -5.94991    0.611986     8.22733
-6.86546     0.91393    -5.95153    0.609286     8.23576
-6.85874    0.908508    -5.95023    0.605672     8.25945
-6.8549    0.903372    -5.95152    0.602248     8.27858
-6.84973    0.900146    -5.94958    0.600097     8.29831
-6.8505    0.899947    -5.95055    0.599965      8.2997
-6.8535    0.903277    -5.95023    0.602185     8.28912
-6.85856    0.909957    -5.94861    0.606638     8.26678
-6.86807    0.919134    -5.94893    0.612756     8.22885
-6.87803    0.929417    -5.94861    0.619611     8.18665
-6.88682     0.93918    -5.94764     0.62612     8.14701
-6.89598    0.947044    -5.94893    0.631363     8.10935
-6.90067    0.952386    -5.94829    0.634924     8.08546
-6.90457     0.95564    -5.94893    0.637093     8.06661
-6.90738     0.95812    -5.94926    0.638747     8.05105
-6.90944    0.961483    -5.94796    0.640989     8.03485
-6.91339    0.967054    -5.94634    0.644702     8.00994
-6.92342    0.975138    -5.94828    0.650092     7.96696
-6.93306    0.984778    -5.94828    0.656519     7.92246
-6.9422     0.99391    -5.94829    0.662607     7.88146
-6.94866     1.00005    -5.94861    0.666697     7.85432
-6.94996     1.00102    -5.94894     0.66735     7.85127
-6.94464     0.99571    -5.94893    0.663807     7.87809
-6.93387    0.984292    -5.94958    0.656195     7.93185
-6.91771    0.968126    -5.94958    0.645417     8.00917
-6.89964     0.94941    -5.95023     0.63294     8.09734
-6.88011    0.930537    -5.94958    0.620358     8.18986
-6.86201      0.9134    -5.94861    0.608934     8.27592
-6.84703    0.899073    -5.94796    0.599382     8.34908
-6.83463    0.887646    -5.94699    0.591764     8.40982
-6.82454    0.878524    -5.94601    0.585682     8.45949
-6.81567    0.870952    -5.94472    0.580635     8.50181
-6.80942    0.864373    -5.94504    0.576249     8.53487
-6.80179     0.85869     -5.9431     0.57246     8.56753
-6.79713    0.854356    -5.94278    0.569571     8.58938
-6.7931    0.852266    -5.94083    0.568177     8.60367
-6.7939     0.85339    -5.94051    0.568927     8.59906
-6.79894    0.858431    -5.94051    0.572287     8.57506
-6.80922    0.867742    -5.94148    0.578495     8.52869
-6.82393    0.881154    -5.94277    0.587436     8.46192
-6.83933    0.898174    -5.94116    0.598783     8.38394
-6.86084    0.918065    -5.94278    0.612043     8.28477
-6.88292    0.939821     -5.9431    0.626547     8.17882
-6.90538    0.962282     -5.9431    0.641522     8.06935
-6.92796    0.984215    -5.94375    0.656143     7.96004
-6.94857     1.00449    -5.94407    0.669662      7.8585
-6.96628      1.0222    -5.94408    0.681467     7.76922
-6.98053     1.03678    -5.94375    0.691186     7.69513
-6.9918     1.04805    -5.94375    0.698702     7.63609
-7.00022     1.05615    -5.94407    0.704098     7.59204
-7.01053     1.06128    -5.94925     0.70752     7.55244
-7.01268     1.06375    -5.94893    0.709164       7.539
-7.01198      1.0637    -5.94828    0.709132     7.53991
-7.00813     1.06114    -5.94699    0.707429     7.55583
-7.00457     1.05596    -5.94861    0.703973     7.57949
-6.9961     1.04782    -5.94829    0.698546     7.62272
-6.98482     1.03622    -5.94861    0.690811     7.68176
-6.97016     1.02058    -5.94958    0.680387     7.75864
-6.95104     1.00048    -5.95055    0.666989     7.85608
-6.92841    0.975912     -5.9525    0.650608     7.97122
-6.90111    0.947641    -5.95347    0.631761     8.10427
-6.86917    0.917323    -5.95185    0.611548     8.25091
-6.83733     0.88743     -5.9499     0.59162     8.39505
-6.81121    0.860665    -5.95055    0.573776       8.518
-6.78999    0.839444    -5.95055    0.559629     8.61612
-6.77375    0.825143    -5.94861    0.550096     8.68625
-6.76602    0.817737    -5.94828    0.545158     8.72078
-6.76563     0.81605    -5.94958    0.544033       8.725
-6.76932    0.818442    -5.95088    0.545628     8.70994
-6.77443    0.823551    -5.95088    0.549034     8.68498
-6.78085    0.830618    -5.95023    0.553745     8.65278
-6.79059    0.839394     -5.9512    0.559596      8.6103
-6.80095    0.849749     -5.9512    0.566499     8.56445
-6.81251    0.861316     -5.9512     0.57421     8.51495
-6.82501    0.873492    -5.95152    0.582328     8.46362
-6.8371     0.88558    -5.95152    0.590387     8.41462
-6.84815    0.896947     -5.9512    0.597965      8.3703
-6.85865    0.907125    -5.95152     0.60475     8.32993
-6.86717     0.91597     -5.9512    0.610647      8.2961
-6.87073     1.20388    -5.66685    0.802589     8.48974
-6.86661     1.20074    -5.66588    0.800491     8.51184
-6.85786     1.19263    -5.66523     0.79509     8.55512
-6.84718     1.18261    -5.66458    0.788404     8.60601
-6.83861     1.17371     -5.6649    0.782474     8.64805
-6.8328     1.16855    -5.66425    0.779032     8.67347
-6.83331     1.16874    -5.66457    0.779158     8.67064
-6.8409     1.17471    -5.66619     0.78314     8.63737
-6.85151     1.18531     -5.6662    0.790209     8.58525
-6.86323     1.19833     -5.6649    0.798885     8.52416
-6.87635      1.2108    -5.66555    0.807197     8.46098
-6.88353     1.21959    -5.66394    0.813061     8.41946
-6.88646      1.2222    -5.66426    0.814801     8.40236
-6.88197     1.21707    -5.66491    0.811379     8.42061
-6.86852     1.20394    -5.66458    0.802628     8.47879
-6.8491     1.18355    -5.66555    0.789032     8.56895
-6.82452     1.15735    -5.66717    0.771569     8.68596
-6.79237     1.12715    -5.66522    0.751432     8.83045
-6.7589     1.09498    -5.66393    0.729985     8.98348
-6.72561     1.06298    -5.66263    0.708653     9.13606
-6.69611     1.03348    -5.66263    0.688983     9.27443
-6.67099     1.00868    -5.66231    0.672455     9.39148
-6.65351    0.990556    -5.66295     0.66037     9.47526
-6.64427    0.980341    -5.66393     0.65356     9.52126
-6.64092    0.978292    -5.66263    0.652195     9.53393
-6.64679    0.983508    -5.66328    0.655672       9.508
-6.65726    0.994301    -5.66295    0.662867     9.45725
-6.67279     1.00886    -5.66393    0.672575     9.38486
-6.69015      1.0259    -5.66425    0.683933     9.30128
-6.70899     1.04474    -5.66425    0.696492     9.20948
-6.72803     1.06507    -5.66296    0.710048      9.1139
-6.75067     1.08642    -5.66425    0.724282     9.00922
-6.77149     1.10756    -5.66393    0.738371      8.9106
-6.79147     1.12657     -5.6649    0.751047     8.82036
-6.80789     1.14136    -5.66652    0.760909     8.74949
-6.81211     1.15012    -5.66199    0.766744     8.72092
-6.81508      1.1518    -5.66329    0.767866     8.71326
-6.80917     1.14621    -5.66296    0.764138     8.74358
-6.79591     1.13392    -5.66199    0.755945     8.80709
-6.7786     1.11597    -5.66264    0.743977     8.89363
-6.75611      1.0938    -5.66231      0.7292     9.00159
-6.73257     1.06929    -5.66328    0.712857     9.11674
-6.70878     1.04485    -5.66393    0.696568     9.23094
-6.6867     1.02342    -5.66328    0.682277     9.33247
-6.67106      1.0081    -5.66295    0.672069     9.40336
-6.66455      1.0016    -5.66295    0.667733     9.43148
-6.66898     1.00538     -5.6636    0.670252      9.4096
-6.68352     1.01927    -5.66425    0.679513     9.34005
-6.7049     1.04162    -5.66328    0.694413     9.23424
-6.73484     1.06961    -5.66522    0.713075     9.09544
-6.7644     1.09982    -5.66458    0.733215     8.95164
-6.7939     1.12868    -5.66523    0.752451     8.81112
-6.8175     1.15291    -5.66458     0.76861     8.69495
-6.83544     1.16988    -5.66556    0.779921     8.60928
-6.84281     1.17791    -5.66491    0.785271     8.56916
-6.84038     1.17644    -5.66394    0.784297     8.57446
-6.8297     1.16609    -5.66361    0.777394     8.62033
-6.81148     1.14852    -5.66296    0.765677     8.70119
-6.79012     1.12619    -5.66393    0.750792      8.8014
-6.76719     1.10196    -5.66523    0.734643      8.9105
-6.74199      1.0787    -5.66328    0.719134     9.02305
-6.72208      1.0588    -5.66328    0.705868     9.11652
-6.70759     1.04398    -5.66361    0.695989     9.18624
-6.69789     1.03526    -5.66264    0.690173      9.2307
-6.69476     1.03309    -5.66166    0.688729     9.24473
-6.69842      1.0374    -5.66102    0.691599     9.22772
-6.71     1.04769    -5.66231    0.698459     9.17834
-6.72857     1.06301    -5.66555    0.708676     9.10107
-6.7465     1.08191    -5.66458    0.721275     9.01634
-6.76792     1.10236    -5.66555     0.73491     8.92023
-6.78947     1.12198     -5.6675    0.747984     8.82598
-6.80749     1.13837    -5.66912    0.758914     8.74758
-6.8173     1.14947    -5.66782    0.766316     8.70043
-6.82059     1.15374    -5.66685    0.769157     8.68469
-6.81717     1.15032    -5.66685     0.76688     8.70281
-6.80511     1.13923    -5.66588    0.759488     8.75898
-6.7853     1.12137    -5.66394    0.747577     8.84884
-6.76093     1.09861    -5.66231    0.732409     8.96074
-6.738     1.07374    -5.66426    0.715828     9.07474
-6.71472     1.05014    -5.66458    0.700095     9.18667
-6.69676     1.03121    -5.66555    0.687473     9.27629
-6.68441     1.01951     -5.6649    0.679673     9.33695
-6.68031     1.01606    -5.66425    0.677371     9.36026
-6.68433     1.02007    -5.66426    0.680048      9.3478
-6.69332     1.02939    -5.66393    0.686258     9.31113
-6.70655       1.041    -5.66555    0.693997     9.25846
-6.71587     1.05193    -5.66394    0.701285     9.21448
-6.72598     1.05977    -5.66621    0.706513     9.17464
-6.72964     1.06311    -5.66653    0.708741      9.1583
-6.72795     1.06174    -5.66621    0.707829     9.16407
-6.7228      1.0566     -5.6662    0.704397     9.18604
-6.7164     1.04955    -5.66685    0.699702     9.21539
-6.71179       1.043    -5.66879    0.695333     9.24028
-6.70836     1.03924    -5.66911    0.692829      9.2569
-6.70869      1.0399    -5.66879    0.693265     9.25588
-6.71199     1.04547    -5.66653    0.696979     9.23731
-6.72058     1.05535    -5.66523    0.703568     9.19693
-6.735     1.06815    -5.66685    0.712097     9.13611
-6.74899     1.08214    -5.66685    0.721424     9.07179
-6.7634      1.0959     -5.6675    0.730601     9.00513
-6.77494     1.21009    -5.56484     0.80673     9.02157
-6.78122     1.21735    -5.56387    0.811569     8.98612
-6.78403     1.22178    -5.56225    0.814521     8.96507
-6.78543     1.22383     -5.5616    0.815886     8.95332
-6.78502     1.22342     -5.5616    0.815615     8.95218
-6.78006     1.22007    -5.55998    0.813383     8.96878
-6.77339     1.21341    -5.55998    0.808938     8.99735
-6.76446     1.20383    -5.56063    0.802553     9.03809
-6.75193      1.1926    -5.55933    0.795066     9.09128
-6.73836     1.18129    -5.55707    0.787528      9.1481
-6.72943     1.17107    -5.55836    0.780714     9.19356
-6.71874     1.16232    -5.55642     0.77488     9.24087
-6.70988     1.15442    -5.55545    0.769616     9.28322
-6.69909     1.14623    -5.55286    0.764154     9.33072
-6.69261     1.13683    -5.55578    0.757886     9.37134
-6.68388     1.12616    -5.55772    0.750772     9.41908
-6.67424     1.11522    -5.55902    0.743481     9.46865
-6.66466     1.10564    -5.55902    0.737096     9.51424
-6.65847     1.09881    -5.55966    0.732541     9.54545
-6.65352     1.09515    -5.55837    0.730101     9.56594
-6.6541     1.09412    -5.55999     0.72941     9.56715
-6.65693       1.095    -5.56193    0.729998     9.55756
-6.65927     1.09767    -5.56161    0.731777     9.54333
-6.66234     1.10267    -5.55966    0.735116     9.52094
-6.66869     1.11064    -5.55804     0.74043     9.48396
-6.68017     1.12148    -5.55869    0.747652     9.42879
-6.69391     1.13424    -5.55966    0.756161     9.36403
-6.70834     1.14738    -5.56096    0.764921     9.29655
-6.72032     1.15936    -5.56096    0.772903      9.2369
-6.7307     1.16908    -5.56161    0.779388     9.18611
-6.7376     1.17598    -5.56161    0.783988     9.15029
-6.74063     1.17967    -5.56097    0.786444      9.1316
-6.74106     1.17977    -5.56129    0.786513     9.12835
-6.73885     1.17594    -5.56291    0.783962     9.14147
-6.73195     1.16807    -5.56388    0.778711     9.17573
-6.72096     1.15643    -5.56453    0.770951     9.22857
-6.70713     1.14228    -5.56485    0.761517     9.29384
-6.69153     1.12798    -5.56355    0.751987     9.36336
-6.68091     1.11671     -5.5642    0.744471     9.41489
-6.67548     1.11161    -5.56388    0.741071     9.44055
-6.67734     1.11476    -5.56258    0.743174     9.43086
-6.68738     1.12642    -5.56096    0.750945     9.38307
-6.70713     1.14487    -5.56226    0.763249     9.29737
-6.72644     1.16709    -5.55935    0.778059     9.20275
-6.74849     1.18946    -5.55903    0.792975     9.10054
-6.7674      1.2087     -5.5587    0.805798     9.01169
-6.78256     1.22224    -5.56032    0.814829     8.94401
-6.78993     1.22864    -5.56129    0.819091     8.91036
-6.78802      1.2277    -5.56032     0.81847     8.91505
-6.7802     1.22053    -5.55967    0.813687     8.94903
-6.76707     1.20902    -5.55805    0.806015     9.00716
-6.75137     1.19526    -5.55611    0.796841     9.07899
-6.73846     1.18073    -5.55772    0.787155     9.14909
-6.72378     1.16605    -5.55772     0.77737     9.22546
-6.70975     1.15105     -5.5587    0.767368      9.3025
-6.69354     1.13516    -5.55838    0.756773     9.38678
-6.67642     1.11805    -5.55837    0.745365     9.47538
-6.66069     1.10005    -5.56064    0.733367       9.562
-6.64255     1.08224    -5.56031    0.721491     9.65199
-6.6273     1.06634    -5.56096    0.710892     9.72973
-6.61425     1.05426    -5.55999    0.702841     9.79221
-6.60686     1.04752    -5.55934    0.698348     9.82835
-6.60626     1.04659    -5.55967    0.697728     9.83432
-6.61006     1.05072    -5.55934    0.700477     9.81658
-6.61665     1.05828    -5.55838    0.705518     9.78168
-6.62644     1.06774     -5.5587    0.711824     9.73192
-6.63604     1.07831    -5.55773     0.71887     9.67648
-6.64949     1.09014    -5.55935    0.726762     9.60666
-6.66341     1.10406    -5.55935    0.736039     9.52888
-6.68115     1.12083    -5.56032    0.747223     9.43487
-6.70104     1.14072    -5.56032    0.760477     9.32883
-6.72374     1.16277    -5.56097    0.775177     9.21202
-6.74662       1.185    -5.56162    0.789998     9.09505
-6.7665      1.2052     -5.5613    0.803469     8.99023
-6.78591     1.22202    -5.56389    0.814682     8.89575
-6.80229     1.23549     -5.5668    0.823659     8.81832
-6.81269     1.24621    -5.56647    0.830809     8.76397
-6.82021     1.25438    -5.56583    0.836253     8.72615
-6.82407     1.25921    -5.56486    0.839477     8.70831
-6.82503     1.25952    -5.56551    0.839681     8.71143
-6.8187     1.25416    -5.56454    0.836109     8.74713
-6.80766     1.24248    -5.56518    0.828319      8.8106
-6.78763     1.22439    -5.56324    0.816261     8.91062
-6.76136     1.20038    -5.56097    0.800256     9.03918
-6.73222     1.17157    -5.56065    0.781047     9.18521
-6.7012     1.13991     -5.5613    0.759938     9.34122
-6.66844     1.10812    -5.56032    0.738748         9.5
-6.63935     1.07936       -5.56    0.719571     9.64192
-6.61768     1.05671    -5.56097    0.704472     9.75136
-6.60315      1.0425    -5.56064    0.695002     9.82323
-6.59772     1.03773       -5.56    0.691817     9.85062
-6.60348     1.04186    -5.56162    0.694575     9.82977
-6.61448     1.05319    -5.56129    0.702124     9.77739
-6.6302     1.06923    -5.56097    0.712817     9.70015
-6.64786     1.08753    -5.56033    0.725022     9.61028
-6.6679     1.10595    -5.56194    0.737302     9.51253
-6.68382     1.12285    -5.56097    0.748564     9.42563
-6.69855     1.13726     -5.5613    0.758172     9.34633
-6.71155     1.14896    -5.56259    0.765974     9.27741
-6.72026     1.15831    -5.56194    0.772208     9.22457
-6.7289     1.20535    -5.52355    0.803568     9.20864
-6.7301     1.20914    -5.52096    0.806096     9.18912
-6.73546     1.21192    -5.52354    0.807945     9.16457
-6.73881     1.21462    -5.52419    0.809748     9.14596
-6.74208     1.21821    -5.52387    0.812143     9.12649
-6.74717     1.22363    -5.52354    0.815752     9.09979
-6.75465     1.23143    -5.52322    0.820953     9.06343
-6.76429     1.24139     -5.5229    0.827593     9.01864
-6.77413     1.25221    -5.52193    0.834804     8.97253
-6.78066     1.26197    -5.51869    0.841315      8.9374
-6.78825     1.26859    -5.51966    0.845724     8.90876
-6.78655     1.27012    -5.51643    0.846747     8.91366
-6.78385     1.26516    -5.51869     0.84344     8.93745
-6.7725     1.25284    -5.51966    0.835226     8.99893
-6.75293     1.23294    -5.51999     0.82196     9.09726
-6.72687     1.20623    -5.52063    0.804155     9.22627
-6.69545     1.17482    -5.52063    0.783211     9.37833
-6.66219     1.14189     -5.5203     0.76126     9.53806
-6.63188     1.11125    -5.52062    0.740835     9.68627
-6.60886     1.08629    -5.52257    0.724195     9.80548
-6.59368     1.06917    -5.52451    0.712781     9.88934
-6.58358     1.06036    -5.52321    0.706909     9.94226
-6.58025     1.05898    -5.52127    0.705984      9.9619
-6.58643     1.06354    -5.52289    0.709024     9.94538
-6.59434     1.07242    -5.52192    0.714948     9.91308
-6.60554     1.08427    -5.52127    0.722846     9.86488
-6.61946     1.09786     -5.5216    0.731908     9.80502
-6.63298     1.11202    -5.52095    0.741349     9.74323
-6.64651     1.12556    -5.52096    0.750372     9.68144
-6.65673     1.13739    -5.51934    0.758261     9.62932
-6.66627     1.14693    -5.51934    0.764622     9.58239
-6.67309      1.1544    -5.51869    0.769601     9.54464
-6.68065     1.16098    -5.51966    0.773989       9.506
-6.68949     1.16853    -5.52096    0.779023     9.46145
-6.70088     1.17863    -5.52225    0.785755     9.40489
-6.71493     1.19171    -5.52322    0.794474     9.33538
-6.72919     1.20661    -5.52258    0.804407      9.2611
-6.74252     1.22092    -5.52161    0.813945     9.19002
-6.75447     1.23189    -5.52258    0.821262     9.12955
-6.76061     1.23738    -5.52323    0.824921     9.09481
-6.75877     1.23619    -5.52258    0.824128     9.09405
-6.74837     1.22806    -5.52031    0.818704     9.12971
-6.73296     1.21362    -5.51934    0.809078      9.1932
-6.71379     1.19413    -5.51966    0.796084     9.27929
-6.69094     1.17128    -5.51966    0.780853     9.38403
-6.66604     1.14703    -5.51901    0.764687     9.49889
-6.64244     1.12376    -5.51868    0.749173     9.61067
-6.62311     1.10411    -5.51901     0.73607     9.70672
-6.61014     1.09017    -5.51997    0.726777     9.77726
-6.60173     1.08273      -5.519     0.72182     9.82364
-6.60067     1.08102    -5.51965    0.720682     9.84049
-6.60261     1.08328    -5.51933    0.722187     9.84019
-6.60706     1.08773    -5.51933    0.725154     9.82691
-6.6153     1.09338    -5.52192    0.728919     9.79982
-6.62294     1.10005    -5.52289    0.733364     9.76882
-6.63035     1.10811    -5.52224    0.738737     9.73244
-6.63831     1.11801     -5.5203    0.745338     9.68816
-6.65188     1.12996    -5.52192    0.753308     9.62456
-6.66683     1.14394    -5.52289    0.762627     9.55122
-6.68137     1.15977     -5.5216    0.773182     9.47267
-6.69894     1.17735     -5.5216    0.784897     9.38206
-6.71694     1.19664     -5.5203    0.797757     9.28589
-6.73977     1.21753    -5.52225    0.811686     9.17589
-6.76268     1.23946    -5.52322    0.826309     9.06481
-6.78348     1.26123    -5.52225    0.840822     8.96096
-6.80302     1.28109    -5.52192    0.854062     8.86709
-6.81823     1.29695    -5.52128    0.864636      8.7949
-6.82749     1.30686    -5.52063     0.87124     8.75265
-6.82832     1.30931    -5.51901    0.872871     8.74901
-6.82303     1.30369    -5.51934    0.869125     8.78006
-6.8094     1.29038    -5.51901    0.860254     8.84929
-6.78834     1.27062    -5.51772    0.847079     8.95127
-6.76558     1.24624    -5.51934    0.830827     9.06873
-6.73894     1.21929    -5.51966    0.812858     9.20115
-6.70932     1.19161    -5.51771    0.794405     9.34156
-6.68291     1.16487    -5.51804    0.776581     9.47192
-6.65759     1.14052    -5.51707    0.760349     9.59282
-6.63854     1.11985    -5.51868    0.746568     9.68976
-6.62139     1.10368    -5.51771    0.735787     9.77019
-6.61151     1.09218    -5.51933    0.728117       9.822
-6.60553      1.0849    -5.52063    0.723267     9.85355
-6.5997     1.08101    -5.51869    0.720673      9.8754
-6.59863     1.07929    -5.51933     0.71953     9.88049
-6.59813     1.07848    -5.51966    0.718984     9.88106
-6.59895     1.07767    -5.52128    0.718447     9.87766
-6.59873      1.0768    -5.52192    0.717869     9.87573
-6.60026     1.07672    -5.52354    0.717815     9.86764
-6.60355     1.07872    -5.52483    0.719145     9.85076
-6.60671     1.08382    -5.52289    0.722548      9.8271
-6.61537     1.09215    -5.52321    0.728102     9.78428
-6.62556     1.10267    -5.52289     0.73511     9.73309
-6.6365     1.11361    -5.52289    0.742408     9.67899
-6.6468     1.12327    -5.52354    0.748844     9.62882
-6.65261     1.13069    -5.52192    0.753794     9.59336
-6.65746     1.13586     -5.5216    0.757243     9.56516
-6.66134     1.13975    -5.52159    0.759833     9.54287
-6.66674     1.14353    -5.52321    0.762351      9.5191
-6.67214     1.14796    -5.52418    0.765304       9.496
-6.67638     1.15284    -5.52354     0.76856     9.47674
-6.67959     1.15703    -5.52257    0.771351      9.4635
-6.6783     1.19943    -5.47887     0.79962     9.50361
-6.67396     1.19411    -5.47984    0.796074     9.53233
-6.66455     1.18374    -5.48081    0.789157      9.5841
-6.64976     1.16927    -5.48049    0.779516     9.65656
-6.63375     1.15261    -5.48114     0.76841     9.73546
-6.61791     1.13613    -5.48178    0.757419     9.81155
-6.60241     1.12225    -5.48016    0.748165     9.87821
-6.59221     1.11334    -5.47887    0.742229     9.91861
-6.58914     1.11189    -5.47725    0.741263     9.92314
-6.59685     1.12025     -5.4766    0.746832     9.87917
-6.62025     1.13976    -5.48048    0.759842     9.77395
-6.6509     1.16977    -5.48113    0.779846     9.62843
-6.68547     1.20725    -5.47822    0.804835     9.45746
-6.72486     1.24762    -5.47725    0.831743     9.27015
-6.76366     1.28576     -5.4779    0.857175     9.09026
-6.79718     1.31733    -5.47985    0.878221     8.93869
-6.81882      1.3393    -5.47952    0.892864     8.83753
-6.82803     1.35013     -5.4779    0.900086     8.79214
-6.82693     1.34967    -5.47725    0.899782     8.79859
-6.81613     1.33887    -5.47725    0.892583     8.85342
-6.79556     1.31928    -5.47628    0.879521     8.95291
-6.76967     1.29274    -5.47693    0.861829     9.08259
-6.73569     1.26103    -5.47466    0.840684      9.2432
-6.69967     1.22598    -5.47369    0.817323     9.41611
-6.6645     1.18951    -5.47498    0.793008     9.58944
-6.62896     1.15365    -5.47531    0.769102     9.76007
-6.59622     1.12059    -5.47563     0.74706     9.91524
-6.56853     1.09258    -5.47595    0.728385     10.0443
-6.54674     1.07176    -5.47498    0.714508     10.1404
-6.53671     1.05979    -5.47692    0.706525     10.1873
-6.53395     1.05735     -5.4766    0.704901     10.1933
-6.54095     1.06436     -5.4766    0.709571     10.1539
-6.55728     1.08003    -5.47725    0.720021     10.0723
-6.58102     1.10313     -5.4779    0.735417     9.95651
-6.61064     1.13177    -5.47887    0.754512     9.81484
-6.64305     1.16353    -5.47952    0.775688     9.66036
-6.67539     1.19554    -5.47984    0.797029     9.50669
-6.70553     1.22471    -5.48082    0.816475     9.36622
-6.72977     1.24798    -5.48179    0.831986     9.25424
-6.74302     1.26285    -5.48017    0.841902     9.18768
-6.74661     1.26774    -5.47888     0.84516     9.16719
-6.74084     1.26229    -5.47855    0.841528     9.19255
-6.72654     1.24766    -5.47887    0.831775     9.25903
-6.70868     1.22625    -5.48243    0.817497     9.34956
-6.68355     1.20144    -5.48211    0.800963     9.46377
-6.65786     1.17705    -5.48081    0.784701     9.57767
-6.63776     1.15662    -5.48114    0.771081      9.6691
-6.62459     1.14281    -5.48178     0.76187      9.7283
-6.61916     1.13705    -5.48211    0.758036     9.74973
-6.62168     1.13957    -5.48211    0.759714      9.7323
-6.63119     1.14973    -5.48146    0.766484     9.67969
-6.64777     1.16663    -5.48114    0.777755     9.59453
-6.66876     1.18924    -5.47952    0.792826     9.48651
-6.69393      1.2157    -5.47823    0.810469      9.3618
-6.72061     1.24303    -5.47758    0.828686     9.23444
-6.74612     1.26724    -5.47888    0.844826     9.11993
-6.76168     1.28442    -5.47726     0.85628     9.04641
-6.76878     1.29184    -5.47694     0.86123     9.01657
-6.7661     1.28883    -5.47726    0.859222     9.03451
-6.7532     1.27691    -5.47629    0.851273     9.09756
-6.73638     1.25912    -5.47725    0.839415     9.18473
-6.71753      1.2393    -5.47822    0.826203     9.28278
-6.69947     1.22124    -5.47822    0.814163     9.37649
-6.68481     1.20789    -5.47693    0.805258     9.45279
-6.67762      1.2007    -5.47692    0.800467     9.49853
-6.67521     1.19958    -5.47563    0.799718     9.51902
-6.67865     1.20302    -5.47563     0.80201     9.51461
-6.68579     1.20853    -5.47725    0.805687      9.4947
-6.69409      1.2136    -5.48049    0.809065     9.47016
-6.69602     1.21617    -5.47985     0.81078     9.46206
-6.69556     1.21506    -5.48049     0.81004     9.46457
-6.68862     1.21007    -5.47855    0.806712     9.48745
-6.67981     1.20191     -5.4779    0.801273     9.52002
-6.66791     1.19163    -5.47629    0.794417     9.56317
-6.65673     1.18044    -5.47629     0.78696     9.60637
-6.64674     1.16948    -5.47726    0.779653     9.64643
-6.63781     1.15958    -5.47823    0.773054       9.682
-6.62961     1.15106    -5.47855    0.767371     9.71309
-6.61996     1.14367    -5.47629    0.762449     9.74434
-6.61275     1.13744    -5.47531    0.758291     9.76666
-6.60888     1.13357    -5.47531    0.755711     9.77479
-6.61201     1.13541     -5.4766    0.756941     9.75368
-6.62478     1.14753    -5.47725    0.765018     9.68889
-6.65076     1.17254    -5.47822    0.781694     9.56816
-6.68488     1.20827    -5.47661    0.805512     9.40766
-6.72552     1.24858    -5.47693    0.832389     9.22414
-6.76456     1.28665    -5.47791    0.857767     9.05009
-6.79639     1.31751    -5.47888    0.878343     8.90905
-6.81483     1.33853    -5.47629    0.892356     8.82133
-6.82591     1.34864    -5.47726    0.899096     8.77656
-6.82565     1.34807    -5.47759     0.89871     8.78288
-6.81588      1.3383    -5.47758    0.892199     8.83253
-6.80196     1.32212    -5.47984    0.881412     8.90705
-6.78328     1.30312    -5.48017    0.868743     8.99915
-6.76601     1.28488    -5.48114    0.856584      9.0869
-6.75104      1.2699    -5.48114    0.846601     9.16261
-6.73896     1.25879    -5.48017    0.839197     9.22332
-6.73082     1.25033    -5.48049    0.833555     9.26895
-6.72164     1.24244     -5.4792    0.828295     9.31473
-6.71176     1.23321    -5.47855    0.822137      9.3643
-6.69735     1.18741    -5.50994    0.791604     9.41168
-6.68172     1.17242     -5.5093    0.781615     9.48597
-6.66195     1.15622    -5.50573    0.770813     9.57217
-6.64681     1.13946    -5.50735     0.75964     9.64972
-6.63263     1.12269    -5.50994    0.748457     9.72551
-6.6157     1.10608    -5.50962     0.73739     9.80714
-6.60019      1.0896    -5.51059    0.726402     9.88548
-6.58321     1.07326    -5.50994    0.715508     9.96656
-6.5683     1.05738    -5.51092    0.704923     10.0418
-6.55439      1.0425    -5.51189    0.695003     10.1123
-6.5387     1.02908    -5.50962     0.68605     10.1828
-6.52597     1.01732    -5.50865    0.678212     10.2419
-6.51531     1.00731      -5.508    0.671541     10.2909
-6.50558    0.999197    -5.50638    0.666131     10.3315
-6.50048    0.993447    -5.50703    0.662298      10.354
-6.49968    0.991035    -5.50865     0.66069     10.3567
-6.50298    0.993367    -5.50962    0.662245     10.3369
-6.51079     1.00182    -5.50897     0.66788     10.2909
-6.52777     1.01718    -5.51058    0.678123     10.2071
-6.55135     1.03914     -5.5122    0.692763     10.0923
-6.58038     1.06623    -5.51415     0.71082     9.95262
-6.60942     1.09624    -5.51318    0.730827     9.80535
-6.6397     1.12684    -5.51285     0.75123      9.6537
-6.66776      1.1562    -5.51156    0.770799     9.51022
-6.69421     1.18329    -5.51091    0.788862      9.3769
-6.71996     1.20775    -5.51221    0.805169     9.25385
-6.74345     1.22897    -5.51448    0.819311     9.14678
-6.75876     1.24557    -5.51319    0.830383     9.07182
-6.76787     1.25598    -5.51189    0.837317     9.02803
-6.7715     1.25928    -5.51221    0.839522     9.01515
-6.76771     1.25615    -5.51156    0.837433      9.0356
-6.75798     1.24836    -5.50962    0.832241     9.08156
-6.74978     1.23822    -5.51156    0.825482     9.13092
-6.73906     1.22783    -5.51124    0.818551      9.1873
-6.72845     1.21851    -5.50994    0.812341     9.24124
-6.71979     1.21082    -5.50897    0.807214     9.28671
-6.71509     1.20482    -5.51026    0.803216      9.3187
-6.71059     1.20032    -5.51027    0.800213     9.34558
-6.7076     1.19701    -5.51059    0.798006     9.36516
-6.70348     1.19451    -5.50897     0.79634     9.38412
-6.70173     1.19243    -5.50929    0.794956     9.39585
-6.69943     1.19046    -5.50897     0.79364     9.40764
-6.69865     1.18838    -5.51026    0.792257     9.41566
-6.69639     1.18613    -5.51026    0.790753     9.42655
-6.69351      1.1839    -5.50961    0.789264     9.43801
-6.69175     1.18214    -5.50961    0.788094       9.445
-6.69357     1.18169    -5.51188    0.787793     9.44043
-6.69477     1.18354    -5.51123    0.789029     9.43124
-6.69954     1.18864    -5.51091    0.792425      9.4063
-6.70782     1.19756    -5.51026    0.798373     9.36473
-6.7216     1.21005    -5.51156      0.8067     9.30297
-6.73508     1.22482    -5.51026    0.816547     9.23685
-6.7516     1.23972    -5.51188    0.826481     9.16408
-6.76321     1.25229    -5.51091    0.834861     9.10764
-6.77367     1.26049    -5.51318    0.840329     9.06382
-6.77591     1.26338    -5.51253    0.842253     9.05021
-6.77229     1.26138    -5.51091    0.840921     9.06086
-6.76624     1.25598    -5.51026    0.837318     9.08496
-6.75847     1.24917    -5.50929    0.832782     9.11659
-6.7527     1.24276    -5.50994    0.828507     9.14384
-6.74621     1.23757    -5.50864    0.825046      9.1705
-6.74125     1.23358    -5.50767    0.822387     9.19151
-6.73686     1.23016     -5.5067    0.820106     9.21015
-6.7332      1.2265     -5.5067    0.817668     9.22789
-6.72719     1.22178    -5.50541    0.814522     9.25352
-6.72167     1.21529    -5.50638    0.810195     9.28299
-6.71421     1.20621      -5.508    0.804141      9.3236
-6.70179     1.19379      -5.508    0.795859     9.38365
-6.68483     1.17748    -5.50735     0.78499     9.46339
-6.66309     1.15704    -5.50605    0.771361      9.5637
-6.64008     1.13273    -5.50735    0.755153     9.67584
-6.61035      1.1056    -5.50476    0.737066     9.80842
-6.58392     1.07787    -5.50605    0.718582     9.93407
-6.55943     1.05273     -5.5067     0.70182     10.0483
-6.5416     1.03361    -5.50799    0.689075     10.1328
-6.53392     1.02334    -5.51058    0.682229     10.1737
-6.53342     1.02317    -5.51025    0.682112     10.1746
-6.54107     1.03243    -5.50864    0.688285     10.1348
-6.55606     1.04904    -5.50702    0.699358     10.0603
-6.57778     1.07044    -5.50734    0.713625     9.95836
-6.60105     1.09435     -5.5067    0.729569     9.84572
-6.62638     1.11903    -5.50735    0.746021     9.72593
-6.65312     1.14319    -5.50994    0.762125      9.6042
-6.67701     1.16578    -5.51123    0.777188     9.49297
-6.69714     1.18591    -5.51123    0.790605     9.39695
-6.7133     1.20272    -5.51058    0.801812      9.3191
-6.72744     1.21524     -5.5122     0.81016     9.25788
-6.73588     1.22238     -5.5135    0.814919     9.22416
-6.73897     1.22289    -5.51609    0.815257     9.21949
-6.73015       1.216    -5.51415    0.810668     9.25926
-6.71653     1.20206    -5.51447     0.80137     9.32657
-6.69644     1.18262    -5.51382    0.788416     9.42047
-6.67392     1.16075    -5.51317    0.773832      9.5247
-6.65292      1.1404    -5.51252    0.760264     9.62115
-6.63687     1.12565    -5.51122    0.750434     9.69293
-6.63047     1.11957     -5.5109    0.746379     9.72269
-6.63168     1.12337    -5.50831    0.748914     9.71201
-6.64402     1.13603    -5.50799    0.757352      9.6556
-6.66191     1.15457    -5.50734    0.769712     9.57224
-6.68446     1.17517    -5.50929    0.783444     9.47273
-6.70214     1.21615    -5.48599    0.810767     9.40195
-6.71458     1.22924    -5.48535    0.819492     9.34131
-6.72363     1.23829    -5.48535    0.825526     9.29813
-6.72992     1.24457    -5.48534    0.829714     9.26911
-6.73584     1.24952    -5.48632    0.833014     9.24618
-6.73917     1.25382    -5.48534    0.835882     9.23253
-6.74177     1.25707     -5.4847    0.838049      9.2244
-6.74283     1.25814     -5.4847    0.838758     9.22523
-6.73959     1.25586    -5.48373    0.837239     9.24255
-6.73557      1.2499    -5.48567    0.833264     9.26863
-6.72643     1.24108    -5.48534    0.827388      9.3108
-6.71693     1.23126    -5.48567    0.820841      9.3546
-6.71126     1.22268    -5.48858    0.815121     9.38597
-6.70885     1.21735    -5.49149     0.81157      9.4021
-6.70648     1.21629     -5.4902    0.810858     9.40832
-6.70914     1.21895     -5.4902    0.812631     9.39521
-6.71248     1.22358     -5.4889    0.815718     9.37661
-6.71481     1.22753    -5.48729    0.818351      9.3623
-6.71488     1.22792    -5.48696     0.81861     9.36136
-6.70893     1.22261    -5.48632    0.815073     9.38698
-6.69741     1.21077    -5.48664    0.807177        9.44
-6.67913     1.19347    -5.48567    0.795645     9.52055
-6.66209     1.17384    -5.48825    0.782558     9.60449
-6.6443     1.15605    -5.48825    0.770699     9.68699
-6.63122     1.14362     -5.4876    0.762414      9.7483
-6.62439     1.13775    -5.48663      0.7585     9.78191
-6.62348     1.13684    -5.48664    0.757893     9.79086
-6.62323     1.13756    -5.48567    0.758371     9.79292
-6.62102     1.13632     -5.4847    0.757549     9.80068
-6.6168     1.13081    -5.48599    0.753872     9.81876
-6.60576     1.12107     -5.4847    0.747378     9.85736
-6.59513     1.10979    -5.48534    0.739859      9.8953
-6.58778     1.10114    -5.48664    0.734093     9.91787
-6.58571     1.09875    -5.48696    0.732501     9.91325
-6.59029      1.1043    -5.48599    0.736203     9.87515
-6.60399     1.11767    -5.48631    0.745116      9.7987
-6.62335     1.13801    -5.48534    0.758675       9.694
-6.65092     1.16396    -5.48696    0.775974     9.55943
-6.68029     1.19333    -5.48696    0.795552     9.41498
-6.70938     1.22274    -5.48664     0.81516     9.27354
-6.73487     1.24822    -5.48665    0.832146     9.15149
-6.75403     1.26673    -5.48729    0.844488     9.06177
-6.76683     1.27727    -5.48956    0.851513       9.007
-6.76924     1.28098    -5.48826    0.853985     8.99384
-6.76864     1.28005    -5.48859    0.853365      9.0015
-6.76593     1.27637    -5.48956    0.850912     9.02329
-6.7614     1.27087    -5.49053    0.847247     9.05534
-6.75421       1.264     -5.4902    0.842668     9.09743
-6.74497     1.25606    -5.48891    0.837376     9.14635
-6.73831     1.24746    -5.49085    0.831638     9.19052
-6.72752     1.23829    -5.48923    0.825525     9.24396
-6.71548     1.22819    -5.48729    0.818793     9.30113
-6.70592     1.21636    -5.48956    0.810904     9.35561
-6.6909     1.20199    -5.48891    0.801329     9.42674
-6.67373      1.1845    -5.48923    0.789667     9.50895
-6.65171     1.16377    -5.48794     0.77585     9.60857
-6.62718     1.14054    -5.48664    0.760357     9.71933
-6.60452     1.11626    -5.48826    0.744172     9.82841
-6.58085     1.09324    -5.48761    0.728824     9.93688
-6.56161     1.07433    -5.48728     0.71622     10.0266
-6.55011     1.06218    -5.48793    0.708122     10.0846
-6.54789     1.05834    -5.48955     0.70556     10.1038
-6.55203      1.0628    -5.48923    0.708536     10.0902
-6.56266     1.07408    -5.48858     0.71605     10.0461
-6.57939     1.08984    -5.48955    0.726559     9.97699
-6.59606      1.1078    -5.48826    0.738535     9.90105
-6.61672     1.12619    -5.49053    0.750796     9.81316
-6.63295     1.14405    -5.48891    0.762697     9.73403
-6.64954     1.16096    -5.48858    0.773973     9.65441
-6.66585     1.17694    -5.48891    0.784627     9.57638
-6.68088     1.19197    -5.48891    0.794646     9.50269
-6.69415     1.20589    -5.48826    0.803925      9.4353
-6.70721      1.2183    -5.48891    0.812199     9.37228
-6.71693     1.22867    -5.48827    0.819112     9.32241
-6.72351     1.23621    -5.48729    0.824143     9.28739
-6.72742     1.24012     -5.4873     0.82675     9.26808
-6.72741     1.23979    -5.48762    0.826527     9.26856
-6.72508     1.23487    -5.49021    0.823247     9.28596
-6.71398     1.22539    -5.48859    0.816927     9.33393
-6.7011     1.21187    -5.48924    0.807912     9.39516
-6.68513      1.1959    -5.48923    0.797264     9.46829
-6.66908     1.18018    -5.48891    0.786786      9.5398
-6.65893     1.16841    -5.49052    0.778939     9.58814
-6.65407      1.1642    -5.48987    0.776133      9.6066
-6.65989      1.1697     -5.4902    0.779797     9.57892
-6.67599     1.18449    -5.49149    0.789662     9.50663
-6.69551     1.20596    -5.48955    0.803974     9.41031
-6.7218     1.23031     -5.4915    0.820204     9.29114
-6.74574     1.25392    -5.49182    0.835946     9.17763
-6.76423     1.27402     -5.4902    0.849348     9.08351
-6.77913     1.28893     -5.4902    0.859286     9.00954
-6.78668     1.29777    -5.48891    0.865183     8.96704
-6.78705     1.30009    -5.48696    0.866725     8.95732
-6.78098     1.29564    -5.48534    0.863757     8.97955
-6.77021     1.28455    -5.48567    0.856365     9.02967
-6.75312     1.26745    -5.48567    0.844967     9.10947
-6.73077     1.24575    -5.48502    0.830498     9.21307
-6.70566     1.22161    -5.48405    0.814408      9.3298
-6.68195     1.19758    -5.48437    0.798385     9.44439
-6.65915     1.17608    -5.48307    0.784054     9.55187
