-7.84084     1.19039    -6.65046    0.793591     3.19295
-7.80504      1.1575    -6.64754    0.771664     3.36712
-7.73227     1.10253    -6.62974    0.735023     3.68664
-7.6466     1.02723    -6.61937    0.684817     4.09234
-7.54361    0.934275    -6.60933     0.62285     4.58386
-7.42712    0.827831    -6.59929    0.551887     5.13934
-7.30675     0.71361    -6.59314     0.47574     5.72074
-7.18833    0.598761    -6.58957    0.399174      6.2952
-7.0787    0.491401     -6.5873      0.3276      6.8263
-6.98526    0.399585    -6.58567     0.26639     7.27738
-6.91274    0.329985    -6.58276     0.21999     7.62165
-6.86841    0.286625    -6.58179    0.191083     7.83365
-6.85064    0.270145    -6.58049    0.180096     7.91563
-6.85677    0.277891    -6.57888    0.185261     7.88019
-6.88428    0.304751    -6.57953    0.203167     7.74579
-6.92422    0.344361    -6.57986    0.229574     7.54827
-6.96986    0.390328    -6.57954    0.260219     7.31911
-7.015    0.437082    -6.57792    0.291388     7.08704
-7.05891    0.480344    -6.57857    0.320229     6.86581
-7.09581     0.51724    -6.57857    0.344826     6.67671
-7.12285    0.546219    -6.57663    0.364146     6.53116
-7.14314    0.566841     -6.5763    0.377894      6.4245
-7.15875    0.579531    -6.57922    0.386354     6.35185
-7.16549      0.5853    -6.58019      0.3902      6.3199
-7.16547    0.585613    -6.57986    0.390409     6.32024
-7.16036    0.582118    -6.57824    0.388079     6.34461
-7.15442    0.576501    -6.57792    0.384334     6.37863
-7.14926    0.570371    -6.57889    0.380247     6.41384
-7.14633    0.565175    -6.58115    0.376784     6.44265
-7.14446    0.562009    -6.58245    0.374673      6.4639
-7.14566    0.561593    -6.58407    0.374395     6.47054
-7.14768    0.564255    -6.58342     0.37617     6.46593
-7.15336    0.569938    -6.58342    0.379959     6.44344
-7.16044    0.578313    -6.58213    0.385542     6.40863
-7.16922    0.588709    -6.58051    0.392473     6.36216
-7.18091    0.600405    -6.58051     0.40027     6.30326
-7.19349    0.612652    -6.58083    0.408435     6.23857
-7.20624    0.624758    -6.58148    0.416505     6.17184
-7.21665    0.636136    -6.58051     0.42409     6.11077
-7.22614    0.646278    -6.57986    0.430852     6.05421
-7.23567    0.654835    -6.58083    0.436557     6.00188
-7.24231    0.661476    -6.58083    0.440984      5.9617
-7.24835    0.665893    -6.58245    0.443929     5.92997
-7.25323    0.667863    -6.58537    0.445242     5.90897
-7.25253    0.667157    -6.58537    0.444771     5.90916
-7.24934    0.663648    -6.58569    0.442432     5.92413
-7.24269    0.657322    -6.58537    0.438215     5.95573
-7.23384    0.648469    -6.58537    0.432313     6.00013
-7.22376    0.637748    -6.58602    0.425166     6.05313
-7.21283    0.626171    -6.58666    0.417447     6.11099
-7.20105     0.61503    -6.58602     0.41002     6.17004
-7.18912    0.605698    -6.58342    0.403799     6.22478
-7.18319    0.599443    -6.58375    0.399628      6.2582
-7.17972    0.597264    -6.58245    0.398176     6.27528
-7.18405    0.599652     -6.5844    0.399768     6.26293
-7.19217    0.606478    -6.58569    0.404319     6.23005
-7.20495     0.61699    -6.58796    0.411326     6.17638
-7.2151    0.630058    -6.58504    0.420039     6.12076
-7.23027    0.644248    -6.58602    0.429499     6.05031
-7.24441    0.658069    -6.58634    0.438713      5.9822
-7.25616    0.670137    -6.58602    0.446758     5.92324
-7.26702    0.679387    -6.58764    0.452924     5.87333
-7.27044     0.68507    -6.58537    0.456714      5.8492
-7.27122    0.686816     -6.5844    0.457878     5.84174
-7.26866    0.684587    -6.58408    0.456391     5.85275
-7.2651    0.678754    -6.58634    0.452503     5.87652
-7.25503     0.66999    -6.58505     0.44666     5.92339
-7.24298    0.659229    -6.58375    0.439486     5.98125
-7.2309    0.647473    -6.58343    0.431649     6.04316
-7.21778    0.635654    -6.58213    0.423769     6.10876
-7.20786    0.624439    -6.58342    0.416293     6.16669
-7.19595    0.614147    -6.58181    0.409431      6.2268
-7.18665    0.604845    -6.58181     0.40323     6.27827
-7.17921    0.596432    -6.58278    0.397621     6.32222
-7.17166    0.588881    -6.58278    0.392587     6.36236
-7.16389    0.582404    -6.58148    0.388269     6.39801
-7.15898    0.577498    -6.58148    0.384999      6.4211
-7.15568    0.574844    -6.58083    0.383229     6.43291
-7.15587    0.575035    -6.58083    0.383357     6.42832
-7.16065    0.578192    -6.58245    0.385461     6.40499
-7.16592    0.583787    -6.58213    0.389191     6.37342
-7.17281    0.590677    -6.58213    0.393785     6.33395
-7.18226    0.597538    -6.58472    0.398359     6.28775
-7.18588    0.603419    -6.58246    0.402279     6.25569
-7.19207    0.607993    -6.58408    0.405329     6.22076
-7.19588    0.611483     -6.5844    0.407655     6.19386
-7.19781    0.614379    -6.58343    0.409586     6.17338
-7.20085    0.617098    -6.58375    0.411398     6.15241
-7.2044    0.619679    -6.58472    0.413119     6.13252
-7.20462    0.621834    -6.58278    0.414556     6.12309
-7.84084     1.19039    -6.65046    0.793591     3.19295
-7.80504      1.1575    -6.64754    0.771664     3.36712
-7.73227     1.10253    -6.62974    0.735023     3.68664
-7.6466     1.02723    -6.61937    0.684817     4.09234
-7.54361    0.934275    -6.60933     0.62285     4.58386
-7.42712    0.827831    -6.59929    0.551887     5.13934
-7.30675     0.71361    -6.59314     0.47574     5.72074
-7.18833    0.598761    -6.58957    0.399174      6.2952
-7.0787    0.491401     -6.5873      0.3276      6.8263
-6.98526    0.399585    -6.58567     0.26639     7.27738
-6.91274    0.329985    -6.58276     0.21999     7.62165
-6.86841    0.286625    -6.58179    0.191083     7.83365
-6.85064    0.270145    -6.58049    0.180096     7.91563
-6.85677    0.277891    -6.57888    0.185261     7.88019
-6.88428    0.304751    -6.57953    0.203167     7.74579
-6.92422    0.344361    -6.57986    0.229574     7.54827
-6.96986    0.390328    -6.57954    0.260219     7.31911
-7.015    0.437082    -6.57792    0.291388     7.08704
-7.05891    0.480344    -6.57857    0.320229     6.86581
-7.09581     0.51724    -6.57857    0.344826     6.67671
-7.12285    0.546219    -6.57663    0.364146     6.53116
-7.14314    0.566841     -6.5763    0.377894      6.4245
-7.15875    0.579531    -6.57922    0.386354     6.35185
-7.16549      0.5853    -6.58019      0.3902      6.3199
-7.16547    0.585613    -6.57986    0.390409     6.32024
-7.16036    0.582118    -6.57824    0.388079     6.34461
-7.15442    0.576501    -6.57792    0.384334     6.37863
-7.14926    0.570371    -6.57889    0.380247     6.41384
-7.14633    0.565175    -6.58115    0.376784     6.44265
-7.14446    0.562009    -6.58245    0.374673      6.4639
-7.14566    0.561593    -6.58407    0.374395     6.47054
-7.14768    0.564255    -6.58342     0.37617     6.46593
-7.15336    0.569938    -6.58342    0.379959     6.44344
-7.16044    0.578313    -6.58213    0.385542     6.40863
-7.16922    0.588709    -6.58051    0.392473     6.36216
-7.18091    0.600405    -6.58051     0.40027     6.30326
-7.19349    0.612652    -6.58083    0.408435     6.23857
-7.20624    0.624758    -6.58148    0.416505     6.17184
-7.21665    0.636136    -6.58051     0.42409     6.11077
-7.22614    0.646278    -6.57986    0.430852     6.05421
-7.23567    0.654835    -6.58083    0.436557     6.00188
-7.24231    0.661476    -6.58083    0.440984      5.9617
-7.24835    0.665893    -6.58245    0.443929     5.92997
-7.25323    0.667863    -6.58537    0.445242     5.90897
-7.25253    0.667157    -6.58537    0.444771     5.90916
-7.24934    0.663648    -6.58569    0.442432     5.92413
-7.24269    0.657322    -6.58537    0.438215     5.95573
-7.23384    0.648469    -6.58537    0.432313     6.00013
-7.22376    0.637748    -6.58602    0.425166     6.05313
-7.21283    0.626171    -6.58666    0.417447     6.11099
-7.20105     0.61503    -6.58602     0.41002     6.17004
-7.18912    0.605698    -6.58342    0.403799     6.22478
-7.18319    0.599443    -6.58375    0.399628      6.2582
-7.17972    0.597264    -6.58245    0.398176     6.27528
-7.18405    0.599652     -6.5844    0.399768     6.26293
-7.19217    0.606478    -6.58569    0.404319     6.23005
-7.20495     0.61699    -6.58796    0.411326     6.17638
-7.2151    0.630058    -6.58504    0.420039     6.12076
-7.23027    0.644248    -6.58602    0.429499     6.05031
-7.24441    0.658069    -6.58634    0.438713      5.9822
-7.25616    0.670137    -6.58602    0.446758     5.92324
-7.26702    0.679387    -6.58764    0.452924     5.87333
-7.27044     0.68507    -6.58537    0.456714      5.8492
-7.27122    0.686816     -6.5844    0.457878     5.84174
-7.26866    0.684587    -6.58408    0.456391     5.85275
-7.2651    0.678754    -6.58634    0.452503     5.87652
-7.25503     0.66999    -6.58505     0.44666     5.92339
-7.24298    0.659229    -6.58375    0.439486     5.98125
-7.2309    0.647473    -6.58343    0.431649     6.04316
-7.21778    0.635654    -6.58213    0.423769     6.10876
-7.20786    0.624439    -6.58342    0.416293     6.16669
-7.19595    0.614147    -6.58181    0.409431      6.2268
-7.18665    0.604845    -6.58181     0.40323     6.27827
-7.17921    0.596432    -6.58278    0.397621     6.32222
-7.17166    0.588881    -6.58278    0.392587     6.36236
-7.16389    0.582404    -6.58148    0.388269     6.39801
-7.15898    0.577498    -6.58148    0.384999      6.4211
-7.15568    0.574844    -6.58083    0.383229     6.43291
-7.15587    0.575035    -6.58083    0.383357     6.42832
-7.16065    0.578192    -6.58245    0.385461     6.40499
-7.16592    0.583787    -6.58213    0.389191     6.37342
-7.17281    0.590677    -6.58213    0.393785     6.33395
-7.18226    0.597538    -6.58472    0.398359     6.28775
-7.18588    0.603419    -6.58246    0.402279     6.25569
-7.19207    0.607993    -6.58408    0.405329     6.22076
-7.19588    0.611483     -6.5844    0.407655     6.19386
-7.19781    0.614379    -6.58343    0.409586     6.17338
-7.20085    0.617098    -6.58375    0.411398     6.15241
-7.2044    0.619679    -6.58472    0.413119     6.13252
-7.20462    0.621834    -6.58278    0.414556     6.12309
-7.20739    0.622985     -6.5844    0.415323     6.11256
-7.20634    0.622584    -6.58376    0.415056     6.11605
-7.20372    0.620288    -6.58343    0.413526     6.12934
-7.19721    0.616042    -6.58117    0.410694     6.15743
-7.19261    0.610147    -6.58246    0.406765     6.18695
-7.18521     0.60307    -6.58214    0.402046     6.22696
-7.17619    0.595352    -6.58084    0.396901      6.2734
-7.1709    0.587464    -6.58343    0.391643     6.31309
-7.16234    0.579884    -6.58246    0.386589     6.35977
-7.15776    0.573032    -6.58473    0.382022      6.3963
-7.15043    0.567324    -6.58311    0.378216     6.43586
-7.14594    0.563154    -6.58278    0.375436     6.46484
-7.14213    0.560966    -6.58116    0.373978     6.48658
-7.14193    0.561096    -6.58084    0.374064     6.49359
-7.14423    0.563716    -6.58052    0.375811     6.48766
-7.1493     0.56878    -6.58052    0.379186     6.46812
-7.15491     0.57601     -6.5789    0.384007     6.44041
-7.16507    0.584881    -6.58019    0.389921     6.39694
-7.17367    0.594773     -6.5789    0.396516     6.35263
-7.18426    0.605037    -6.57922    0.403358      6.3014
-7.1956    0.615076    -6.58052    0.410051     6.24751
-7.20629    0.624475    -6.58181    0.416317     6.19525
-7.21645    0.633018    -6.58343    0.422012     6.14533
-7.22402    0.640582    -6.58343    0.427055       6.103
-7.23146    0.647049    -6.58441    0.431366     6.06347
-7.23572    0.652279    -6.58344    0.434853     6.03408
-7.23884    0.656052    -6.58279    0.437368     6.01108
-7.24417    0.658137    -6.58603    0.438758     5.98796
-7.24503    0.658351    -6.58668    0.438901     5.97987
-7.24291    0.656559    -6.58635    0.437706     5.98388
-7.23949     0.65281    -6.58668    0.435206     5.99628
-7.23346    0.647427    -6.58603    0.431618     6.01936
-7.22654    0.640833     -6.5857    0.427222     6.04828
-7.22097    0.633649    -6.58732    0.422432     6.07675
-7.21413    0.626488    -6.58765    0.417659     6.10886
-7.20694    0.619947      -6.587    0.413298     6.14117
-7.20013    0.614423     -6.5857    0.409615     6.17099
-7.1945    0.610088    -6.58441    0.406725     6.19585
-7.19067    0.606906    -6.58376    0.404604     6.21426
-7.18814    0.604699    -6.58344    0.403133     6.22753
-7.1866    0.603164    -6.58344    0.402109      6.2368
-7.1867    0.601972    -6.58473    0.401315     6.24127
-7.18426    0.600825    -6.58344     0.40055     6.25062
-7.18401    0.599597    -6.58441    0.399732     6.25482
-7.1824    0.598312    -6.58408    0.398875     6.26143
-7.18035    0.597234    -6.58311    0.398156     6.26785
-7.17865    0.596836    -6.58182    0.397891      6.2714
-7.17851    0.597662    -6.58085    0.398441     6.26848
-7.17968    0.600131    -6.57955    0.400087     6.25886
-7.18722    0.604432    -6.58279    0.402955     6.23145
-7.19345    0.610334    -6.58311    0.406889     6.20372
-7.20155    0.617145    -6.58441     0.41143     6.17028
-7.20864    0.623908    -6.58473    0.415938     6.13977
-7.21296    0.629525    -6.58344    0.419683     6.11852
-7.21551    0.633046    -6.58247     0.42203     6.10663
-7.2176    0.633834    -6.58376    0.422556     6.10264
-7.21453    0.631741    -6.58279    0.421161       6.117
-7.21221    0.627149    -6.58506    0.418099     6.13597
-7.20616    0.620777    -6.58538    0.413851     6.16744
-7.1983    0.613569    -6.58473    0.409046     6.20504
-7.19082    0.606411    -6.58441    0.404274     6.24202
-7.18456    0.599824    -6.58474    0.399883     6.27509
-7.17777    0.594009    -6.58376    0.396006     6.30755
-7.17187    0.588756    -6.58312    0.392504     6.33663
-7.1664    0.583608    -6.58279    0.389072     6.36405
-7.15773    0.578173    -6.57955    0.385449     6.39845
-7.15059    0.572335    -6.57826    0.381556     6.42968
-7.14431    0.566378    -6.57794    0.377586      6.4585
-7.13698    0.560992    -6.57599    0.373995      6.4874
-7.13414    0.557174    -6.57696    0.371449     6.50205
-7.13259     0.55595    -6.57664    0.370633     6.50702
-7.13603    0.558099    -6.57793    0.372066     6.49239
-7.14063    0.563996    -6.57664    0.375997     6.46558
-7.15049    0.573532    -6.57696    0.382355     6.41791
-7.16276    0.586123    -6.57664    0.390749     6.35687
-7.17848    0.600867    -6.57761    0.400578     6.28228
-7.19435     0.61674    -6.57761     0.41116     6.20388
-7.21064    0.632705    -6.57794    0.421803      6.1237
-7.22744    0.647881    -6.57955    0.431921     6.04392
-7.24211    0.661585    -6.58053    0.441057     5.97226
-7.25252     0.67329    -6.57923     0.44886     5.91491
-7.26421    0.682708     -6.5815    0.455139     5.86096
-7.27406    0.689646    -6.58441    0.459764     5.81802
-7.27937    0.693984    -6.58538    0.462656     5.79255
-7.28131    0.695602    -6.58571    0.463735     5.78225
-7.28121    0.694534    -6.58668    0.463023     5.78429
-7.27689    0.690859    -6.58603    0.460573     5.80317
-7.27114    0.684783    -6.58635    0.456522     5.83223
-7.26262    0.676589    -6.58603    0.451059     5.87358
-7.25233     0.66662    -6.58571    0.444413      5.9241
-7.2403    0.655239    -6.58506    0.436826     5.98274
-7.22776    0.642702    -6.58506    0.428468     6.04587
-7.2146    0.629222    -6.58538    0.419481     6.11284
-7.20268    0.615027    -6.58765    0.410018      6.1787
-7.18386    0.600417    -6.58344    0.400278      6.2601
-7.16898    0.585868    -6.58312    0.390579     6.33207
-7.15349    0.571997     -6.5815    0.381331       6.403
-7.14005    0.559527    -6.58052    0.373018     6.46538
-7.12997    0.549125    -6.58085    0.366083      6.5148
-7.12411    0.541315    -6.58279    0.360877     6.54834
-7.12175    0.536371    -6.58538    0.357581     6.56707
-7.12064    0.534289    -6.58635    0.356193     6.57611
-7.1225    0.534853    -6.58764    0.356569     6.57235
-7.12566    0.537693    -6.58797    0.358462     6.56033
-7.12943    0.542429      -6.587     0.36162     6.54249
-7.13701    0.548717    -6.58829    0.365811     6.51269
-7.14227    0.556247    -6.58603    0.370831     6.48494
-7.15045    0.564752     -6.5857    0.376501     6.44834
-7.1584    0.573994    -6.58441    0.382663     6.41019
-7.16847    0.583739    -6.58473    0.389159     6.36578
-7.17746    0.593698    -6.58376    0.395799     6.32252
-7.18511    0.603617    -6.58149    0.402411     6.28143
-7.19701    0.613249    -6.58376    0.408833     6.23076
-7.2068    0.622394    -6.58441     0.41493     6.18462
-7.21512     0.63103    -6.58409    0.420687     6.14182
-7.22231    0.639195    -6.58312     0.42613     6.10157
-7.23109       0.647    -6.58409    0.431334     6.05792
-7.23959    0.654533    -6.58506    0.436356     6.01493
-7.24753    0.661825     -6.5857    0.441216     5.97356
-7.25382    0.668764    -6.58506    0.445842     5.93681
-7.25916    0.675073    -6.58408    0.450049      5.9042
-7.26733    0.680334      -6.587    0.453556      5.8687
-7.27144    0.684121    -6.58732     0.45608     5.84669
-7.27427    0.685978    -6.58829    0.457319     5.83329
-7.27292    0.685596    -6.58732    0.457064     5.83587
-7.26838    0.682673     -6.5857    0.455115     5.85302
-7.26402     0.67702      -6.587    0.451346     5.87774
-7.25626    0.668611    -6.58764    0.445741     5.91771
-7.24403    0.657678    -6.58635    0.438452     5.97444
-7.22987    0.644813    -6.58505    0.429876      6.0409
-7.21551    0.630777    -6.58473    0.420518     6.11115
-7.19957    0.616459    -6.58311    0.410973     6.18565
-7.18554     0.60275    -6.58279    0.401833     6.25438
-7.1751    0.590372    -6.58473    0.393581     6.31158
-7.16395    0.579874    -6.58408    0.386583     6.36506
-7.15637    0.571643    -6.58473    0.381095     6.40426
-7.1514    0.566026    -6.58538     0.37735     6.43013
-7.14913    0.563428     -6.5857    0.375618     6.44164
-7.14853    0.564123     -6.5844    0.376082      6.4405
-7.15086    0.568075    -6.58278    0.378717     6.42422
-7.159    0.574924    -6.58408    0.383283     6.38772
-7.16737    0.583934    -6.58343    0.389289     6.34519
-7.1795    0.594121    -6.58537     0.39608     6.29139
-7.18889    0.604491     -6.5844    0.402994     6.24317
-7.19881    0.614077    -6.58473    0.409385     6.19598
-7.20906    0.622066    -6.58699    0.414711     6.15236
-7.21451     0.62784    -6.58667     0.41856     6.12524
-7.21698    0.630956    -6.58602    0.420638     6.11173
-7.21695    0.631252     -6.5857    0.420835     6.11122
-7.21583    0.628828      -6.587    0.419219     6.12042
-7.21004    0.624019    -6.58603    0.416013     6.14615
-7.2024    0.617345    -6.58505    0.411564     6.18077
-7.19493    0.609558    -6.58538    0.406372     6.21793
-7.18522    0.601458    -6.58376    0.400972     6.26083
-7.1779     0.59382    -6.58408     0.39588     6.29733
-7.1697    0.587235    -6.58246     0.39149     6.33286
-7.16433    0.582196    -6.58214    0.388131     6.35787
-7.16152    0.579059    -6.58246    0.386039     6.37184
-7.15962    0.578127    -6.58149    0.385418     6.37749
-7.16014    0.579617    -6.58052    0.386411     6.37094
-7.16606    0.583597    -6.58246    0.389065     6.34552
-7.17277    0.589988    -6.58279    0.393325      6.3117
-7.17964     0.59847    -6.58117     0.39898     6.27192
-7.19118    0.608389    -6.58279    0.405593     6.21786
-7.20145     0.61899    -6.58246     0.41266     6.16441
-7.21327    0.629512    -6.58376    0.419675      6.1075
-7.22271    0.639274    -6.58344    0.426183     6.05746
-7.22927    0.647779    -6.58149    0.431853      6.0167
-7.23664    0.654819    -6.58182    0.436546     5.97801
-7.24256    0.660423    -6.58214    0.440282     5.94663
-7.24808    0.664644    -6.58343    0.443096     5.92031
-7.24937    0.667559    -6.58181    0.445039     5.90735
-7.25194    0.669151    -6.58279    0.446101     5.89596
-7.25239     0.66928    -6.58311    0.446187     5.89401
-7.25208    0.667672    -6.58441    0.445115     5.89925
-7.24652    0.664056    -6.58246    0.442704      5.9221
-7.23946    0.658293    -6.58117    0.438862     5.95466
-7.2333    0.650517    -6.58278    0.433678     5.99139
-7.22483    0.641078    -6.58375    0.427385     6.03824
-7.21403    0.630602    -6.58343    0.420401     6.09365
-7.20232    0.619859    -6.58246    0.413239     6.15257
-7.19006    0.609549    -6.58051    0.406366     6.21221
-7.18237    0.600239    -6.58213    0.400159     6.25977
-7.17247    0.592284    -6.58019    0.394856     6.30884
-7.165     0.58578    -6.57922     0.39052     6.34879
-7.16074    0.580551    -6.58019    0.387034     6.37779
-7.16046    0.576382    -6.58408    0.384255     6.39449
-7.15841    0.573034    -6.58537    0.382022     6.41176
-7.15632    0.570299    -6.58602    0.380199     6.42594
-7.15002    0.568205    -6.58181    0.378803     6.44601
-7.14652    0.566971    -6.57954    0.377981     6.45615
-7.14585    0.566953     -6.5789    0.377969     6.45549
-7.14684    0.568595    -6.57825    0.379063     6.44576
-7.15212    0.572258    -6.57987    0.381505     6.42065
-7.15798    0.578118    -6.57987    0.385412     6.38823
-7.16491    0.586011    -6.57889    0.390674     6.34814
-7.17362    0.595372    -6.57825    0.396914      6.3003
-7.18431     0.60541     -6.5789    0.403607     6.24657
-7.19369    0.615112    -6.57857    0.410075     6.19683
-7.20523    0.623413    -6.58181    0.415609     6.14626
-7.21152    0.629387    -6.58214    0.419592     6.11336
-7.21559    0.632479    -6.58311    0.421653     6.09311
-7.21536    0.632578    -6.58278    0.421719     6.09033
-7.2142    0.630122    -6.58408    0.420081     6.09685
-7.21294    0.625949    -6.58699      0.4173     6.10897
-7.20932    0.621035    -6.58828    0.414023     6.12929
-7.2033    0.616308    -6.58699    0.410872     6.15568
-7.19778    0.612404    -6.58537    0.408269     6.18014
-7.19725    0.609616    -6.58764     0.40641     6.19183
-7.19621    0.607926    -6.58829    0.405284     6.20233
-7.1932    0.607176    -6.58602    0.404784     6.21477
-7.19219    0.607137    -6.58505    0.404758     6.22069
-7.19231    0.607582    -6.58472    0.405054     6.22229
-7.19337    0.608325    -6.58505     0.40555     6.22023
-7.19465    0.609274    -6.58537    0.406183     6.21627
-7.19647    0.610448    -6.58602    0.406965     6.20968
-7.19728    0.611909    -6.58537    0.407939     6.20381
-7.19781    0.613731    -6.58408    0.409154     6.19708
-7.20001     0.61593    -6.58408     0.41062     6.18533
-7.20252    0.618444    -6.58408    0.412296     6.17196
-7.2055      0.6211     -6.5844    0.414067     6.15744
-7.20499      0.6235    -6.58149    0.415667     6.15156
-7.20856    0.625129    -6.58343    0.416752     6.13921
-7.20949    0.625415    -6.58408    0.416943     6.13652
-7.20733    0.623899    -6.58343    0.415933     6.14574
-7.20242    0.620279    -6.58214     0.41352     6.16671
-7.19513    0.614617    -6.58052    0.409745     6.19831
-7.18569    0.607441    -6.57825    0.404961     6.23882
-7.17979    0.599593    -6.58019    0.399729     6.27362
-7.1717    0.592153    -6.57954    0.394768      6.3125
-7.16671    0.586199    -6.58051      0.3908     6.34121
-7.16277    0.582577    -6.58019    0.388385     6.36205
-7.16289    0.581729    -6.58116    0.387819     6.36709
-7.16355    0.583681    -6.57987     0.38912     6.36381
-7.16815    0.587964    -6.58019    0.391976     6.34559
-7.17463    0.593792    -6.58084    0.395861     6.31876
-7.18096    0.600115    -6.58084    0.400077     6.29006
-7.18998    0.605905    -6.58408    0.403937     6.25572
-7.19574    0.610367    -6.58538    0.406911     6.23079
-7.20006    0.613069    -6.58699    0.408713     6.21236
-7.20076    0.614088    -6.58667    0.409392     6.20522
-7.20221    0.613917    -6.58829    0.409278     6.19883
-7.20191    0.613299    -6.58861    0.408866     6.19711
-7.20095    0.612988    -6.58796    0.408659     6.19616
-7.20152    0.613556    -6.58796    0.409037     6.19007
-7.20452    0.615259    -6.58926    0.410172     6.17628
-7.2087     0.61815    -6.59055      0.4121     6.15757
-7.2097    0.622058    -6.58764    0.414706       6.144
-7.21204    0.626663    -6.58537    0.417775     6.12655
-7.21721    0.631513     -6.5857    0.421009     6.10314
-7.22177    0.636071     -6.5857    0.424047     6.08267
-7.22447    0.639739    -6.58473    0.426493     6.06938
-7.22565    0.641889    -6.58376    0.427926     6.06401
-7.22599    0.641909    -6.58408    0.427939     6.06627
-7.22219    0.639407    -6.58278    0.426271     6.08402
-7.21778    0.634344    -6.58343    0.422896     6.10943
-7.20883    0.627022    -6.58181    0.418014     6.14988
-7.19904    0.618194    -6.58084     0.41213     6.19528
-7.19171    0.608923    -6.58278    0.405949      6.2355
-7.18426    0.600508    -6.58375    0.400339     6.27298
-7.17729    0.594182    -6.58311    0.396121     6.30341
-7.1737    0.590918    -6.58278    0.393945     6.31817
-7.17493    0.591172    -6.58375    0.394115     6.31305
-7.17729    0.594834    -6.58246    0.396556     6.29637
-7.18471     0.60128    -6.58343    0.400853     6.26128
-7.18996    0.609443    -6.58052    0.406295     6.22622
-7.19891    0.618067    -6.58084    0.412045     6.18165
-7.20641    0.625891    -6.58052    0.417261     6.14213
-7.2127    0.631856    -6.58085    0.421237     6.11009
-7.216    0.635155    -6.58085    0.423436     6.09163
-7.21721    0.635389    -6.58182    0.423593     6.08609
-7.21372    0.632551    -6.58117    0.421701     6.09945
-7.20785    0.627001    -6.58085    0.418001     6.12609
-7.19789    0.619306    -6.57858    0.412871     6.16839
-7.1888     0.61022    -6.57858    0.406813     6.21384
-7.18095    0.600427    -6.58052    0.400285     6.25977
-7.17173    0.590563    -6.58117    0.393708     6.30996
-7.16013     0.58122    -6.57891     0.38748     6.36474
-7.15222    0.572995    -6.57923    0.381997     6.40875
-7.14809    0.566598     -6.5815    0.377732     6.43964
-7.14526    0.562791    -6.58247    0.375194     6.46054
-7.1457    0.562259    -6.58344     0.37484     6.46517
-7.14729    0.565469    -6.58182    0.376979     6.45682
-7.15468    0.572536    -6.58214     0.38169     6.42495
-7.16531    0.583163    -6.58214    0.388776     6.37576
-7.17878    0.596638    -6.58214    0.397759     6.31171
-7.19511    0.611991    -6.58312    0.407994     6.23532
-7.21147    0.628034    -6.58344     0.41869     6.15586
-7.22626    0.643465    -6.58279    0.428977     6.08031
-7.23982    0.657029    -6.58279     0.43802     6.01123
-7.25046    0.667662    -6.58279    0.445108     5.95538
-7.25735     0.67456    -6.58279    0.449707     5.91687
-7.26069    0.677249    -6.58344    0.451499     5.89678
-7.2578    0.675661    -6.58214    0.450441     5.90135
-7.25293    0.670143    -6.58279    0.446762     5.92067
-7.24456    0.661445    -6.58311    0.440963     5.95635
-7.23243    0.650617    -6.58182    0.433745     6.00644
-7.22036    0.638862    -6.58149    0.425908     6.05972
-7.20852    0.627354    -6.58117    0.418236     6.11287
-7.19855    0.617059    -6.58149    0.411372     6.15984
-7.19212    0.608686    -6.58344    0.405791     6.19516
-7.18511    0.602643    -6.58246    0.401762     6.22678
-7.18273    0.598974    -6.58376    0.399316     6.24299
-7.18124    0.597483    -6.58376    0.398322     6.25242
-7.18242    0.597693    -6.58473    0.398462     6.25221
-7.18531    0.598961    -6.58635    0.399307     6.24611
-7.18647    0.600448    -6.58603    0.400298     6.24347
-7.18666    0.601283    -6.58538    0.400856     6.24451
-7.18585    0.600793    -6.58506    0.400529     6.25073
-7.18109    0.598621    -6.58247    0.399081     6.26926
-7.17761    0.594817    -6.58279    0.396545     6.28851
-7.17449    0.589758    -6.58473    0.393172     6.30943
-7.16981    0.584107     -6.5857    0.389405     6.33462
-7.16271    0.578623    -6.58408    0.385749     6.36421
-7.1574    0.573962    -6.58344    0.382642     6.38736
-7.15346    0.570666    -6.58279    0.380444     6.40381
-7.15185    0.569059    -6.58279    0.379373     6.41069
-7.15371    0.569306    -6.58441    0.379537     6.40513
-7.15623    0.571503    -6.58473    0.381002     6.39323
-7.16103    0.575652    -6.58538    0.383768     6.37153
-7.1645    0.581714    -6.58279     0.38781     6.34819
-7.17261    0.589493    -6.58311    0.392995     6.31067
-7.1831    0.598695    -6.58441     0.39913     6.26458
-7.19334    0.608929    -6.58441    0.405953     6.21677
-7.2047    0.619648    -6.58505    0.413099     6.16558
-7.21755    0.630234    -6.58732    0.420156     6.11186
-7.22665    0.639981    -6.58667    0.426654      6.0687
-7.23259    0.648186    -6.58441    0.432124     6.03635
-7.23842    0.654336    -6.58408    0.436224     6.00948
-7.24147    0.658038    -6.58344    0.438692     5.99468
-7.241     0.65918    -6.58182    0.439453     5.99388
-7.23905    0.657882    -6.58117    0.438588     6.00227
-7.23371    0.654479    -6.57923    0.436319     6.02321
-7.22745    0.649514    -6.57793    0.433009     6.04998
-7.22249    0.643586     -6.5789    0.429057     6.07614
-7.21919    0.637375    -6.58182    0.424917      6.0992
-7.21431    0.631523    -6.58279    0.421015     6.12467
-7.20903    0.626567    -6.58246    0.417712      6.1487
-7.20458    0.622762    -6.58181    0.415175     6.16783
-7.201    0.620163    -6.58084    0.413442     6.18177
-7.20043    0.618613    -6.58181    0.412409      6.1864
-7.20083    0.617718    -6.58311    0.411812     6.18705
-7.20006    0.616954    -6.58311    0.411303     6.18972
-7.19914    0.615703    -6.58343    0.410469     6.19367
-7.19556    0.613423    -6.58214    0.408948     6.20562
-7.19315    0.609719    -6.58343     0.40648     6.21818
-7.18732    0.604539    -6.58278    0.403026      6.2417
-7.18023    0.598097    -6.58214    0.398731     6.27098
-7.17402    0.590919    -6.58311    0.393946     6.30003
-7.16827    0.583872     -6.5844    0.389248     6.32783
-7.16305    0.577998    -6.58505    0.385332     6.35186
-7.15969    0.574317    -6.58537    0.382878     6.36686
-7.15766    0.573581    -6.58408    0.382387     6.37229
-7.15887    0.576088    -6.58278    0.384059     6.36329
-7.16525    0.581495    -6.58375    0.387664     6.33638
-7.17268    0.588927    -6.58375    0.392618     6.30252
-7.18081     0.59706    -6.58375     0.39804     6.26524
-7.18961     0.60456    -6.58505     0.40304     6.22754
-7.19485    0.610447     -6.5844    0.406964     6.20089
-7.19611      0.6143    -6.58181    0.409533     6.18718
-7.1966     0.61641    -6.58019     0.41094     6.17885
-7.19949    0.617677    -6.58181    0.411785     6.16711
-7.20075    0.619267    -6.58149    0.412844     6.15826
-7.20431    0.622171    -6.58213    0.414781     6.14181
-7.20789    0.626721    -6.58116    0.417814     6.12195
-7.21567    0.632565    -6.58311     0.42171      6.0904
-7.22357    0.638844    -6.58473    0.425896     6.05796
-7.22962    0.644568    -6.58505    0.429712     6.03108
-7.23376    0.649035    -6.58473     0.43269      6.0117
-7.23629     0.65189     -6.5844    0.434593     6.00024
-7.23612    0.653008    -6.58311    0.435339     5.99942
-7.23433    0.652515    -6.58181     0.43501      6.0068
-7.23304    0.650586    -6.58246    0.433724     6.01749
-7.23205    0.647329    -6.58472    0.431553      6.0315
-7.22603    0.642927    -6.58311    0.428618     6.05983
-7.21881    0.637649    -6.58116    0.425099     6.09322
-7.2136    0.631792    -6.58181    0.421195      6.1235
-7.20504    0.625822    -6.57922    0.417215     6.16118
-7.19762    0.620021     -6.5776    0.413347     6.19533
-7.19188    0.614599    -6.57728    0.409732     6.22401
-7.18855    0.609649     -6.5789    0.406432     6.24515
-7.18481    0.605259    -6.57955    0.403506     6.26461
-7.18047    0.601567     -6.5789    0.401044     6.28245
-7.17542    0.598786    -6.57663     0.39919     6.29834
-7.17391    0.597275    -6.57663    0.398183     6.30223
-7.17251    0.597497    -6.57501    0.398331     6.30075
-7.1726    0.599857    -6.57275    0.399905      6.2902
-7.17958    0.604565    -6.57501    0.403043     6.25856
-7.18726    0.611593    -6.57566    0.407728     6.21977
-7.20005    0.620506    -6.57955     0.41367     6.16546
-7.20979    0.630566    -6.57923    0.420377     6.11555
-7.22126    0.640739    -6.58052    0.427159     6.06229
-7.22998    0.649782     -6.5802    0.433188     6.01844
-7.24003    0.656597    -6.58344    0.437731     5.97822
-7.24481    0.660082    -6.58473    0.440055     5.95873
-7.24578    0.659427    -6.58635    0.439618     5.95882
-7.24119    0.654189      -6.587    0.436126     5.98338
-7.22979    0.644411    -6.58538    0.429608     6.03506
-7.216     0.63062    -6.58538    0.420413      6.1028
-7.19918    0.613799    -6.58538      0.4092     6.18524
-7.1811    0.595395     -6.5857     0.39693     6.27475
-7.16126    0.577175    -6.58408    0.384783     6.36793
-7.146     0.56095    -6.58505    0.373967     6.44622
-7.13282    0.548414    -6.58441    0.365609     6.51071
-7.12658    0.540876     -6.5857    0.360584     6.54723
-7.12388    0.539148    -6.58473    0.359432     6.56104
-7.12937    0.543347    -6.58602    0.362231     6.54163
-7.13848    0.552782     -6.5857    0.368521      6.5005
-7.1508    0.566064    -6.58473    0.377376     6.44193
-7.16407    0.581282    -6.58279    0.387521     6.37556
-7.17834    0.596199    -6.58214    0.397466      6.3067
-7.18922      0.6087    -6.58052      0.4058     6.25006
-7.19802    0.617172    -6.58085    0.411448     6.20682
-7.19938    0.620795    -6.57858    0.413863      6.1909
-7.19955    0.619674    -6.57988    0.413116     6.18875
-7.19627     0.61478    -6.58149    0.409853     6.20336
-7.19018    0.607714    -6.58246    0.405142     6.22988
-7.18117    0.600324    -6.58084    0.400216      6.2644
-7.17444    0.594245     -6.5802    0.396163     6.29171
-7.17117    0.590651    -6.58052    0.393767     6.30648
-7.1702    0.590001     -6.5802    0.393334     6.30993
-7.17424    0.592105    -6.58214    0.394737     6.29628
-7.1804    0.596318    -6.58408    0.397545      6.2733
-7.18442    0.601636    -6.58279    0.401091     6.25232
-7.19079    0.607028    -6.58376    0.404685     6.22592
-7.19439    0.611606    -6.58279    0.407737     6.20728
-7.1972    0.614735    -6.58246    0.409823     6.19362
-7.19799    0.616173    -6.58182    0.410782     6.18824
-7.19883     0.61604    -6.58279    0.410693     6.18642
-7.19854    0.614784    -6.58376    0.409856      6.1897
-7.19518    0.613043    -6.58214    0.408695     6.20077
-7.19365    0.611506    -6.58214     0.40767     6.20719
-7.19196    0.610785    -6.58117     0.40719      6.2117
-7.1928      0.6113     -6.5815    0.407533     6.20735
-7.19503    0.613211    -6.58182    0.408807     6.19611
-7.19728    0.616434    -6.58085    0.410956     6.18101
-7.20393    0.620818    -6.58311    0.413879     6.15288
-7.20956    0.626117    -6.58344    0.417411     6.12409
-7.21561    0.632175    -6.58344     0.42145     6.09207
-7.22259    0.638827    -6.58376    0.425885     6.05635
-7.23131    0.645926    -6.58538    0.430618     6.01587
-7.2409    0.653256    -6.58765    0.435504     5.97332
-7.24755    0.660546      -6.587    0.440364     5.93809
-7.25472    0.667395    -6.58733     0.44493      5.9037
-7.26134    0.673362    -6.58798    0.448908     5.87365
-7.26475    0.678065    -6.58668    0.452043      5.8548
-7.26558    0.681162    -6.58442    0.454108     5.84671
-7.26734    0.682279    -6.58506    0.454852     5.84244
-7.26458    0.681136    -6.58344     0.45409     5.85445
-7.25807    0.677545    -6.58053    0.451696     5.88138
-7.2516    0.671397    -6.58021    0.447598     5.91494
-7.24429     0.66279     -6.5815     0.44186     5.95642
-7.23492    0.652128     -6.5828    0.434752      6.0073
-7.2232    0.640079    -6.58312    0.426719     6.06647
-7.21029    0.627492     -6.5828    0.418328     6.12943
-7.19724    0.615092    -6.58215    0.410061     6.19211
-7.18581    0.603341    -6.58247    0.402227     6.24956
-7.17416    0.592333    -6.58182    0.394889     6.30553
-7.16399    0.581837    -6.58215    0.387891     6.35659
-7.15241    0.571561    -6.58085     0.38104     6.40957
-7.14187    0.561343    -6.58053    0.374228     6.45948
-7.13117    0.551294    -6.57988     0.36753      6.5086
-7.12107    0.541835    -6.57923    0.361224     6.55437
-7.11312    0.533563    -6.57955    0.355708     6.59191
-7.10834    0.527167    -6.58117    0.351444     6.61741
-7.10415    0.523298    -6.58085    0.348865     6.63507
-7.10358    0.522411    -6.58117    0.348274     6.63721
-7.10426    0.524703    -6.57955    0.349802     6.62855
-7.10937    0.530137    -6.57923    0.353425      6.6022
-7.1187    0.538494     -6.5802    0.358996     6.55926
-7.1292    0.549318    -6.57988    0.366212     6.50737
-7.14167    0.562118    -6.57955    0.374745     6.44619
-7.15651    0.576306     -6.5802    0.384204     6.37643
-7.17176    0.591238    -6.58053    0.394159       6.304
-7.18841    0.606267    -6.58214    0.404178     6.22847
-7.20356    0.620766    -6.58279    0.413844     6.15783
-7.21499    0.634139    -6.58085    0.422759     6.09858
-7.22539    0.645833    -6.57956    0.430555     6.04641
-7.23485    0.655291    -6.57956    0.436861     6.00243
-7.24163    0.662076    -6.57956    0.441384     5.97144
-7.24646    0.665933    -6.58053    0.443955     5.95253
-7.24988    0.666764    -6.58312    0.444509     5.94468
-7.2481    0.664654    -6.58344    0.443102     5.95593
-7.24127    0.659769     -6.5815    0.439846     5.98521
-7.23325    0.652393    -6.58085    0.434929     6.02319
-7.22216    0.642926    -6.57923    0.428617     6.07279
-7.2104    0.631813    -6.57858    0.421208     6.12741
-7.19921    0.619654    -6.57956    0.413103     6.18276
-7.18545    0.607189    -6.57826    0.404793     6.24384
-7.17253    0.595242    -6.57729    0.396828      6.3011
-7.16298    0.584718    -6.57826    0.389812     6.34684
-7.15288    0.576561    -6.57632    0.384374     6.38757
-7.14782    0.571497    -6.57632    0.380998     6.40934
-7.14611    0.570119      -6.576    0.380079     6.41453
-7.14776    0.572733    -6.57502    0.381822     6.40266
-7.15585    0.579209    -6.57664    0.386139     6.36742
-7.16675    0.588815    -6.57794    0.392543     6.31845
-7.17795    0.600336    -6.57762    0.400224      6.2641
-7.19054     0.61228    -6.57826    0.408186     6.20548
-7.20281    0.623249    -6.57956    0.415499     6.14971
-7.21466    0.632187    -6.58247    0.421458     6.09954
-7.21939    0.638528    -6.58086    0.425686     6.07111
-7.22303    0.642171    -6.58086    0.428114     6.05172
-7.22484    0.643335     -6.5815     0.42889     6.04261
-7.22495    0.642477    -6.58247    0.428318     6.04256
-7.22256    0.640087    -6.58247    0.426725     6.05201
-7.2186    0.636772    -6.58183    0.424514     6.06749
-7.21397    0.633117    -6.58085    0.422078     6.08556
-7.21114    0.629639     -6.5815    0.419759     6.09951
-7.20896     0.62681    -6.58215    0.417874     6.11088
-7.20637    0.624872     -6.5815    0.416581     6.12148
-7.20658    0.623783     -6.5828    0.415855     6.12435
-7.20643    0.623316    -6.58312    0.415544     6.12682
-7.21053    0.623205    -6.58733     0.41547     6.11961
-7.21017    0.623167      -6.587    0.415445     6.12234
-7.20775    0.623016    -6.58474    0.415344     6.13019
-7.20585    0.622728    -6.58312    0.415152      6.1378
-7.2064    0.622311    -6.58409    0.414874     6.14081
-7.20823    0.621874    -6.58636    0.414582     6.14153
-7.20762    0.621587    -6.58603    0.414391     6.14757
-7.20767    0.621643    -6.58603    0.414429     6.15162
-7.20721    0.622148    -6.58506    0.414765     6.15576
-7.20694    0.623172    -6.58377    0.415448     6.15818
-7.20838    0.624616    -6.58377    0.416411     6.15568
-7.21125    0.626191    -6.58506    0.417461     6.14951
-7.21343    0.627397    -6.58603    0.418265     6.14536
-7.21265    0.627594    -6.58506    0.418396     6.14961
-7.21092    0.626187    -6.58474    0.417458     6.15941
-7.2042    0.622704     -6.5815    0.415136     6.18473
-7.1981    0.616923    -6.58117    0.411282     6.21386
-7.1892    0.608997     -6.5802    0.405998     6.25397
-7.17933     0.59945    -6.57988    0.399633     6.29989
-7.1687    0.589147    -6.57955    0.392764     6.34917
-7.16034    0.579171    -6.58117    0.386114     6.39266
-7.15281    0.570674    -6.58214    0.380449     6.43078
-7.14648    0.564661    -6.58182    0.376441     6.46035
-7.14491      0.5618    -6.58311    0.374533     6.47188
-7.1435    0.562328    -6.58117    0.374885     6.47474
-7.1482    0.566064    -6.58214    0.377376     6.45622
-7.15396     0.57247    -6.58149    0.381647     6.42855
-7.16155    0.580703    -6.58084    0.387135     6.39194
-7.17124     0.58975    -6.58149    0.393167     6.34824
-7.17671    0.598454    -6.57826     0.39897     6.31412
-7.18645    0.605599    -6.58085    0.403733     6.27394
-7.19065    0.610127    -6.58052    0.406751     6.25158
-7.19284    0.611342    -6.58149    0.407561     6.24099
-7.19225    0.609142    -6.58311    0.406095     6.24405
-7.18756     0.60412    -6.58343    0.402747     6.26239
-7.18025    0.597461    -6.58279    0.398308     6.28994
-7.17224    0.590748    -6.58149    0.393832     6.31892
-7.16844    0.585652    -6.58278    0.390435     6.33482
-7.16829    0.583567    -6.58473    0.389044     6.33561
-7.1698      0.5854     -6.5844    0.390266     6.32366
-7.17449    0.591384    -6.58311    0.394256     6.29514
-7.18415    0.601042    -6.58311    0.400695     6.24728
-7.19615    0.613366    -6.58278    0.408911     6.18831
-7.21033    0.626901    -6.58343    0.417934     6.12199
-7.2242     0.64012    -6.58408    0.426747     6.05749
-7.2351    0.651671    -6.58343    0.434447     6.00397
-7.24598    0.660603    -6.58537    0.440402      5.9576
-7.25146    0.666407    -6.58505    0.444271     5.93148
-7.25735     0.66906    -6.58829     0.44604     5.91318
-7.25591    0.668913    -6.58699    0.445942     5.91883
-7.25158    0.666529    -6.58505    0.444352     5.93739
-7.24854     0.66252    -6.58602     0.44168      5.9582
-7.2437    0.657354    -6.58635    0.438236     5.98659
-7.23446    0.651353    -6.58311    0.434235     6.02709
-7.22708    0.644623    -6.58246    0.429748     6.06525
-7.22164    0.637235     -6.5844    0.424823     6.10028
-7.21275    0.629317    -6.58343    0.419545     6.14326
-7.20454    0.621104    -6.58343    0.414069     6.18436
-7.19673    0.612976    -6.58376     0.40865     6.22302
-7.18991    0.605508     -6.5844    0.403672     6.25662
-7.18476    0.599387    -6.58538    0.399592     6.28232
-7.18156    0.595217    -6.58635    0.396812      6.2983
-7.18008    0.593407    -6.58667    0.395605     6.30431
-7.18012    0.594096    -6.58602    0.396064     6.30071
-7.18147     0.59706    -6.58441     0.39804     6.28879
-7.18709    0.601716    -6.58538    0.401144      6.2636
-7.19324    0.607212    -6.58603    0.404808     6.23547
-7.19768    0.612622    -6.58506    0.408415     6.21159
-7.20054      0.6171    -6.58344      0.4114     6.19381
-7.20405    0.619962    -6.58409    0.413308     6.17885
-7.20364    0.620852    -6.58279    0.413901      6.1776
-7.20021    0.619689    -6.58052    0.413126     6.18838
-7.19684    0.616637     -6.5802    0.411092     6.20415
-7.19188    0.612006    -6.57988    0.408004     6.22767
-7.18641    0.606211     -6.5802    0.404141     6.25547
-7.17997    0.599769     -6.5802    0.399846     6.28717
-7.17504     0.59322    -6.58182     0.39548     6.31577
-7.17024    0.587131    -6.58311    0.391421     6.34259
-7.16512    0.582004    -6.58311    0.388002     6.36688
-7.16253    0.578447    -6.58408    0.385631     6.38075
-7.164    0.576999      -6.587    0.384666     6.37937
-7.1664    0.578108    -6.58829    0.385405     6.36828
-7.17137    0.582107    -6.58926    0.388072     6.34318
-7.17805    0.589109    -6.58894    0.392739     6.30582
-7.18723    0.598937    -6.58829    0.399291     6.25518
-7.19875    0.611111    -6.58764    0.407407     6.19328
-7.2108    0.624773    -6.58603    0.416516     6.12668
-7.22544    0.638765    -6.58667    0.425844     6.05404
-7.23688    0.651825    -6.58506     0.43455     5.99139
-7.24879    0.662764    -6.58603    0.441842     5.93382
-7.2577    0.670704      -6.587    0.447136     5.89145
-7.26137    0.675018    -6.58635    0.450012       5.871
-7.26326    0.675294    -6.58797    0.450196     5.86605
-7.26025    0.671311    -6.58894    0.447541     5.88389
-7.25073    0.663086    -6.58765    0.442057     5.92775
-7.23889     0.65092    -6.58797    0.433947     5.98731
-7.22323    0.635587    -6.58765    0.423725      6.0635
-7.20536    0.618364      -6.587    0.412242     6.14926
-7.1877    0.601028    -6.58667    0.400685     6.23468
-7.17003    0.585627    -6.58441    0.390418     6.31503
-7.15892    0.574187    -6.58473    0.382791      6.3711
-7.15319    0.568138    -6.58505    0.378759     6.40167
-7.15158    0.568141    -6.58343     0.37876     6.40778
-7.157    0.573887    -6.58311    0.382591     6.38364
-7.16867    0.584261    -6.58441    0.389507     6.33363
-7.18264     0.59758    -6.58506    0.398387     6.27032
-7.19646    0.612053    -6.58441    0.408035     6.20352
-7.21045    0.626041    -6.58441    0.417361     6.13689
-7.22201    0.638244    -6.58376    0.425496     6.07976
-7.23084    0.647725    -6.58312    0.431817     6.03568
-7.23729    0.653849    -6.58344      0.4359     6.00595
-7.23739    0.656217    -6.58118    0.437478     6.00052
-7.23419    0.654634    -6.57956    0.436422     6.01332
-7.22871    0.649156    -6.57956     0.43277     6.04191
-7.21811    0.640175    -6.57794    0.426783     6.09144
-7.20633    0.628396    -6.57794     0.41893      6.1513
-7.19182    0.614858    -6.57697    0.409905     6.22201
-7.17712    0.600805    -6.57632    0.400537      6.2947
-7.16578    0.587523    -6.57826    0.391682     6.35824
-7.15309    0.576121    -6.57697     0.38408     6.41994
-7.14532    0.567386    -6.57794    0.378258     6.46381
-7.14067    0.561767    -6.57891    0.374511     6.49244
-7.13895     0.55939    -6.57956    0.372927     6.50578
-7.14028    0.560072     -6.5802    0.373381     6.50384
-7.14456    0.563387    -6.58118    0.375592     6.48782
-7.15022    0.568715     -6.5815    0.379143     6.46271
-7.15716    0.575332    -6.58182    0.383554     6.43047
-7.16498     0.58251    -6.58247     0.38834     6.39373
-7.17183    0.589678    -6.58215    0.393118     6.35802
-7.17865    0.596499    -6.58215    0.397666     6.32218
-7.18538     0.60291    -6.58247     0.40194     6.28665
-7.19383    0.609095    -6.58474    0.406063     6.24735
-7.19901    0.615246    -6.58377    0.410164     6.21471
-7.20567    0.621581    -6.58409    0.414387      6.1781
-7.21321    0.628152    -6.58506    0.418768     6.13887
-7.21924    0.634826    -6.58441    0.423218     6.10283
-7.226     0.64126    -6.58474    0.427506      6.0661
-7.23008    0.646959    -6.58312    0.431306     6.03748
-7.23451    0.651387    -6.58312    0.434258     6.01193
-7.23779    0.654025    -6.58377    0.436017     5.99426
-7.23783    0.654385    -6.58344    0.436257     5.99036
-7.23786     0.65215    -6.58571    0.434767     5.99408
-7.23518    0.647199    -6.58798    0.431466     6.01167
-7.22957    0.639646    -6.58992    0.426431     6.04325
-7.2172    0.629866    -6.58733     0.41991     6.09609
-7.20644    0.618467    -6.58798    0.412312     6.15013
-7.1917    0.606316    -6.58538     0.40421     6.21529
-7.17848    0.594387    -6.58409    0.396258     6.27684
-7.16686    0.583741    -6.58312     0.38916     6.33178
-7.15917    0.575408    -6.58377    0.383606      6.3724
-7.15434     0.57025    -6.58409    0.380167       6.399
-7.15216    0.568718    -6.58344    0.379145     6.41088
-7.1525     0.57068    -6.58182    0.380454     6.40845
-7.15731    0.575484    -6.58182    0.383656     6.38899
-7.16124    0.582006    -6.57923    0.388004     6.36661
-7.16656    0.588947    -6.57762    0.392631     6.33934
-7.17374     0.59515    -6.57859    0.396767     6.30882
-7.18004     0.59983    -6.58021    0.399887     6.28286
-7.18423    0.602725     -6.5815    0.401817     6.26494
-7.18489     0.60404    -6.58085    0.402693     6.25788
-7.18422    0.604335    -6.57988     0.40289     6.25578
-7.18364    0.604407    -6.57923    0.402938     6.25378
-7.18369    0.605105    -6.57859    0.403404     6.24889
-7.1867    0.607146    -6.57956    0.404764     6.23447
-7.19082    0.610935    -6.57988     0.40729     6.21372
-7.19664    0.616434     -6.5802    0.410956      6.1854
-7.20506    0.623236    -6.58182    0.415491      6.1485
-7.21348     0.63068     -6.5828    0.420453     6.11029
-7.21888    0.638027    -6.58085    0.425351      6.0791
-7.22483    0.644627     -6.5802    0.429751     6.04884
-7.23019    0.649987    -6.58021    0.433325     6.02338
-7.2336    0.653718    -6.57988    0.435812     6.00681
-7.2357    0.655499    -6.58021    0.436999     5.99864
-7.23398    0.655065    -6.57891     0.43671     6.00516
-7.23331    0.652136    -6.58118    0.434757     6.01613
-7.22912     0.64665    -6.58247      0.4311     6.04164
-7.22248    0.638718    -6.58377    0.425812     6.07867
-7.21519    0.628841    -6.58635    0.419227     6.12188
-7.20615     0.61785     -6.5883      0.4119     6.17138
-7.19487    0.606895    -6.58797    0.404596     6.22519
-7.18435     0.59735      -6.587    0.398233     6.27346
-7.17646    0.590434    -6.58603    0.393623     6.30905
-7.17406    0.587062      -6.587    0.391375     6.32367
-7.17257     0.58751    -6.58506    0.391673     6.32673
-7.17607    0.591332    -6.58473    0.394222      6.3104
-7.18188    0.597467    -6.58441    0.398311     6.28298
-7.18868    0.604591    -6.58409    0.403061     6.25061
-7.19643    0.611374    -6.58506    0.407583     6.21664
-7.20378    0.616775      -6.587    0.411183     6.18674
-7.2081    0.620124    -6.58797    0.413416     6.16837
-7.2082    0.621197      -6.587    0.414131     6.16489
-7.20716    0.620154      -6.587    0.413436     6.16937
-7.20375    0.617396    -6.58636    0.411597      6.1835
-7.19856    0.613499    -6.58506    0.408999     6.20462
-7.19251    0.609067    -6.58344    0.406045      6.2291
-7.19008    0.604697    -6.58538    0.403131     6.24561
-7.1859     0.60084    -6.58506     0.40056     6.26445
-7.18102    0.597907    -6.58311    0.398604     6.28209
-7.17968    0.596243    -6.58344    0.397495     6.28828
-7.18122     0.59617    -6.58506    0.397446     6.28366
-7.18032    0.597856    -6.58247    0.398571     6.27941
-7.18318    0.601365    -6.58182     0.40091     6.26204
-7.18991    0.606475    -6.58344    0.404316     6.23188
-7.19654    0.612779    -6.58376     0.40852     6.19883
-7.20336    0.619597    -6.58376    0.413065     6.16398
-7.21026    0.626173    -6.58409    0.417448     6.12976
-7.21672    0.631659    -6.58506    0.421106     6.09949
-7.22136    0.635326    -6.58603     0.42355     6.07804
-7.22242    0.636713    -6.58571    0.424475     6.07047
-7.22045    0.635711    -6.58473    0.423807     6.07603
-7.21472    0.632575    -6.58214    0.421717     6.09592
-7.21088    0.627762    -6.58311    0.418508      6.1168
-7.20527    0.621833    -6.58344    0.414555     6.14507
-7.20027    0.615536    -6.58473    0.410357     6.17363
-7.19605    0.609701    -6.58635    0.406467     6.19991
-7.19121    0.605181    -6.58603    0.403454     6.22474
-7.18807    0.602691    -6.58538    0.401794       6.241
-7.18908    0.602734    -6.58635    0.401823       6.242
-7.19043    0.605375    -6.58505    0.403583     6.23557
-7.19312    0.610327    -6.58279    0.406885     6.22006
-7.20101    0.616922    -6.58408    0.411281     6.18833
-7.20842    0.624335    -6.58409    0.416224     6.15464
-7.2145    0.631707    -6.58279    0.421138     6.12288
-7.22078     0.63831    -6.58247     0.42554     6.09165
-7.22669    0.643571    -6.58311    0.429047     6.06379
-7.22962    0.647153    -6.58247    0.431436     6.04607
-7.23114    0.648993    -6.58214    0.432662      6.0356
-7.2317     0.64923    -6.58247     0.43282     6.03128
-7.23095    0.648158    -6.58279    0.432106     6.03346
-7.22958     0.64614    -6.58344     0.43076     6.04016
-7.22775    0.643342    -6.58441    0.428895     6.05068
-7.22408    0.639675    -6.58441     0.42645     6.06802
-7.21875    0.634988    -6.58376    0.423325       6.092
-7.21487    0.629163     -6.5857    0.419442     6.11595
-7.20762    0.622242    -6.58538    0.414828     6.15009
-7.20023    0.614529     -6.5857    0.409686     6.18652
-7.19263    0.606601    -6.58602    0.404401     6.22398
-7.18263    0.599195    -6.58343    0.399463     6.26564
-7.17635    0.592918    -6.58343    0.395279     6.29674
-7.1709    0.588118    -6.58279    0.392078      6.3227
-7.16793    0.584823    -6.58311    0.389882     6.33983
-7.16683    0.582745    -6.58408    0.388497     6.34998
-7.16584    0.581432    -6.58441    0.387621     6.35778
-7.16524    0.580508    -6.58473    0.387005     6.36342
-7.1661    0.579755    -6.58635    0.386503     6.36493
-7.16265    0.579212    -6.58344    0.386141     6.37478
-7.16089    0.579069    -6.58182    0.386046     6.37917
-7.16155    0.579729    -6.58182    0.386486      6.3756
-7.16309    0.581597    -6.58149    0.387732      6.3664
-7.16843    0.584994    -6.58343    0.389996     6.34452
-7.17446    0.590054    -6.58441    0.393369     6.31653
-7.18104     0.59663    -6.58441    0.397754     6.28321
-7.19001    0.604304     -6.5857     0.40287     6.24159
-7.19724    0.612504    -6.58473    0.408336     6.20223
-7.20596    0.620576    -6.58538    0.413717     6.15991
-7.21131    0.627871    -6.58344    0.418581     6.12707
-7.21658    0.633789    -6.58279    0.422526     6.09826
-7.22001    0.637864    -6.58214    0.425243     6.07872
-7.22191    0.639769    -6.58214    0.426512     6.06881
-7.22017    0.639324    -6.58085    0.426216     6.07368
-7.21905    0.636583    -6.58247    0.424389      6.0841
-7.21684    0.631784    -6.58506    0.421189     6.10324
-7.20908    0.625321    -6.58376    0.416881     6.13966
-7.20122    0.617783    -6.58344    0.411855     6.17983
-7.19399      0.6099    -6.58409      0.4066     6.22007
-7.1862    0.602441    -6.58376    0.401627     6.26077
-7.17954    0.596107    -6.58344    0.397405     6.29629
-7.17417    0.591376    -6.58279    0.394251     6.32462
-7.17165    0.588539    -6.58311    0.392359     6.34114
-7.17121    0.587777    -6.58344    0.391851     6.34686
-7.17257    0.589139    -6.58344    0.392759     6.34209
-7.176    0.592565    -6.58344    0.395043     6.32628
-7.18235    0.597939    -6.58441    0.398626     6.29799
-7.1894    0.604994    -6.58441    0.403329      6.2629
-7.19708    0.613314    -6.58376    0.408876      6.2226
-7.20502    0.622227    -6.58279    0.414818     6.17971
-7.21435    0.630912    -6.58344    0.420608      6.1341
-7.22128    0.638488    -6.58279    0.425659     6.09647
-7.22788    0.644119    -6.58376    0.429413     6.06455
-7.22936    0.647217    -6.58215    0.431478     6.05045
-7.22801    0.647481    -6.58053    0.431654        6.05
-7.22525    0.645049     -6.5802    0.430032     6.06004
-7.21924    0.640332     -6.5789    0.426888     6.08378
-7.21275     0.63385     -6.5789    0.422567     6.11375
-7.20449    0.626238    -6.57826    0.417492     6.15123
-7.19699    0.618084     -6.5789    0.412056     6.18912
-7.18819    0.609933    -6.57825    0.406622     6.23039
-7.18085    0.602269    -6.57858    0.401513      6.2676
-7.17446    0.595558     -6.5789    0.397039     6.30048
-7.16723    0.590271    -6.57696    0.393514     6.33173
-7.16341    0.586775    -6.57664    0.391183     6.35117
-7.16346    0.585202    -6.57826    0.390135     6.35746
-7.1653     0.58543    -6.57987    0.390287     6.35549
-7.1681    0.586934    -6.58117     0.39129      6.3482
-7.17075    0.588934    -6.58182    0.392623     6.33972
-7.17011    0.590554    -6.57955    0.393703     6.33894
-7.17049    0.590939    -6.57955     0.39396      6.3383
