           1        2451     1.54794     1.54794           0
           2        2421     1.50842     1.52818   0.0197608
           3        2434      1.4377     1.49802   0.0322463
           4        2529     1.62451     1.52964   0.0389861
           5        2566     1.60068     1.54385   0.0333736
           6        2490      1.4751     1.53239   0.0295604
           7        2400     1.41562     1.51571   0.0300406
           8        2463      1.5085     1.51481   0.0260315
           9        2513     1.62751     1.52733   0.0261508
          10        2494     1.51079     1.52568   0.0234484
          11        2524     1.54784     1.52769   0.0213053
          12        2493     1.49743     1.52517   0.0196119
          13        2457     1.50356     1.52351   0.0181167
          14        2412     1.46964     1.51966   0.0172085
          15        2560     1.64702     1.52815   0.0181313
          16        2452      1.5292     1.52822   0.0169604
          17        2485     1.47734     1.52522   0.0162102
          18        2353     1.44545     1.52079   0.0159128
          19        2471     1.44992     1.51706   0.0155072
          20        2509       1.573     1.51986    0.014975
          21        2507     1.55183     1.52138   0.0143252
          22        2501      1.4642     1.51878   0.0139036
          23        2497     1.51892     1.51879   0.0132854
          24        2576     1.53523     1.51947   0.0127382
          25        2528     1.55612     1.52094   0.0123057
          26        2457     1.45089     1.51824    0.012126
          27        2465     1.49895     1.51753   0.0116901
          28        2483     1.41446     1.51385   0.0118511
          29        2380     1.42045     1.51063     0.01188
          30        2542     1.51298     1.51071   0.0114775
          31        2459     1.42863     1.50806   0.0114125
          32        2479     1.48294     1.50727   0.0110779
          33        2449     1.43275     1.50502   0.0109719
          34        2483     1.50495     1.50501   0.0106443
          35        2382      1.4066      1.5022   0.0107113
          36        2434     1.43522     1.50034   0.0105745
          37        2433     1.42672     1.49835   0.0104754
          38        2471     1.51034     1.49867   0.0102009
          39        2465      1.5292     1.49945  0.00996672
          40        2497     1.47598     1.49886  0.00973206
          41        2486     1.52545     1.49951  0.00951385
          42        2498     1.46968      1.4988  0.00931169
          43        2499     1.60441     1.50126  0.00941844
          44        2435     1.45244     1.50015  0.00926855
          45        2498     1.49646     1.50007  0.00906061
          46        2518     1.54505     1.50104  0.00891526
          47        2509     1.57521     1.50262  0.00886507
          48        2395     1.47251     1.50199  0.00870106
          49        2518     1.51872     1.50234  0.00852847
          50        2531     1.63506     1.50499  0.00876763
          51        2480     1.46603     1.50423  0.00862788
          52        2411     1.46052     1.50339  0.00850199
          53        2450     1.45506     1.50247  0.00838972
          54        2530     1.50624     1.50254  0.00823319
          55        2528     1.48166     1.50216  0.00809102
          56        2476     1.61072      1.5041   0.0081783
          57        2379     1.46657     1.50344  0.00806049
          58        2540     1.58846     1.50491   0.0080548
          59        2429     1.48971     1.50465  0.00792129
          60        2411     1.45831     1.50388  0.00782636
          61        2528     1.49736     1.50377  0.00769773
          62        2461     1.51252     1.50391  0.00757387
          63        2514     1.62898      1.5059  0.00771254
          64        2449     1.55049      1.5066  0.00762297
          65        2503     1.56861     1.50755  0.00756517
          66        2549     1.49183     1.50731  0.00745347
          67        2481      1.5091     1.50734  0.00734143
          68        2474     1.47094      1.5068  0.00725244
          69        2515     1.52841     1.50712  0.00715341
          70        2518     1.55223     1.50776  0.00707987
          71        2436     1.53265     1.50811  0.00698824
          72        2464      1.5111     1.50815  0.00689062
          73        2389     1.39701     1.50663  0.00696404
          74        2393      1.4343     1.50565  0.00693848
          75        2517     1.50732     1.50568  0.00684538
          76        2403     1.45577     1.50502  0.00678655
          77        2535     1.54089     1.50548  0.00671402
          78        2470     1.47125     1.50505  0.00664191
          79        2517     1.43372     1.50414  0.00661916
          80        2462     1.46746     1.50368  0.00655196
          81        2498      1.5179     1.50386  0.00647295
          82        2542     1.54473     1.50436  0.00641292
          83        2465     1.49909     1.50429  0.00633551
          84        2460     1.48287     1.50404  0.00626482
          85        2453     1.49917     1.50398  0.00619094
          86        2511     1.45926     1.50346   0.0061406
          87        2539     1.50728     1.50351  0.00606976
          88        2445     1.43837     1.50277  0.00604588
          89        2490     1.54518     1.50324  0.00599653
          90        2389     1.40166     1.50211  0.00603599
          91        2476     1.50071      1.5021  0.00596931
          92        2474     1.48448     1.50191  0.00590718
          93        2399     1.43738     1.50121  0.00588436
          94        2406     1.52656     1.50148  0.00582767
          95        2450     1.47503      1.5012  0.00577272
          96        2467     1.52419     1.50144  0.00571728
          97        2503     1.53116     1.50175  0.00566632
          98        2481     1.56081     1.50235   0.0056405
          99        2456     1.45666     1.50189  0.00560228
         100        2455     1.52153     1.50209  0.00554945
         101        2510     1.55449     1.50261  0.00551867
         102        2404     1.40142     1.50161  0.00555362
         103        2503     1.52328     1.50182  0.00550345
         104        2547      1.5466     1.50226  0.00546726
         105        2486     1.50738      1.5023  0.00541516
         106        2466     1.45429     1.50185  0.00538292
         107        2498     1.46718     1.50153  0.00534221
         108        2498     1.47508     1.50128  0.00529818
         109        2563     1.49361     1.50121  0.00524982
         110        2491     1.55237     1.50168  0.00522262
         111        2453     1.46041     1.50131  0.00518869
         112        2480     1.62745     1.50243  0.00526407
         113        2434     1.48123     1.50224  0.00522065
         114        2477       1.545     1.50262  0.00518822
         115        2461     1.48962     1.50251  0.00514415
         116        2504     1.45885     1.50213  0.00511348
         117        2499     1.53546     1.50241  0.00507759
         118        2537     1.57382     1.50302  0.00507061
         119        2489     1.53054     1.50325  0.00503313
         120        2542     1.58368     1.50392  0.00503581
         121        2425     1.44638     1.50345  0.00501661
         122        2450     1.55364     1.50386  0.00499231
         123        2546     1.54671     1.50421  0.00496379
         124        2513     1.46926     1.50392  0.00493166
         125        2429     1.46124     1.50358  0.00490395
         126        2483     1.51707     1.50369  0.00486605
         127        2473      1.4976     1.50364  0.00482782
         128        2469     1.47983     1.50346  0.00479357
         129        2439     1.48039     1.50328  0.00475962
         130        2428     1.47281     1.50304  0.00472868
         131        2432      1.3653     1.50199  0.00480881
         132        2450      1.4641      1.5017  0.00478087
         133        2409       1.384     1.50082  0.00482661
         134        2477     1.46714     1.50057  0.00479705
         135        2494     1.55987     1.50101   0.0047816
         136        2507      1.4971     1.50098   0.0047464
         137        2497     1.56489     1.50144  0.00473467
         138        2454     1.49265     1.50138  0.00470066
         139        2485     1.47444     1.50119  0.00467075
         140        2397     1.45483     1.50086  0.00464907
         141        2444     1.43445     1.50038  0.00463994
         142        2483     1.45541     1.50007  0.00461802
         143        2501     1.51637     1.50018  0.00458703
         144        2520     1.52816     1.50038  0.00455921
         145        2525     1.47929     1.50023  0.00452999
         146        2493     1.48549     1.50013  0.00449999
         147        2421     1.35274     1.49913  0.00458036
         148        2428     1.39103      1.4984  0.00460757
         149        2507     1.48354      1.4983  0.00457763
         150        2399     1.35948     1.49737  0.00464023
         151        2531     1.51701      1.4975  0.00461123
         152        2467     1.48988     1.49745  0.00458107
         153        2464     1.45018     1.49714   0.0045615
         154        2437     1.50284     1.49718  0.00453194
         155        2512     1.43928     1.49681  0.00451807
         156        2462      1.5156     1.49693  0.00449063
         157        2500     1.56507     1.49736    0.004483
         158        2516     1.54011     1.49763  0.00446274
         159        2416     1.46658     1.49744  0.00443888
         160        2490     1.45241     1.49715  0.00442002
         161        2428     1.45959     1.49692  0.00439867
         162        2435     1.54357     1.49721  0.00438091
         163        2462     1.44915     1.49691  0.00436393
         164        2501       1.598     1.49753  0.00438081
         165        2449     1.45134     1.49725  0.00436317
         166        2426     1.48442     1.49717   0.0043375
         167        2425     1.47121     1.49702  0.00431425
         168        2487     1.55252     1.49735   0.0043012
         169        2481     1.61016     1.49802  0.00432746
         170        2474     1.46314     1.49781  0.00430682
         171        2503     1.52927     1.49799  0.00428551
         172        2421     1.38204     1.49732  0.00431353
         173        2469      1.4284     1.49692  0.00430699
         174        2544     1.53348     1.49713  0.00428732
         175        2318     1.40097     1.49658  0.00429802
         176        2451     1.50363     1.49662  0.00427372
         177        2536     1.60005     1.49721  0.00428949
         178        2592     1.52903     1.49739  0.00426907
         179        2470     1.52545     1.49754  0.00424804
         180        2544        1.54     1.49778  0.00423096
         181        2481      1.6127     1.49841  0.00425516
         182        2507     1.45922      1.4982  0.00423719
         183        2485     1.49218     1.49817   0.0042141
         184        2502     1.48829     1.49811  0.00419148
         185        2499     1.60858     1.49871   0.0042113
         186        2444     1.50033     1.49872  0.00418861
         187        2471     1.51496      1.4988  0.00416706
         188        2486     1.47317     1.49867  0.00414707
         189        2391     1.44652     1.49839  0.00413429
         190        2529     1.47482     1.49827  0.00411434
         191        2442     1.48519      1.4982  0.00409332
         192        2460     1.54446     1.49844  0.00407907
         193        2491     1.55776     1.49875   0.0040695
         194        2405     1.39973     1.49824  0.00408052
         195        2473     1.48382     1.49816  0.00406021
         196        2547     1.56206     1.49849  0.00405257
         197        2506     1.54945     1.49875  0.00404024
         198        2487     1.51634     1.49884  0.00402076
         199        2466     1.50701     1.49888  0.00400072
         200        2558     1.60454     1.49941  0.00401557
