           1        2543     5.14231     5.14231           0
           2        2511      5.1156     5.12896   0.0133543
           3        2497     4.85185     5.03659   0.0926904
           4        2532     5.07787     5.04691   0.0663497
           5        2576      5.0001     5.03755   0.0522399
           6        2502     4.93025     5.01966   0.0462505
           7        2520     4.89358     5.00165   0.0430391
           8        2565     5.02221     5.00422   0.0373614
           9        2577      5.2839      5.0353   0.0452916
          10        2531     4.99348     5.03112   0.0407253
          11        2555     4.91791     5.02082    0.038248
          12        2510     4.92013     5.01243   0.0359098
          13        2544     4.99785     5.01131   0.0330512
          14        2484     4.98612     5.00951   0.0306523
          15        2523      5.1838     5.02113   0.0308108
          16        2545     5.25902       5.036   0.0324298
          17        2531     4.99214     5.03342   0.0305716
          18        2472     4.97465     5.03015   0.0290075
          19        2519     4.94354     5.02559   0.0278144
          20        2479     5.20247     5.03444   0.0278297
          21        2563     5.09968     5.03755    0.026653
          22        2561     4.81423     5.02739   0.0273648
          23        2528     4.93817     5.02352   0.0264342
          24        2576     5.14777     5.02869    0.025833
          25        2570      5.0301     5.02875   0.0247782
          26        2494      4.9165     5.02443   0.0241944
          27        2573     5.10573     5.02744    0.023475
          28        2516     4.78394     5.01875   0.0242352
          29        2488     5.03955     5.01946   0.0233955
          30        2550     5.01872     5.01944   0.0226022
          31        2493     4.76997     5.01139   0.0232951
          32        2553     5.21367     5.01771   0.0234244
          33        2461     4.84131     5.01237   0.0233243
          34        2516      4.9679     5.01106   0.0226657
          35        2453     4.90244     5.00796   0.0222263
          36        2550     4.91027     5.00524   0.0217698
          37        2507     4.90511     5.00254   0.0213455
          38        2561     5.17469     5.00707   0.0212644
          39        2521      5.2382     5.01299   0.0215433
          40        2555     4.96116      5.0117   0.0210377
          41        2533     4.99175     5.01121    0.020524
          42        2546     4.99809      5.0109   0.0200318
          43        2593     5.35852     5.01898   0.0211651
          44        2462     4.94378     5.01727    0.020749
          45        2531     4.87555     5.01412   0.0205257
          46        2510     4.99557     5.01372   0.0200786
          47        2536     4.99205     5.01326   0.0196522
          48        2390      4.8151     5.00913   0.0196764
          49        2535     4.99377     5.00882   0.0192732
          50        2562     5.08535     5.01035   0.0189457
          51        2576     5.02087     5.01056   0.0185717
          52        2510     4.89955     5.00842   0.0183357
          53        2549     4.94399     5.00721   0.0180274
          54        2602     5.21633     5.01108   0.0181094
          55        2576     5.02304      5.0113   0.0177784
          56        2496     5.24502     5.01547     0.01795
          57        2506     5.00476     5.01528   0.0176333
          58        2549     5.19406     5.01836   0.0175986
          59        2416     4.72043     5.01331   0.0180198
          60        2487     5.09177     5.01462   0.0177651
          61        2524     4.80854     5.01124   0.0177951
          62        2504     5.06693     5.01214   0.0175287
          63        2543     5.27789     5.01636   0.0177565
          64        2487      5.1478     5.01841   0.0175972
          65        2541     5.20785     5.02133   0.0175678
          66        2596     4.85049     5.01874   0.0174921
          67        2503     5.04056     5.01907   0.0172321
          68        2536      5.0202     5.01908   0.0169768
          69        2550     5.03273     5.01928   0.0167301
          70        2570     5.18152      5.0216   0.0166515
          71        2507     5.04786     5.02197   0.0164195
          72        2513     5.19571     5.02438   0.0163687
          73        2481     4.91967     5.02295   0.0162065
          74        2576     5.02188     5.02293    0.015986
          75        2577     5.18854     5.02514   0.0159252
          76        2431     4.74631     5.02147   0.0161369
          77        2543     5.19838     5.02377   0.0160908
          78        2555     5.02228     5.02375   0.0158832
          79        2515     4.65059     5.01903   0.0163769
          80        2513     5.07528     5.01973   0.0161861
          81        2561     5.12237       5.021   0.0160352
          82        2567     5.09667     5.02192   0.0158653
          83        2524     5.01071     5.02178   0.0156736
          84        2556     4.99998     5.02152    0.015488
          85        2505     4.94398     5.02061   0.0153319
          86        2549      5.0458      5.0209   0.0151554
          87        2575     5.02195     5.02092   0.0149802
          88        2425     4.71704     5.01746   0.0152063
          89        2514     4.91736     5.01634   0.0150764
          90        2447     4.93869     5.01548   0.0149329
          91        2550      4.9861     5.01515   0.0147714
          92        2521     5.05492     5.01559   0.0146164
          93        2509     5.02186     5.01565   0.0144585
          94        2434     4.97152     5.01518   0.0143116
          95        2453     4.91344     5.01411   0.0142006
          96        2547     5.25707     5.01664    0.014278
          97        2509     4.88191     5.01525   0.0141981
          98        2569     5.17744     5.01691   0.0141496
          99        2514     4.76932     5.01441   0.0142275
         100        2481     4.94005     5.01366   0.0141041
         101        2486     5.04316     5.01396   0.0139668
         102        2499     4.92652      5.0131   0.0138557
         103        2542     5.22123     5.01512   0.0138685
         104        2553     5.14156     5.01634   0.0137883
         105        2484     4.95126     5.01572   0.0136704
         106        2577     5.03728     5.01592   0.0135423
         107        2552     4.91575     5.01498   0.0134478
         108        2503     4.93265     5.01422   0.0133445
         109        2551     4.94194     5.01356   0.0132381
         110        2569      5.3737     5.01683   0.0135196
         111        2518     4.98185     5.01652    0.013401
         112        2533     5.18733     5.01804   0.0133681
         113        2507     4.89546     5.01696   0.0132936
         114        2486     5.17571     5.01835   0.0132498
         115        2486     4.83238     5.01673   0.0132333
         116        2601     4.87781     5.01554   0.0131733
         117        2569     5.13219     5.01653   0.0130982
         118        2550     4.95549     5.01601    0.012997
         119        2542     5.14066     5.01706   0.0129298
         120        2549     5.15701     5.01823   0.0128746
         121        2460      4.8756     5.01705    0.012822
         122        2536     5.26817     5.01911    0.012882
         123        2540     5.01657     5.01909   0.0127768
         124        2539     4.95512     5.01857   0.0126839
         125        2490     4.79316     5.01677   0.0127106
         126        2526     5.05027     5.01703   0.0126121
         127        2576      5.0267     5.01711   0.0125126
         128        2548     5.08375     5.01763   0.0124254
         129        2473     4.98466     5.01738   0.0123313
         130        2467     5.03234     5.01749   0.0122367
         131        2519     4.89439     5.01655   0.0121792
         132        2478     4.87019     5.01544   0.0121373
         133        2541     4.84147     5.01413   0.0121165
         134        2583     5.16839     5.01528   0.0120807
         135        2573     5.09959     5.01591   0.0120072
         136        2512     4.96592     5.01554   0.0119242
         137        2547     5.21573       5.017   0.0119267
         138        2530      5.1899     5.01826   0.0119061
         139        2547     4.97727     5.01796   0.0118238
         140        2456     4.84067     5.01669   0.0118071
         141        2473     4.73444     5.01469   0.0118928
         142        2487     4.85589     5.01357   0.0118616
         143        2584     4.98146     5.01335   0.0117805
         144        2493     4.80187     5.01188   0.0117902
         145        2487     4.88465       5.011   0.0117414
         146        2498     4.88359     5.01013   0.0116934
         147        2591     4.98096     5.00993   0.0116152
         148        2465     4.93221     5.00941   0.0115484
         149        2507     4.86441     5.00843   0.0115119
         150        2483     4.71816      5.0065   0.0115975
         151        2557     5.05147      5.0068   0.0115242
         152        2574     5.01255     5.00684   0.0114482
         153        2565      4.9337     5.00636   0.0113832
         154        2480     5.05787     5.00669    0.011314
         155        2546     4.92544     5.00617    0.011253
         156        2476     5.00273     5.00615   0.0111806
         157        2539      5.3038     5.00804   0.0112698
         158        2501     5.00518     5.00802   0.0111983
         159        2481     4.78666     5.00663   0.0112144
         160        2532     4.80427     5.00537   0.0112156
         161        2455     4.94888     5.00502   0.0111512
         162        2464     5.06226     5.00537   0.0110878
         163        2518     5.00261     5.00535   0.0110196
         164        2531      5.2555     5.00688   0.0110579
         165        2492     4.91963     5.00635   0.0110034
         166        2512     5.01871     5.00642   0.0109372
         167        2430     4.88915     5.00572   0.0108941
         168        2543     5.07609     5.00614   0.0108372
         169        2453     5.07668     5.00656    0.010781
         170        2545     5.02549     5.00667   0.0107179
         171        2529      5.1668      5.0076   0.0106961
         172        2463     4.77308     5.00624   0.0107208
         173        2529     4.97252     5.00605   0.0106605
         174        2571     5.06088     5.00636   0.0106037
         175        2465     4.97795      5.0062   0.0105442
         176        2471     4.93506     5.00579   0.0104919
         177        2600     5.25902     5.00723   0.0105301
         178        2575     4.98576      5.0071   0.0104715
         179        2522     4.92158     5.00663   0.0104237
         180        2550     5.13425     5.00734   0.0103899
         181        2505     5.07761     5.00772   0.0103396
         182        2440     4.66236     5.00583   0.0104563
         183        2586     5.13053     5.00651   0.0104213
         184        2517     4.85525     5.00569    0.010397
         185        2569     5.27927     5.00716   0.0104459
         186        2489      4.8142     5.00613   0.0104413
         187        2487     5.00529     5.00612   0.0103853
         188        2543     4.90494     5.00558   0.0103439
         189        2405      4.7229     5.00409   0.0103972
         190        2547     4.97917     5.00396   0.0103431
         191        2478     4.93603      5.0036    0.010295
         192        2479     4.98194     5.00349   0.0102418
         193        2538     5.14736     5.00423   0.0102159
         194        2514      4.8294     5.00333    0.010203
         195        2514     4.89822     5.00279   0.0101648
         196        2538     5.18345     5.00372   0.0101547
         197        2578      5.0539     5.00397   0.0101063
         198        2553     4.99534     5.00393   0.0100552
         199        2547     5.04168     5.00412   0.0100063
         200        2621     5.37907     5.00599   0.0101311
