43.4874
36.46
33.4066
30.6391
29.0219
27.18
25.4351
24.0403
22.9856
20.6141
20.267
19.4672
18.5152
17.6234
17.3802
15.8281
15.0925
13.6025
12.3662
11.8086
10.4879
9.93155
9.66495
9.43833
9.05068
8.34834
7.94751
7.63099
7.46519
7.16765
6.77192
6.30915
5.86099
5.2915
5.11624
4.84889
4.61298
4.50485
4.45917
4.21045
4.09471
3.98269
3.92273
3.8347
3.6195
3.38763
3.28905
3.23698
3.21649
3.21452
3.12168
3.04684
3.03466
2.96243
2.90045
2.88081
2.8387
2.75097
2.73382
2.62937
2.41638
2.25898
2.25189
2.25186
2.24942
2.24399
2.24246
2.24224
2.23838
2.23574
2.20033
2.20011
2.19855
2.19855
2.19855
2.19855
2.19855
2.19855
2.19855
2.19855
2.19855
2.19855
2.19855
2.19855
2.19855
2.19855
2.19855
2.19855
2.19855
2.19855
2.19855
2.19855
2.19855
2.19855
2.19855
2.19855
2.19855
2.19855
2.19855
2.19855
2.19855
2.19855
