0 1  1  1  1.73205
1  1.19488  0.376246  0.190465  1.26711
2  1.00833  -0.81011  0.435459  1.36478
3  0.577516  -1.42306  0.307564  1.56628
4  0.577516  -1.42306  0.307564  1.56628
5  0.618627  -2.19157  -0.649747  2.36809
6  0.618627  -2.19157  -0.649747  2.36809
7  0.877082  -1.22111  -0.820237  1.71265
8  0.877082  -1.22111  -0.820237  1.71265
9  0.877082  -1.22111  -0.820237  1.71265
10  1.26013  -1.33469  -1.40418  2.31107
11  2.165  -0.788868  -1.77539  2.90887
12  2.165  -0.788868  -1.77539  2.90887
13  2.165  -0.788868  -1.77539  2.90887
14  2.165  -0.788868  -1.77539  2.90887
15  2.87504  -0.198832  -0.0408608  2.88219
16  3.00542  -0.141707  -0.153102  3.01265
17  3.00542  -0.141707  -0.153102  3.01265
18  1.96893  1.15232  0.0967482  2.2834
19  1.96893  1.15232  0.0967482  2.2834
20  1.75309  -0.208819  1.70078  2.45145
21  1.71411  -0.964536  0.806123  2.12564
22  1.71411  -0.964536  0.806123  2.12564
23  1.84385  1.01534  0.653593  2.20406
24  1.87501  0.152616  -0.390999  1.92141
25  1.87501  0.152616  -0.390999  1.92141
26  1.87501  0.152616  -0.390999  1.92141
27  1.87501  0.152616  -0.390999  1.92141
28  1.87501  0.152616  -0.390999  1.92141
29  1.87501  0.152616  -0.390999  1.92141
30  2.06929  0.0599613  -0.335857  2.09723
31  2.26115  -0.869741  -1.0988  2.66019
32  3.10404  -0.925002  -0.943726  3.37362
33  3.33532  -1.05165  -1.16068  3.68477
34  3.82352  -1.2103  -1.15255  4.17283
35  3.82352  -1.2103  -1.15255  4.17283
36  3.82352  -1.2103  -1.15255  4.17283
37  3.13472  -1.42397  -1.87203  3.91901
38  2.25526  -1.67962  -1.4064  3.14409
39  1.36779  -2.12327  -1.60685  2.9935
40  1.74506  -2.01761  -2.17529  3.44208
41  1.74506  -2.01761  -2.17529  3.44208
42  1.74506  -2.01761  -2.17529  3.44208
43  0.393955  -2.07674  -2.27588  3.10607
44  1.41061  -0.902898  -2.21587  2.77761
45  0.796882  -0.653325  -2.80563  2.98888
46  0.796882  -0.653325  -2.80563  2.98888
47  1.29991  0.115905  -3.61746  3.84567
48  1.5024  1.32325  -3.19738  3.77246
49  1.49607  -0.109092  -3.26164  3.59004
50  1.49607  -0.109092  -3.26164  3.59004
51  2.05581  0.473292  -2.97284  3.64529
52  2.54281  0.260084  -1.962  3.22226
53  1.80933  0.00445638  -1.45737  2.32328
54  1.80933  0.00445638  -1.45737  2.32328
55  1.80933  0.00445638  -1.45737  2.32328
56  0.523361  -0.0631739  -2.27536  2.33563
57  0.523361  -0.0631739  -2.27536  2.33563
58  0.662636  1.09002  -2.09489  2.45271
59  -0.628837  -0.299045  -2.17427  2.28305
60  -1.02798  -0.992996  -1.86693  2.35121
61  -1.02798  -0.992996  -1.86693  2.35121
62  -0.782279  -0.782457  -2.70087  2.91872
63  -1.0188  -0.545324  -2.66915  2.90855
64  -1.3314  -1.62986  -2.1214  2.98821
65  -2.25292  -1.37602  -1.51373  3.0431
66  -2.25292  -1.37602  -1.51373  3.0431
67  -3.02789  -1.01729  -1.69012  3.61379
68  -2.38042  -2.77776  -2.31721  4.33033
69  -2.47902  -3.66373  -3.43115  5.59832
70  -2.47902  -3.66373  -3.43115  5.59832
71  -2.47902  -3.66373  -3.43115  5.59832
72  -2.32643  -3.8737  -3.25285  5.56766
73  -2.32643  -3.8737  -3.25285  5.56766
74  -1.79539  -3.24756  -3.03405  4.79328
75  -1.79539  -3.24756  -3.03405  4.79328
76  -1.79539  -3.24756  -3.03405  4.79328
77  -1.38578  -3.62957  -1.81758  4.28927
78  -1.05353  -3.52283  -1.32485  3.90839
79  -1.21458  -3.02995  -0.327719  3.28073
80  -0.165673  -2.78932  -0.232567  2.8039
81  -0.165673  -2.78932  -0.232567  2.8039
82  -0.991604  -2.45895  -0.348712  2.6742
83  -0.874178  -1.11254  1.54901  2.09794
84  -1.36206  -1.47553  1.66468  2.60836
85  -1.36206  -1.47553  1.66468  2.60836
86  -1.36206  -1.47553  1.66468  2.60836
87  -1.63142  -1.94164  1.49612  2.94446
88  -1.63142  -1.94164  1.49612  2.94446
89  -1.63142  -1.94164  1.49612  2.94446
90  -1.63142  -1.94164  1.49612  2.94446
91  -2.34793  -0.700451  0.795037  2.57595
92  -1.55929  -0.314854  1.11046  1.94
93  -1.55929  -0.314854  1.11046  1.94
94  -1.55929  -0.314854  1.11046  1.94
95  -0.0602863  0.166482  0.810257  0.829377
96  -0.0602863  0.166482  0.810257  0.829377
97  -0.0602863  0.166482  0.810257  0.829377
98  -0.0602863  0.166482  0.810257  0.829377
99  -0.0602863  0.166482  0.810257  0.829377
100  0.270398  -0.83374  0.654751  1.09405
101  0.270398  -0.83374  0.654751  1.09405
102  -0.0468722  -0.642104  1.23109  1.38927
103  0.00394373  0.631924  1.16554  1.32583
104  0.302741  0.0944259  1.27049  1.30947
105  0.302741  0.0944259  1.27049  1.30947
106  0.302741  0.0944259  1.27049  1.30947
107  0.329132  -0.133842  0.162378  0.390651
108  0.834365  -0.403208  0.031956  0.927234
109  0.834365  -0.403208  0.031956  0.927234
110  1.12705  -0.12313  -0.963512  1.48787
111  1.12705  -0.12313  -0.963512  1.48787
112  1.12705  -0.12313  -0.963512  1.48787
113  1.34442  -0.558966  -1.31106  1.95928
114  1.34442  -0.558966  -1.31106  1.95928
115  1.6539  -1.724  -0.723782  2.49628
116  0.44728  -1.5162  -1.99076  2.54206
117  0.44728  -1.5162  -1.99076  2.54206
118  0.22732  -1.92288  -2.60096  3.24255
119  0.22732  -1.92288  -2.60096  3.24255
120  0.439764  -0.877865  -2.28458  2.48663
121  -0.263498  0.697284  -2.18715  2.31068
122  1.12374  0.654671  -1.95685  2.34961
123  0.423501  -1.12969  -2.15363  2.46853
124  0.423501  -1.12969  -2.15363  2.46853
125  0.423501  -1.12969  -2.15363  2.46853
126  0.0783896  -0.723118  -1.56325  1.72418
127  -1.21423  -1.03882  -2.16767  2.693
128  -1.00015  -1.20279  -0.346718  1.60226
129  -1.00015  -1.20279  -0.346718  1.60226
130  -0.888468  -0.756286  0.0903932  1.17026
131  -0.888468  -0.756286  0.0903932  1.17026
132  -0.888468  -0.756286  0.0903932  1.17026
133  -0.0370414  -1.08781  -1.88763  2.17896
134  -0.0370414  -1.08781  -1.88763  2.17896
135  -0.0370414  -1.08781  -1.88763  2.17896
136  0.396866  -0.751323  -0.769269  1.1462
137  0.396866  -0.751323  -0.769269  1.1462
138  0.396866  -0.751323  -0.769269  1.1462
139  0.396866  -0.751323  -0.769269  1.1462
140  0.396866  -0.751323  -0.769269  1.1462
141  0.396866  -0.751323  -0.769269  1.1462
142  -0.25783  -0.800408  1.76425  1.9544
143  -0.25783  -0.800408  1.76425  1.9544
144  -0.25783  -0.800408  1.76425  1.9544
145  0.269754  -0.148915  2.05349  2.07648
146  0.55492  -0.550053  2.14306  2.28105
147  0.55492  -0.550053  2.14306  2.28105
148  0.881515  0.195324  2.10215  2.28785
149  0.549356  1.61736  2.3202  2.88114
150  0.549356  1.61736  2.3202  2.88114
151  0.549356  1.61736  2.3202  2.88114
152  0.549356  1.61736  2.3202  2.88114
153  0.858274  1.86769  2.31353  3.09472
154  1.11468  2.0746  1.29188  2.68616
155  0.279364  1.21769  1.58097  2.01501
156  0.279364  1.21769  1.58097  2.01501
157  0.279364  1.21769  1.58097  2.01501
158  0.279364  1.21769  1.58097  2.01501
159  -0.149851  1.49543  0.295251  1.53165
160  -0.149851  1.49543  0.295251  1.53165
161  -0.0694428  1.01719  -0.182863  1.03583
162  0.608997  0.415637  -0.221086  0.769747
163  0.608997  0.415637  -0.221086  0.769747
164  0.608997  0.415637  -0.221086  0.769747
165  0.608997  0.415637  -0.221086  0.769747
166  0.608997  0.415637  -0.221086  0.769747
167  -0.22405  1.58303  -0.436956  1.65744
168  -0.22405  1.58303  -0.436956  1.65744
169  1.03467  1.48344  0.915489  2.02713
170  1.03467  1.48344  0.915489  2.02713
171  1.84258  0.122847  -0.32105  1.87437
172  1.84258  0.122847  -0.32105  1.87437
173  0.157959  -1.00231  -0.512793  1.1369
174  -0.324493  -1.01181  -0.795164  1.32716
175  -0.324493  -1.01181  -0.795164  1.32716
176  -0.324493  -1.01181  -0.795164  1.32716
177  -0.324493  -1.01181  -0.795164  1.32716
178  -0.166324  0.258298  -0.245014  0.392955
179  -0.166324  0.258298  -0.245014  0.392955
180  -1.10864  0.955822  -1.19159  1.88747
181  -0.331989  0.158284  0.18369  0.411111
182  -0.331989  0.158284  0.18369  0.411111
183  -0.331989  0.158284  0.18369  0.411111
184  -0.331989  0.158284  0.18369  0.411111
185  -0.139515  -0.00803894  0.715273  0.728796
186  -0.139515  -0.00803894  0.715273  0.728796
187  -0.139515  -0.00803894  0.715273  0.728796
188  -0.260228  0.185693  0.984542  1.03514
189  -0.260228  0.185693  0.984542  1.03514
190  -0.260228  0.185693  0.984542  1.03514
191  0.563909  0.312642  0.364013  0.740435
192  0.563909  0.312642  0.364013  0.740435
193  0.563909  0.312642  0.364013  0.740435
194  -0.413654  -0.18633  -0.285595  0.536091
195  -0.413654  -0.18633  -0.285595  0.536091
196  0.405297  0.293781  -0.606938  0.786732
197  0.595372  -0.928126  0.333614  1.15203
198  0.595372  -0.928126  0.333614  1.15203
199  -0.186516  0.0040421  -0.0866336  0.205694
200  0.531224  -0.258504  0.133538  0.605686
201  -0.713043  -0.881606  0.905365  1.45098
202  -0.336349  -1.94341  1.01131  2.21647
203  -1.68591  -1.57295  0.883468  2.46921
204  -1.95076  -1.03514  1.75853  2.82301
205  -1.44801  -0.944324  0.537633  1.8104
206  -0.921346  -1.70139  -0.249579  1.95087
207  -0.921346  -1.70139  -0.249579  1.95087
208  -0.785737  -1.69117  0.482661  1.92624
209  -0.785737  -1.69117  0.482661  1.92624
210  -0.468299  -0.590246  0.902542  1.1757
211  -0.468299  -0.590246  0.902542  1.1757
212  0.92743  -0.306609  0.630413  1.16256
213  1.12416  0.282383  1.90358  2.22869
214  0.457057  1.27526  0.743035  1.54509
215  -0.178481  1.09444  0.279851  1.14366
216  -0.178481  1.09444  0.279851  1.14366
217  -0.061186  0.472354  1.70573  1.77099
218  0.13241  -0.950516  1.20298  1.53889
219  0.13241  -0.950516  1.20298  1.53889
220  -1.32907  -1.85116  1.67662  2.82918
221  -0.803351  -1.10148  0.705733  1.53515
222  -0.803351  -1.10148  0.705733  1.53515
223  -0.803351  -1.10148  0.705733  1.53515
224  -0.527714  0.26266  0.0363221  0.590586
225  -0.527714  0.26266  0.0363221  0.590586
226  -0.729872  -0.296746  0.125243  0.797783
227  -0.729872  -0.296746  0.125243  0.797783
228  -0.634606  -0.0537864  0.82215  1.03997
229  -0.765826  1.05861  1.08995  1.70151
230  -1.58501  0.578514  0.0905598  1.68972
231  -1.58501  0.578514  0.0905598  1.68972
232  -0.828015  0.609055  0.459595  1.12596
233  -1.02118  0.104493  0.36201  1.08847
234  -1.02118  0.104493  0.36201  1.08847
235  -1.02118  0.104493  0.36201  1.08847
236  -1.02118  0.104493  0.36201  1.08847
237  -1.08415  0.344002  0.280319  1.17145
238  -1.08415  0.344002  0.280319  1.17145
239  -1.08415  0.344002  0.280319  1.17145
240  -1.08415  0.344002  0.280319  1.17145
241  -0.32258  0.0839662  -0.992223  1.04672
242  -0.675084  -0.0817791  -1.08561  1.28101
243  0.338649  0.118751  -0.770012  0.849531
244  0.338649  0.118751  -0.770012  0.849531
245  0.268522  -0.160165  -0.323849  0.45015
246  0.268522  -0.160165  -0.323849  0.45015
247  -0.160913  -0.391998  -0.274268  0.504756
248  -0.160913  -0.391998  -0.274268  0.504756
249  -0.160913  -0.391998  -0.274268  0.504756
250  -0.358269  -1.43123  0.67205  1.62124
251  -0.358269  -1.43123  0.67205  1.62124
252  -0.358269  -1.43123  0.67205  1.62124
253  -0.358269  -1.43123  0.67205  1.62124
254  0.157305  -1.94792  1.64424  2.55395
255  -0.169803  -1.1922  0.756465  1.42211
256  -1.32917  -0.626785  0.554558  1.5707
257  -0.913948  -0.346958  0.611522  1.1531
258  -0.437305  -1.02524  0.568437  1.25119
259  -0.437305  -1.02524  0.568437  1.25119
260  -0.437305  -1.02524  0.568437  1.25119
261  -0.437305  -1.02524  0.568437  1.25119
262  -0.437305  -1.02524  0.568437  1.25119
263  -0.373673  -1.21867  -0.316052  1.31327
264  0.0918811  -0.571776  -0.818855  1.00294
265  0.0918811  -0.571776  -0.818855  1.00294
266  0.0918811  -0.571776  -0.818855  1.00294
267  0.735707  0.484795  -0.0820156  0.884883
268  0.735707  0.484795  -0.0820156  0.884883
269  -0.857672  -0.465713  -0.785468  1.25278
270  -0.857672  -0.465713  -0.785468  1.25278
271  -0.857672  -0.465713  -0.785468  1.25278
272  -0.857672  -0.465713  -0.785468  1.25278
273  -0.702552  0.745669  -0.360466  1.08607
274  -0.702552  0.745669  -0.360466  1.08607
275  -0.641251  0.328987  0.72637  1.02325
276  -0.641251  0.328987  0.72637  1.02325
277  0.149935  0.343735  0.154231  0.405489
278  0.149935  0.343735  0.154231  0.405489
279  0.149935  0.343735  0.154231  0.405489
280  0.149935  0.343735  0.154231  0.405489
281  0.149935  0.343735  0.154231  0.405489
282  0.149935  0.343735  0.154231  0.405489
283  0.149935  0.343735  0.154231  0.405489
284  0.149935  0.343735  0.154231  0.405489
285  0.149935  0.343735  0.154231  0.405489
286  0.406923  0.601239  -0.174779  0.746741
287  0.406923  0.601239  -0.174779  0.746741
288  0.406923  0.601239  -0.174779  0.746741
289  0.406923  0.601239  -0.174779  0.746741
290  0.406923  0.601239  -0.174779  0.746741
291  -0.247484  0.720715  0.197386  0.787172
292  -0.30885  1.0577  0.0975089  1.10617
293  -0.30885  1.0577  0.0975089  1.10617
294  -0.720342  0.640705  -0.195519  0.983678
295  -0.720342  0.640705  -0.195519  0.983678
296  -0.0203233  0.452439  0.283494  0.534306
297  -0.0203233  0.452439  0.283494  0.534306
298  -0.0203233  0.452439  0.283494  0.534306
299  -0.537245  0.911906  0.0966179  1.0628
300  -0.537245  0.911906  0.0966179  1.0628
301  -0.537245  0.911906  0.0966179  1.0628
302  -0.413801  0.776033  -0.140941  0.890686
303  0.389456  -0.0931287  0.0711232  0.406703
304  0.389456  -0.0931287  0.0711232  0.406703
305  0.389456  -0.0931287  0.0711232  0.406703
306  1.50671  0.339484  1.51905  2.16632
307  2.05096  0.935935  2.22734  3.16914
308  1.48032  1.97166  0.632777  2.54542
309  1.48032  1.97166  0.632777  2.54542
310  1.48032  1.97166  0.632777  2.54542
311  0.803421  1.77502  0.469772  2.00421
312  0.803421  1.77502  0.469772  2.00421
313  0.803421  1.77502  0.469772  2.00421
314  -0.325701  2.03979  -0.409007  2.10574
315  -0.325701  2.03979  -0.409007  2.10574
316  -0.701294  1.44671  -0.644831  1.73222
317  -0.766188  0.948992  0.312809  1.25916
318  -0.766188  0.948992  0.312809  1.25916
319  -0.766188  0.948992  0.312809  1.25916
320  0.105723  0.870726  1.31649  1.58193
321  0.0955125  0.838774  -0.18331  0.863868
322  0.0667342  0.581606  -0.850112  1.03219
323  0.0667342  0.581606  -0.850112  1.03219
324  0.0667342  0.581606  -0.850112  1.03219
325  0.422273  0.121407  -0.373004  0.576356
326  0.308689  0.606231  0.0240581  0.680723
327  0.308689  0.606231  0.0240581  0.680723
328  1.04569  1.09818  -0.575631  1.62198
329  1.07922  -0.112114  -1.41275  1.78133
330  0.941311  -0.668893  -0.694711  1.34763
331  0.941311  -0.668893  -0.694711  1.34763
332  0.287446  0.0191334  0.4017  0.494322
333  -0.358756  -0.301064  1.05972  1.15859
334  -0.358756  -0.301064  1.05972  1.15859
335  -0.744755  0.321189  1.34324  1.56911
336  -0.744755  0.321189  1.34324  1.56911
337  -0.744755  0.321189  1.34324  1.56911
338  -1.96259  0.964286  2.03888  2.98976
339  -2.91498  -0.015836  1.58132  3.31632
340  -2.91498  -0.015836  1.58132  3.31632
341  -2.91498  -0.015836  1.58132  3.31632
342  -1.75883  -1.47818  0.305972  2.31778
343  -0.0319385  -1.59392  -0.563537  1.69091
344  0.723532  -0.862859  -0.482779  1.22519
345  0.723532  -0.862859  -0.482779  1.22519
346  0.189499  -0.704899  0.039601  0.731
347  -0.00230754  -0.159128  -0.866792  0.881281
348  -0.00230754  -0.159128  -0.866792  0.881281
349  -0.281357  0.430426  -0.0195733  0.514598
350  -0.281357  0.430426  -0.0195733  0.514598
351  -0.00670296  -0.141882  -0.112598  0.181256
352  -0.00670296  -0.141882  -0.112598  0.181256
353  -0.00670296  -0.141882  -0.112598  0.181256
354  -0.00670296  -0.141882  -0.112598  0.181256
355  -0.00670296  -0.141882  -0.112598  0.181256
356  -0.00670296  -0.141882  -0.112598  0.181256
357  -0.00670296  -0.141882  -0.112598  0.181256
358  -0.00670296  -0.141882  -0.112598  0.181256
359  -0.00670296  -0.141882  -0.112598  0.181256
360  -0.00670296  -0.141882  -0.112598  0.181256
361  -0.00670296  -0.141882  -0.112598  0.181256
362  -0.00670296  -0.141882  -0.112598  0.181256
363  -0.00670296  -0.141882  -0.112598  0.181256
364  -0.136146  0.258926  0.411975  0.505274
365  -0.136146  0.258926  0.411975  0.505274
366  1.08921  -1.41428  1.30521  2.21136
367  0.677937  -2.09644  2.16924  3.09197
368  0.677937  -2.09644  2.16924  3.09197
369  -0.387204  -2.20493  0.325478  2.26221
370  -0.387204  -2.20493  0.325478  2.26221
371  -0.0929414  -1.76481  -0.693747  1.89855
372  -1.65853  -1.82106  -0.610842  2.53774
373  -1.92166  -1.65919  -0.265764  2.55271
374  -1.92166  -1.65919  -0.265764  2.55271
375  -1.33164  -0.274782  0.107426  1.36394
376  -1.33164  -0.274782  0.107426  1.36394
377  -0.91123  -0.462389  0.0244267  1.02213
378  0.722007  -0.470957  0.686992  1.10229
379  -0.30625  -1.08392  0.631345  1.29122
380  -0.30625  -1.08392  0.631345  1.29122
381  -0.30625  -1.08392  0.631345  1.29122
382  -0.30625  -1.08392  0.631345  1.29122
383  -0.579938  0.299513  -0.14414  0.668441
384  -0.579938  0.299513  -0.14414  0.668441
385  -0.814603  0.113728  0.759746  1.1197
386  -0.568678  -1.2809  0.341305  1.44243
387  -0.568678  -1.2809  0.341305  1.44243
388  -0.568678  -1.2809  0.341305  1.44243
389  -1.04661  -1.01087  0.0771812  1.45712
390  0.577334  -0.997472  -0.62776  1.31238
391  0.577334  -0.997472  -0.62776  1.31238
392  0.436862  -1.0867  -0.680087  1.35436
393  0.465485  -0.848434  -0.0674445  0.970085
394  0.465485  -0.848434  -0.0674445  0.970085
395  0.465485  -0.848434  -0.0674445  0.970085
396  0.465485  -0.848434  -0.0674445  0.970085
397  -0.512491  0.34229  0.463006  0.770833
398  -0.512491  0.34229  0.463006  0.770833
399  -0.512491  0.34229  0.463006  0.770833
400  -0.338992  -0.798927  -0.390961  0.951867
401  -0.338992  -0.798927  -0.390961  0.951867
402  -0.170802  -0.55024  0.833784  1.01348
403  1.08269  0.343847  0.800151  1.38949
404  0.574012  0.193097  1.23066  1.37161
405  0.574012  0.193097  1.23066  1.37161
406  0.574012  0.193097  1.23066  1.37161
407  0.574012  0.193097  1.23066  1.37161
408  0.935905  0.223976  0.899017  1.31693
409  0.409232  1.00788  0.525777  1.20819
410  0.51277  0.686218  0.328684  0.91753
411  0.51277  0.686218  0.328684  0.91753
412  0.51277  0.686218  0.328684  0.91753
413  -0.32793  0.466277  -0.0469211  0.571973
414  0.571955  0.694562  -0.679469  1.12749
415  -0.346258  1.21721  -0.635929  1.4163
416  -0.346258  1.21721  -0.635929  1.4163
417  -0.396902  1.18454  -0.473259  1.3359
418  -0.90873  0.19112  -0.234681  0.957806
419  -0.90873  0.19112  -0.234681  0.957806
420  -0.827679  0.597359  0.341829  1.07645
421  -1.10601  0.225492  -0.0623696  1.13048
422  -1.12251  -0.139761  -0.527433  1.24809
423  -1.12251  -0.139761  -0.527433  1.24809
424  -1.12251  -0.139761  -0.527433  1.24809
425  -1.7638  -0.934586  0.231759  2.00951
426  -0.0790479  -2.08561  -0.66216  2.18963
427  0.426343  -0.229508  -2.60829  2.65285
428  0.337713  0.782911  -2.53091  2.67068
429  1.7991  0.644395  -1.28683  2.3039
430  0.999247  1.01103  -0.973454  1.72287
431  1.66794  1.20087  -0.564887  2.13148
432  1.66794  1.20087  -0.564887  2.13148
433  1.66794  1.20087  -0.564887  2.13148
434  2.43487  1.35048  -1.69664  3.26052
435  2.43487  1.35048  -1.69664  3.26052
436  1.63906  1.76021  -2.78996  3.68358
437  1.15588  1.9612  -2.54136  3.41187
438  1.15588  1.9612  -2.54136  3.41187
439  1.15588  1.9612  -2.54136  3.41187
440  0.0957104  1.60937  -4.09512  4.40105
441  0.337265  2.37046  -3.60179  4.32501
442  -0.389428  2.48181  -3.30125  4.1484
443  0.0666663  2.77748  -2.31816  3.61839
444  -0.544705  3.01217  -1.68563  3.49445
445  0.57747  2.13155  -1.35883  2.59295
446  0.57747  2.13155  -1.35883  2.59295
447  0.57747  2.13155  -1.35883  2.59295
448  1.15562  1.78852  0.0362801  2.12969
449  1.15562  1.78852  0.0362801  2.12969
450  2.05429  1.50146  -0.18738  2.55139
451  2.05429  1.50146  -0.18738  2.55139
452  1.86601  1.06734  -0.315411  2.17272
453  2.3344  2.49965  -0.982781  3.55858
454  1.07107  1.47619  -1.24409  2.20773
455  1.07107  1.47619  -1.24409  2.20773
456  1.71232  0.192069  -2.11457  2.7277
457  1.8134  -0.821581  -0.624203  2.0864
458  1.8134  -0.821581  -0.624203  2.0864
459  1.67445  -1.28113  -0.863873  2.27845
460  1.67445  -1.28113  -0.863873  2.27845
461  1.67445  -1.28113  -0.863873  2.27845
462  0.0974474  -1.25036  -0.871231  1.52707
463  0.854298  -0.712037  -0.0323924  1.1126
464  0.854298  -0.712037  -0.0323924  1.1126
465  0.854298  -0.712037  -0.0323924  1.1126
466  0.854298  -0.712037  -0.0323924  1.1126
467  0.746129  -0.65293  -0.727446  1.22972
468  1.85531  -0.250625  -0.828151  2.04715
469  1.95517  -0.473811  -1.35945  2.42802
470  1.95517  -0.473811  -1.35945  2.42802
471  1.95517  -0.473811  -1.35945  2.42802
472  2.70966  0.375265  -2.055  3.42142
473  1.51531  0.457687  -2.54434  2.99655
474  1.08395  -0.165266  -2.768  2.97726
475  2.03713  0.98357  -2.20706  3.16045
476  2.03713  0.98357  -2.20706  3.16045
477  2.79176  1.47556  -1.91194  3.69143
478  3.49213  0.759015  -0.393577  3.59527
479  3.72768  1.07975  -0.464672  3.90863
480  3.95605  1.01633  0.115224  4.08614
481  2.78004  2.09143  -1.43685  3.76394
482  2.78004  2.09143  -1.43685  3.76394
483  2.32599  2.66866  -0.576629  3.5867
484  2.34664  1.98127  0.0890938  3.07247
485  2.34664  1.98127  0.0890938  3.07247
486  2.34664  1.98127  0.0890938  3.07247
487  2.34664  1.98127  0.0890938  3.07247
488  2.34664  1.98127  0.0890938  3.07247
489  2.28265  2.00837  0.0873296  3.04165
490  2.40774  1.8851  -0.095187  3.05939
491  2.39082  0.984247  -0.811716  2.70992
492  1.99408  1.28402  -0.559694  2.43687
493  0.754761  2.00423  0.335529  2.16776
494  0.499382  0.948655  0.666989  1.26262
495  0.499382  0.948655  0.666989  1.26262
496  0.499382  0.948655  0.666989  1.26262
497  0.499382  0.948655  0.666989  1.26262
498  0.586724  0.704549  -0.240316  0.947832
499  0.439867  -0.137117  -0.214173  0.508089
500  -0.0950998  -0.190973  0.0340084  0.216035
501  -0.0950998  -0.190973  0.0340084  0.216035
502  -0.0950998  -0.190973  0.0340084  0.216035
503  -0.0950998  -0.190973  0.0340084  0.216035
504  -0.0950998  -0.190973  0.0340084  0.216035
505  0.349502  0.9116  -0.151465  0.987982
506  0.470822  -0.585039  0.110349  0.759027
507  0.670956  0.0355164  0.66588  0.945959
508  0.693606  -0.306103  0.36626  0.841983
509  0.693606  -0.306103  0.36626  0.841983
510  0.457699  1.20925  -0.443924  1.36705
511  -0.109577  -0.00295014  -1.25944  1.2642
512  -0.109577  -0.00295014  -1.25944  1.2642
513  -0.472404  0.169748  -0.183454  0.534448
514  -0.472404  0.169748  -0.183454  0.534448
515  -0.472404  0.169748  -0.183454  0.534448
516  -0.472404  0.169748  -0.183454  0.534448
517  -0.472404  0.169748  -0.183454  0.534448
518  -0.0171196  -0.298628  0.819492  0.872375
519  -0.0171196  -0.298628  0.819492  0.872375
520  -0.0171196  -0.298628  0.819492  0.872375
521  0.725117  -0.427729  0.383586  0.92514
522  0.0340542  -0.0899961  -0.362333  0.374892
523  0.0340542  -0.0899961  -0.362333  0.374892
524  0.0340542  -0.0899961  -0.362333  0.374892
525  0.234138  0.0503623  0.0403185  0.242863
526  0.234138  0.0503623  0.0403185  0.242863
527  0.234138  0.0503623  0.0403185  0.242863
528  0.234138  0.0503623  0.0403185  0.242863
529  0.234138  0.0503623  0.0403185  0.242863
530  0.175004  -0.00140138  0.722257  0.743158
531  -1.23526  -0.0712295  1.28878  1.78659
532  -0.374838  -0.268437  0.590235  0.748959
533  -0.467838  0.0859814  -0.218878  0.523615
534  -0.467838  0.0859814  -0.218878  0.523615
535  -0.467838  0.0859814  -0.218878  0.523615
536  -0.467838  0.0859814  -0.218878  0.523615
537  -0.467838  0.0859814  -0.218878  0.523615
538  -0.467838  0.0859814  -0.218878  0.523615
539  -0.467838  0.0859814  -0.218878  0.523615
540  -0.844866  0.198455  0.157352  0.88201
541  -0.844866  0.198455  0.157352  0.88201
542  -0.844866  0.198455  0.157352  0.88201
543  -0.786324  -0.258415  -0.175213  0.84604
544  -0.786324  -0.258415  -0.175213  0.84604
545  -0.786324  -0.258415  -0.175213  0.84604
546  1.20611  0.717936  1.29673  1.91093
547  1.20611  0.717936  1.29673  1.91093
548  0.399612  -0.344468  1.23169  1.33993
549  0.399612  -0.344468  1.23169  1.33993
550  0.399612  -0.344468  1.23169  1.33993
551  0.399612  -0.344468  1.23169  1.33993
552  0.399612  -0.344468  1.23169  1.33993
553  0.399612  -0.344468  1.23169  1.33993
554  -0.302262  0.572487  0.96072  1.15848
555  -0.599693  0.372845  0.958472  1.19051
556  -0.599693  0.372845  0.958472  1.19051
557  -0.599693  0.372845  0.958472  1.19051
558  -0.439771  0.260584  1.29984  1.39674
559  -0.852274  0.37303  0.859851  1.26683
560  -0.41115  0.537312  -0.497308  0.839681
561  0.216445  0.544647  -1.04014  1.19389
562  0.216445  0.544647  -1.04014  1.19389
563  -0.0285766  0.617702  -0.777997  0.993807
564  -0.287644  -0.699177  0.196324  0.781109
565  1.11847  -0.854509  0.405143  1.46469
566  1.11847  -0.854509  0.405143  1.46469
567  0.574222  -0.551633  0.466655  0.922929
568  0.574222  -0.551633  0.466655  0.922929
569  0.716886  0.0545232  0.232358  0.755571
570  0.716886  0.0545232  0.232358  0.755571
571  0.716886  0.0545232  0.232358  0.755571
572  0.0532203  0.10748  0.133042  0.179121
573  0.0532203  0.10748  0.133042  0.179121
574  0.0532203  0.10748  0.133042  0.179121
575  -0.315258  0.211695  -0.427264  0.571627
576  -0.315258  0.211695  -0.427264  0.571627
577  0.075927  -0.354011  -0.153809  0.393377
578  0.075927  -0.354011  -0.153809  0.393377
579  0.075927  -0.354011  -0.153809  0.393377
580  0.460814  0.121134  0.0181288  0.476814
581  0.460814  0.121134  0.0181288  0.476814
582  -0.103729  -0.145772  -0.502447  0.53335
583  -0.103729  -0.145772  -0.502447  0.53335
584  -0.647583  0.480587  -1.19061  1.43801
585  0.368777  0.67137  -1.10803  1.34702
586  1.07895  0.45734  -0.542228  1.29124
587  1.07895  0.45734  -0.542228  1.29124
588  0.0268896  1.53057  0.210763  1.54525
589  0.296737  1.03727  -1.19914  1.61305
590  0.296737  1.03727  -1.19914  1.61305
591  0.296737  1.03727  -1.19914  1.61305
592  -0.420699  1.39813  -0.669998  1.60644
593  -1.49943  0.817855  -0.280258  1.73081
594  -1.74534  1.60575  1.14713  2.63449
595  -1.19423  1.48299  1.64211  2.51435
596  -1.19423  1.48299  1.64211  2.51435
597  -0.438832  0.425576  2.15005  2.23527
598  -1.17679  0.00824163  2.19445  2.49008
599  -1.17679  0.00824163  2.19445  2.49008
600  -0.0129554  -0.359328  0.561176  0.666486
601  -0.0129554  -0.359328  0.561176  0.666486
602  -0.0129554  -0.359328  0.561176  0.666486
603  0.0293622  -0.942673  0.559194  1.09645
604  -0.0116568  -1.088  0.0839242  1.09129
605  -0.432852  -0.710182  -0.19884  0.855135
606  -0.432852  -0.710182  -0.19884  0.855135
607  -0.432852  -0.710182  -0.19884  0.855135
608  -0.432852  -0.710182  -0.19884  0.855135
609  -0.432852  -0.710182  -0.19884  0.855135
610  0.226622  -0.366815  0.610092  0.747076
611  0.7293  0.746026  0.252892  1.07349
612  -0.0525818  1.04177  -0.484608  1.15017
613  -0.0525818  1.04177  -0.484608  1.15017
614  -0.0525818  1.04177  -0.484608  1.15017
615  -0.0525818  1.04177  -0.484608  1.15017
616  -0.157806  0.218561  -1.48649  1.51074
617  -0.236681  0.127097  -0.884695  0.924584
618  0.39417  -0.714737  0.0348253  0.816965
619  0.39417  -0.714737  0.0348253  0.816965
620  0.39417  -0.714737  0.0348253  0.816965
621  -0.807531  -1.14245  -0.773677  1.59871
622  -1.40521  -0.0873296  -0.13962  1.41483
623  -0.937468  0.373577  0.885312  1.34245
624  -0.937468  0.373577  0.885312  1.34245
625  -0.46026  -0.0112323  1.79657  1.85462
626  -0.46026  -0.0112323  1.79657  1.85462
627  -0.541891  1.26592  0.201189  1.39165
628  -0.387884  1.281  0.439026  1.40861
629  -0.049322  0.811367  1.03314  1.31458
630  -0.455675  1.05895  1.16454  1.63864
631  -0.601983  1.54327  0.127456  1.66142
632  -0.601983  1.54327  0.127456  1.66142
633  -1.47803  0.772471  0.11665  1.67179
634  -1.47803  0.772471  0.11665  1.67179
635  -0.0761609  0.550202  1.98226  2.05861
636  -0.126116  0.0143617  1.70628  1.711
637  -0.376302  -0.325094  2.0266  2.08672
638  -0.376302  -0.325094  2.0266  2.08672
639  -0.577745  -0.153014  1.37615  1.50033
640  -0.577745  -0.153014  1.37615  1.50033
641  -0.756994  -0.652838  1.22801  1.58343
642  -0.756994  -0.652838  1.22801  1.58343
643  -1.31294  0.0660437  0.888374  1.58663
644  -1.31294  0.0660437  0.888374  1.58663
645  -0.80839  -0.577128  1.32748  1.65794
646  -0.602022  -1.49626  2.17805  2.71019
647  -0.890852  -2.50736  1.23826  2.93492
648  -0.0785982  -2.24274  -0.544094  2.30913
649  0.890161  -1.78689  0.962071  2.21607
650  0.890161  -1.78689  0.962071  2.21607
651  0.890161  -1.78689  0.962071  2.21607
652  0.890161  -1.78689  0.962071  2.21607
653  0.890161  -1.78689  0.962071  2.21607
654  0.890161  -1.78689  0.962071  2.21607
655  1.53199  -2.54019  1.49757  3.32299
656  1.08164  -1.67256  2.24168  2.99876
657  1.1122  -0.891264  2.19606  2.61802
658  1.37085  -1.86989  2.37914  3.32205
659  0.656215  -2.20059  1.865  2.95828
660  0.656215  -2.20059  1.865  2.95828
661  0.656215  -2.20059  1.865  2.95828
662  0.598654  -2.33581  1.79173  3.00411
663  2.52223  -1.54542  1.48316  3.30904
664  3.63592  -0.245245  0.866404  3.74575
665  3.63592  -0.245245  0.866404  3.74575
666  1.86264  -0.599655  2.18875  2.93592
667  1.86264  -0.599655  2.18875  2.93592
668  2.40975  -0.176104  2.4331  3.42898
669  2.40975  -0.176104  2.4331  3.42898
670  1.56668  0.333956  1.99366  2.55748
671  1.34859  -0.627018  1.6258  2.20342
672  1.54627  -0.599655  2.11439  2.68722
673  1.54627  -0.599655  2.11439  2.68722
674  1.30693  -1.23545  1.66503  2.45086
675  1.3545  -0.92503  1.76369  2.40852
676  0.970129  -0.338765  1.27615  1.63844
677  1.06041  -1.77026  0.537755  2.13248
678  1.11823  -1.34011  -0.409453  1.79276
679  1.02063  -2.27535  -0.142056  2.49782
680  1.02063  -2.27535  -0.142056  2.49782
681  1.02063  -2.27535  -0.142056  2.49782
682  1.52774  -2.82944  0.790475  3.31128
683  1.52774  -2.82944  0.790475  3.31128
684  0.0316995  -3.15293  1.2131  3.37839
685  0.0316995  -3.15293  1.2131  3.37839
686  -0.164199  -4.08486  2.75864  4.93185
687  -0.164199  -4.08486  2.75864  4.93185
688  -0.0520729  -4.09887  2.92597  5.03634
689  -0.0520729  -4.09887  2.92597  5.03634
690  -0.427721  -4.48355  2.49743  5.14998
691  -0.427721  -4.48355  2.49743  5.14998
692  0.129155  -4.70916  2.07512  5.14772
693  -1.10182  -3.86171  1.91018  4.44698
694  -1.34567  -2.99648  1.98276  3.8368
695  -2.05189  -3.46801  1.64428  4.35212
696  -2.05189  -3.46801  1.64428  4.35212
697  -1.7274  -4.47776  1.23028  4.95458
698  -1.7274  -4.47776  1.23028  4.95458
699  -0.79979  -3.44035  2.62429  4.40029
700  -0.79979  -3.44035  2.62429  4.40029
701  -0.79979  -3.44035  2.62429  4.40029
702  -0.503337  -2.52164  2.24348  3.41251
703  -0.503337  -2.52164  2.24348  3.41251
704  -0.729904  -1.92258  2.23122  3.03437
705  -0.729904  -1.92258  2.23122  3.03437
706  -0.117754  -1.77099  2.32245  2.92302
707  -0.117754  -1.77099  2.32245  2.92302
708  -0.117754  -1.77099  2.32245  2.92302
709  0.363338  -2.98253  2.37501  3.8299
710  0.589162  -3.15308  0.810209  3.30839
711  2.03749  -2.45693  0.143955  3.19509
712  2.03749  -2.45693  0.143955  3.19509
713  0.711416  -1.76087  -0.0620241  1.90017
714  0.711416  -1.76087  -0.0620241  1.90017
715  0.939803  -0.938446  0.433859  1.39719
716  0.939803  -0.938446  0.433859  1.39719
717  0.939803  -0.938446  0.433859  1.39719
718  0.939803  -0.938446  0.433859  1.39719
719  1.03449  -0.60586  1.08446  1.61657
720  1.03449  -0.60586  1.08446  1.61657
721  1.03449  -0.60586  1.08446  1.61657
722  0.116915  -1.0602  1.64472  1.9603
723  0.0439884  -1.52161  2.4506  2.8849
724  -0.835676  -1.47486  2.1332  2.72472
725  0.817242  -0.702081  1.35472  1.73091
726  0.817242  -0.702081  1.35472  1.73091
727  0.659865  -0.287333  1.6063  1.76017
728  0.13232  -0.587998  1.55677  1.66937
729  0.13232  -0.587998  1.55677  1.66937
730  -0.699365  -0.199485  1.25745  1.45261
731  -0.535989  -0.483012  1.12079  1.33295
732  0.188617  -0.600311  1.01554  1.19468
733  0.646435  -0.302263  0.581992  0.920845
734  0.646435  -0.302263  0.581992  0.920845
735  0.646435  -0.302263  0.581992  0.920845
736  1.14733  -0.113685  -0.233023  1.17627
737  1.25725  0.110031  0.029503  1.2624
738  1.25725  0.110031  0.029503  1.2624
739  1.09596  -1.44109  -0.325779  1.83956
740  0.408035  -0.643211  -1.0698  1.31327
741  -0.708784  -0.656264  -0.647975  1.16315
742  -0.179664  -1.19664  -0.235918  1.23284
743  -0.179664  -1.19664  -0.235918  1.23284
744  -0.179664  -1.19664  -0.235918  1.23284
745  -0.164534  -0.689835  -0.229557  0.745413
746  0.286031  0.844599  0.598551  1.07398
747  0.176482  0.620914  0.274945  0.701623
748  0.176482  0.620914  0.274945  0.701623
749  0.176482  0.620914  0.274945  0.701623
750  0.176482  0.620914  0.274945  0.701623
751  0.176482  0.620914  0.274945  0.701623
752  0.422752  0.144241  0.569222  0.72356
753  0.422752  0.144241  0.569222  0.72356
754  0.422752  0.144241  0.569222  0.72356
755  0.422752  0.144241  0.569222  0.72356
756  0.422752  0.144241  0.569222  0.72356
757  0.422752  0.144241  0.569222  0.72356
758  0.622632  0.56289  0.237529  0.872316
759  0.622632  0.56289  0.237529  0.872316
760  0.622632  0.56289  0.237529  0.872316
761  1.04192  0.321009  -0.427928  1.17123
762  1.11766  -0.158154  0.519407  1.24257
763  1.11766  -0.158154  0.519407  1.24257
764  1.44468  1.56581  0.0589097  2.13128
765  2.06547  2.34641  -0.34006  3.14443
766  1.18501  3.28464  -0.388696  3.51343
767  1.67109  2.75362  0.244057  3.23025
768  2.26246  1.23736  1.35617  2.91359
769  2.26246  1.23736  1.35617  2.91359
770  2.43025  1.75116  0.918654  3.13314
771  2.43025  1.75116  0.918654  3.13314
772  2.94443  1.57327  0.621436  3.39573
773  2.46059  2.01365  1.2327  3.41011
774  1.8779  1.19985  2.38969  3.26753
775  2.38694  0.852627  1.55116  2.97162
776  2.38694  0.852627  1.55116  2.97162
777  2.38694  0.852627  1.55116  2.97162
778  2.38694  0.852627  1.55116  2.97162
779  2.38694  0.852627  1.55116  2.97162
780  2.17364  -0.107361  1.01003  2.39924
781  1.97336  -0.150904  0.995565  2.21542
782  2.28064  0.16128  0.809579  2.42544
783  1.66647  -0.212104  0.915817  1.91333
784  0.555269  -1.00151  1.149  1.6222
785  0.622292  -1.7437  1.11192  2.15966
786  -0.514374  -0.385761  1.50852  1.63983
787  -0.972198  -1.01682  1.94638  2.40156
788  0.623178  -1.00408  1.90845  2.24471
789  -0.95  0.239674  1.58787  1.86582
790  -0.95  0.239674  1.58787  1.86582
791  -0.95  0.239674  1.58787  1.86582
792  -0.95  0.239674  1.58787  1.86582
793  0.192568  -0.66661  1.28036  1.45628
794  0.192568  -0.66661  1.28036  1.45628
795  0.355084  0.259533  1.64365  1.70148
796  1.468  0.847521  1.43773  2.2227
797  1.84016  0.866015  1.48593  2.51876
798  1.84016  0.866015  1.48593  2.51876
799  2.02949  1.86862  1.56923  3.17381
800  1.85823  0.705024  0.760253  2.12792
801  1.85823  0.705024  0.760253  2.12792
802  2.03459  1.49656  1.02477  2.72569
803  0.511621  1.14835  1.69322  2.1089
804  0.511621  1.14835  1.69322  2.1089
805  0.529138  -0.222429  1.01116  1.16272
806  0.529138  -0.222429  1.01116  1.16272
807  -0.458174  -0.0818617  1.51624  1.58606
808  -0.527757  0.338557  0.558574  0.839734
809  -0.527757  0.338557  0.558574  0.839734
810  -0.371606  0.419398  0.1805  0.588698
811  0.0354933  0.777319  1.33948  1.5491
812  0.0354933  0.777319  1.33948  1.5491
813  0.0354933  0.777319  1.33948  1.5491
814  0.0354933  0.777319  1.33948  1.5491
815  0.0354933  0.777319  1.33948  1.5491
816  -0.486111  1.52209  1.95245  2.52292
817  0.624364  1.83272  2.14144  2.88695
818  0.761672  1.77732  1.59275  2.50516
819  0.449487  1.46145  0.326445  1.56347
820  -0.530121  1.66847  0.299505  1.7761
821  -0.530121  1.66847  0.299505  1.7761
822  -1.12952  1.28161  0.145199  1.71447
823  -2.12297  0.997645  -0.00466772  2.34571
824  -1.59706  -0.329484  -0.881619  1.85376
825  -1.75939  -0.876693  0.0700875  1.96697
826  -2.20212  -0.460882  0.858629  2.40811
827  -2.20212  -0.460882  0.858629  2.40811
828  -2.20212  -0.460882  0.858629  2.40811
829  -2.20212  -0.460882  0.858629  2.40811
830  -2.36138  -0.27766  1.15765  2.64449
831  -1.87016  -0.969287  0.712818  2.22377
832  -1.87016  -0.969287  0.712818  2.22377
833  -1.66791  -1.50138  0.137023  2.2483
834  -1.47742  -1.71015  0.0325121  2.26018
835  -1.47742  -1.71015  0.0325121  2.26018
836  -1.60219  -1.55086  1.35907  2.61137
837  -1.29202  -0.758221  0.89438  1.74474
838  -1.60128  -1.04417  0.353454  1.94405
839  -0.785028  -1.18959  0.842075  1.65544
840  -0.785028  -1.18959  0.842075  1.65544
841  -0.575582  -1.36077  0.343387  1.51687
842  -0.208765  -0.179401  0.522447  0.590523
843  -1.17608  -0.208551  -0.229597  1.21629
844  -1.17608  -0.208551  -0.229597  1.21629
845  -1.27822  0.311028  0.0679172  1.31727
846  -1.1254  1.57333  0.868137  2.12027
847  -1.1254  1.57333  0.868137  2.12027
848  -0.639969  0.687031  1.97664  2.18831
849  -1.1791  0.797302  1.44496  2.02827
850  -2.20734  -0.386643  -0.515181  2.29941
851  -2.20734  -0.386643  -0.515181  2.29941
852  -1.97944  -0.174862  0.953668  2.20415
853  -1.97944  -0.174862  0.953668  2.20415
854  -1.78902  -0.472702  0.602503  1.94603
855  -1.78902  -0.472702  0.602503  1.94603
856  -0.415075  -0.18705  -0.0617876  0.459448
857  -0.274177  -0.196284  -1.66739  1.70115
858  -0.519342  -0.511328  -2.18141  2.29994
859  -1.89683  0.826255  -2.01825  2.89033
860  -1.54777  1.5643  -1.26483  2.53819
861  -1.12764  1.81944  -0.797319  2.28422
862  -1.70435  1.58889  -0.14689  2.33473
863  -1.54381  2.81135  0.0720436  3.20815
864  -0.936081  2.5147  -0.0788626  2.68444
865  -0.936081  2.5147  -0.0788626  2.68444
866  -2.08661  2.29744  -0.509866  3.14518
867  -1.20973  2.54425  -0.985204  2.98451
868  -1.76485  2.43122  -1.71331  3.45846
869  -1.91343  1.47831  -2.10644  3.20682
870  -1.88867  0.278922  -2.52968  3.16926
871  -1.88867  0.278922  -2.52968  3.16926
872  -1.88867  0.278922  -2.52968  3.16926
873  -1.70321  -1.03021  -1.85598  2.72156
874  -2.19774  -0.0176387  -1.1877  2.49821
875  -2.32099  0.291107  -2.13239  3.16525
876  -2.32099  0.291107  -2.13239  3.16525
877  -2.32099  0.291107  -2.13239  3.16525
878  -2.28588  -1.93619  -1.29098  3.26201
879  -1.74754  -1.05746  -2.43811  3.18065
880  -0.355822  -1.80742  -2.51654  3.11871
881  -0.355822  -1.80742  -2.51654  3.11871
882  -0.355822  -1.80742  -2.51654  3.11871
883  -0.355822  -1.80742  -2.51654  3.11871
884  -0.197655  -1.30419  -1.66685  2.12565
885  -0.197655  -1.30419  -1.66685  2.12565
886  -0.197655  -1.30419  -1.66685  2.12565
887  -0.0119985  -1.10707  -1.52256  1.88253
888  -0.119895  -0.385574  -1.55739  1.60888
889  -0.119895  -0.385574  -1.55739  1.60888
890  0.268003  -0.40668  -0.633099  0.798767
891  0.268003  -0.40668  -0.633099  0.798767
892  1.14004  -0.554096  0.409539  1.33208
893  0.337068  -0.217918  -0.455524  0.607129
894  0.337068  -0.217918  -0.455524  0.607129
895  0.337068  -0.217918  -0.455524  0.607129
896  0.36658  -0.298044  -0.509322  0.694708
897  0.831194  0.522323  -0.832938  1.28744
898  0.0633468  0.0979349  0.0904702  0.147611
899  0.0633468  0.0979349  0.0904702  0.147611
900  0.0633468  0.0979349  0.0904702  0.147611
901  -0.373528  0.335625  -0.480092  0.694735
902  -0.373528  0.335625  -0.480092  0.694735
903  -0.373528  0.335625  -0.480092  0.694735
904  -0.373528  0.335625  -0.480092  0.694735
905  0.115485  -0.00925175  -0.942343  0.949438
906  0.204011  1.00099  -0.111151  1.0276
907  0.204011  1.00099  -0.111151  1.0276
908  1.30759  0.0241722  -0.276346  1.33669
909  1.30759  0.0241722  -0.276346  1.33669
910  0.603485  0.0415214  -0.424325  0.738898
911  -0.653099  0.650324  -0.78663  1.21171
912  -0.915488  0.423958  -0.987166  1.41151
913  -1.66639  0.273436  0.105436  1.69196
914  -1.66639  0.273436  0.105436  1.69196
915  -2.05628  1.5283  0.299001  2.57942
916  -0.719121  2.17515  -0.0891486  2.29268
917  -0.770984  1.72221  -0.112832  1.89028
918  -0.770984  1.72221  -0.112832  1.89028
919  -0.770984  1.72221  -0.112832  1.89028
920  -1.38419  0.816011  0.259874  1.62769
921  -1.93407  0.103667  -1.07291  2.21416
922  -1.62872  -0.36822  -1.39146  2.17358
923  -1.62872  -0.36822  -1.39146  2.17358
924  -0.700521  -0.990176  -1.82881  2.19448
925  -0.700521  -0.990176  -1.82881  2.19448
926  -0.83746  -0.618068  -0.853863  1.34627
927  0.380317  1.327  0.0157094  1.38051
928  0.296134  0.347789  0.766046  0.891897
929  0.296134  0.347789  0.766046  0.891897
930  0.296134  0.347789  0.766046  0.891897
931  0.296134  0.347789  0.766046  0.891897
932  0.296134  0.347789  0.766046  0.891897
933  0.728274  0.348232  1.62163  1.81144
934  -0.275024  0.414574  1.10131  1.20847
935  -0.116627  0.446894  1.94221  1.99637
936  -0.897571  0.552901  0.980163  1.43946
937  -0.897571  0.552901  0.980163  1.43946
938  -0.897571  0.552901  0.980163  1.43946
939  -0.737614  -0.43451  0.630894  1.06344
940  -0.596672  -0.661626  0.294616  0.938384
941  -0.596672  -0.661626  0.294616  0.938384
942  -0.596672  -0.661626  0.294616  0.938384
943  -0.596672  -0.661626  0.294616  0.938384
944  -2.45955  -0.294441  0.688175  2.57093
945  -2.45955  -0.294441  0.688175  2.57093
946  -2.58559  -0.704581  -0.248374  2.69136
947  -0.917917  -1.52028  1.41389  2.27001
948  0.560065  -1.3025  0.836511  1.64619
949  0.560065  -1.3025  0.836511  1.64619
950  0.560065  -1.3025  0.836511  1.64619
951  -0.150044  -1.23148  0.327626  1.28312
952  -0.790386  -1.45397  -0.553689  1.74508
953  -0.562482  -1.54246  -0.21161  1.6554
954  0.604369  -1.8953  -0.110586  1.9924
955  0.604369  -1.8953  -0.110586  1.9924
956  0.604369  -1.8953  -0.110586  1.9924
957  0.604369  -1.8953  -0.110586  1.9924
958  0.604369  -1.8953  -0.110586  1.9924
959  0.118011  -1.9029  -0.685633  2.02609
960  0.118011  -1.9029  -0.685633  2.02609
961  1.2688  -2.55638  -1.46917  3.20989
962  0.88144  -2.17735  -1.64567  2.86811
963  0.88144  -2.17735  -1.64567  2.86811
964  0.88144  -2.17735  -1.64567  2.86811
965  0.88144  -2.17735  -1.64567  2.86811
966  0.88144  -2.17735  -1.64567  2.86811
967  0.88144  -2.17735  -1.64567  2.86811
968  1.44414  -3.00081  -1.57326  3.68315
969  1.44414  -3.00081  -1.57326  3.68315
970  1.44414  -3.00081  -1.57326  3.68315
971  1.76404  -2.02054  -1.08083  2.89182
972  1.76404  -2.02054  -1.08083  2.89182
973  1.76404  -2.02054  -1.08083  2.89182
974  1.70477  -1.6461  0.442987  2.41084
975  1.70477  -1.6461  0.442987  2.41084
976  1.53419  -2.79424  0.0158399  3.18775
977  1.53419  -2.79424  0.0158399  3.18775
978  1.53419  -2.79424  0.0158399  3.18775
979  1.53419  -2.79424  0.0158399  3.18775
980  1.53419  -2.79424  0.0158399  3.18775
981  1.33625  -3.25249  0.639036  3.57388
982  0.835113  -4.11443  0.657099  4.24944
983  0.835113  -4.11443  0.657099  4.24944
984  0.835113  -4.11443  0.657099  4.24944
985  2.22501  -3.93571  -0.35454  4.53499
986  1.16133  -3.07542  -0.599468  3.34159
987  1.16133  -3.07542  -0.599468  3.34159
988  0.41509  -2.35823  -1.94124  3.08252
989  -0.441838  -0.509087  -2.04842  2.15648
990  -0.441838  -0.509087  -2.04842  2.15648
991  -0.441838  -0.509087  -2.04842  2.15648
992  -0.222965  0.8672  -2.05922  2.24547
993  -0.222965  0.8672  -2.05922  2.24547
994  0.15241  0.612514  -0.717686  0.955759
995  -1.09009  -0.765864  -0.758613  1.53308
996  -0.62352  -1.92077  -0.725242  2.14572
997  -0.62352  -1.92077  -0.725242  2.14572
998  -0.62352  -1.92077  -0.725242  2.14572
999  0.390026  -1.8288  -0.713893  2.00156
1000  0.390026  -1.8288  -0.713893  2.00156
1001  1.2954  -0.698903  -1.09043  1.83182
1002  1.00446  -0.550684  -0.877817  1.44318
1003  1.00446  -0.550684  -0.877817  1.44318
1004  1.79151  -0.501277  -2.49465  3.11193
1005  1.30012  -0.0215629  -1.84039  2.25339
1006  1.18441  1.16244  -1.56293  2.27966
1007  0.146919  0.164727  -0.945522  0.970944
1008  0.809603  0.143971  -0.606628  1.02185
1009  0.809603  0.143971  -0.606628  1.02185
1010  0.809603  0.143971  -0.606628  1.02185
1011  0.809603  0.143971  -0.606628  1.02185
1012  0.809603  0.143971  -0.606628  1.02185
1013  -0.0865098  0.18451  -1.39096  1.40581
1014  0.989845  0.309166  -0.853264  1.34292
1015  0.809637  0.0369187  -1.37123  1.59284
1016  0.879463  0.368  -1.15146  1.49491
1017  0.889626  -0.141655  -0.827382  1.22314
1018  1.0232  -0.437694  -1.15621  1.60479
1019  0.172346  -0.982658  -1.22828  1.5824
1020  -1.08101  0.225079  -1.15079  1.59485
1021  -1.08101  0.225079  -1.15079  1.59485
1022  0.0187614  0.316227  -0.622645  0.698597
1023  0.0187614  0.316227  -0.622645  0.698597
1024  0.0187614  0.316227  -0.622645  0.698597
1025  0.0187614  0.316227  -0.622645  0.698597
1026  0.0187614  0.316227  -0.622645  0.698597
1027  0.0187614  0.316227  -0.622645  0.698597
1028  0.228498  0.367657  -0.837254  0.942538
1029  0.228498  0.367657  -0.837254  0.942538
1030  0.228498  0.367657  -0.837254  0.942538
1031  0.280592  0.691158  0.197261  0.771585
1032  -0.0729705  0.765567  -0.80231  1.11136
1033  -0.0729705  0.765567  -0.80231  1.11136
1034  -0.0729705  0.765567  -0.80231  1.11136
1035  -0.275495  0.582543  -0.85485  1.07052
1036  -0.275495  0.582543  -0.85485  1.07052
1037  -0.569664  -0.269239  -0.208319  0.663629
1038  -0.569664  -0.269239  -0.208319  0.663629
1039  -0.574711  0.00837585  -0.383915  0.691197
1040  -0.574711  0.00837585  -0.383915  0.691197
1041  -0.574711  0.00837585  -0.383915  0.691197
1042  -0.574711  0.00837585  -0.383915  0.691197
1043  -0.158968  0.148439  0.617845  0.65501
1044  0.632782  -0.163315  0.0516492  0.655555
1045  0.632782  -0.163315  0.0516492  0.655555
1046  0.270286  -0.303816  -0.0463875  0.409281
1047  0.270286  -0.303816  -0.0463875  0.409281
1048  0.270286  -0.303816  -0.0463875  0.409281
1049  0.423087  0.537321  -0.0869614  0.689405
1050  0.792435  0.786437  -0.640756  1.28725
1051  0.792435  0.786437  -0.640756  1.28725
1052  0.792435  0.786437  -0.640756  1.28725
1053  1.88393  0.597497  -0.162087  1.98304
1054  1.77881  0.0246827  -0.179683  1.78803
1055  2.41228  0.102735  -0.0995689  2.41652
1056  2.41228  0.102735  -0.0995689  2.41652
1057  2.41228  0.102735  -0.0995689  2.41652
1058  2.41682  0.326803  0.402139  2.47175
1059  1.92283  0.371003  -0.410801  2.00092
1060  0.390603  0.433817  -0.0386754  0.585033
1061  0.390603  0.433817  -0.0386754  0.585033
1062  0.390603  0.433817  -0.0386754  0.585033
1063  0.390603  0.433817  -0.0386754  0.585033
1064  0.874951  -0.0794239  0.446018  0.985282
1065  -0.60158  -0.0694128  -0.640738  0.881625
1066  0.598626  -0.324243  -0.0129355  0.680921
1067  0.598626  -0.324243  -0.0129355  0.680921
1068  0.598626  -0.324243  -0.0129355  0.680921
1069  0.316359  -0.025446  0.418873  0.525533
1070  0.316359  -0.025446  0.418873  0.525533
1071  0.585972  0.259741  -0.112073  0.650684
1072  0.585972  0.259741  -0.112073  0.650684
1073  0.585972  0.259741  -0.112073  0.650684
1074  1.27746  -0.979501  -0.683032  1.74867
1075  1.05699  -0.641429  -1.58102  2.00706
1076  0.891942  0.0359474  -1.14241  1.44981
1077  0.891942  0.0359474  -1.14241  1.44981
1078  0.891942  0.0359474  -1.14241  1.44981
1079  0.589559  0.579044  0.0817787  0.830397
1080  1.17513  1.03038  -0.85242  1.78023
1081  0.129223  0.430743  -2.28846  2.33223
1082  0.129223  0.430743  -2.28846  2.33223
1083  0.129223  0.430743  -2.28846  2.33223
1084  0.129223  0.430743  -2.28846  2.33223
1085  1.00881  0.127432  -2.17974  2.40525
1086  1.00881  0.127432  -2.17974  2.40525
1087  0.201898  -0.667393  -1.79555  1.92618
1088  0.96722  -0.914898  -0.846341  1.57761
1089  0.916604  -0.815376  -1.22837  1.73606
1090  0.916604  -0.815376  -1.22837  1.73606
1091  1.28772  -1.02017  0.20736  1.65589
1092  1.23254  4.64347e-05  0.272453  1.2623
1093  0.808117  0.279907  0.0457239  0.856441
1094  0.129483  -0.477942  0.405232  0.63985
1095  0.129483  -0.477942  0.405232  0.63985
1096  0.129483  -0.477942  0.405232  0.63985
1097  0.296891  -0.0973659  0.302102  0.434615
1098  0.296891  -0.0973659  0.302102  0.434615
1099  0.296891  -0.0973659  0.302102  0.434615
1100  0.296891  -0.0973659  0.302102  0.434615
1101  0.296891  -0.0973659  0.302102  0.434615
1102  0.296891  -0.0973659  0.302102  0.434615
1103  0.296891  -0.0973659  0.302102  0.434615
1104  0.296891  -0.0973659  0.302102  0.434615
1105  0.296891  -0.0973659  0.302102  0.434615
1106  0.296891  -0.0973659  0.302102  0.434615
1107  0.296891  -0.0973659  0.302102  0.434615
1108  0.296891  -0.0973659  0.302102  0.434615
1109  0.296891  -0.0973659  0.302102  0.434615
1110  -0.106199  0.0727302  0.602575  0.616169
1111  -0.106199  0.0727302  0.602575  0.616169
1112  0.592988  -0.075066  0.113723  0.608443
1113  0.592988  -0.075066  0.113723  0.608443
1114  0.592988  -0.075066  0.113723  0.608443
1115  0.592988  -0.075066  0.113723  0.608443
1116  0.592988  -0.075066  0.113723  0.608443
1117  0.592988  -0.075066  0.113723  0.608443
1118  0.00778925  -0.754549  0.862685  1.14614
1119  0.00778925  -0.754549  0.862685  1.14614
1120  0.579058  -0.716088  0.727594  1.17366
1121  0.579058  -0.716088  0.727594  1.17366
1122  0.579058  -0.716088  0.727594  1.17366
1123  0.579058  -0.716088  0.727594  1.17366
1124  1.3208  -0.580026  0.485842  1.52216
1125  -0.33734  -0.950785  1.91207  2.1619
1126  -0.236693  -0.219597  2.22946  2.25272
1127  0.693477  -0.272983  1.67404  1.83244
1128  0.693477  -0.272983  1.67404  1.83244
1129  0.693477  -0.272983  1.67404  1.83244
1130  0.230447  -0.529049  1.44428  1.55529
1131  -0.687963  -0.206719  -0.22991  0.754245
1132  -0.687963  -0.206719  -0.22991  0.754245
1133  0.517987  0.567431  0.128525  0.778978
1134  0.517987  0.567431  0.128525  0.778978
1135  0.517987  0.567431  0.128525  0.778978
1136  1.21567  0.00647742  1.01944  1.58655
1137  1.07083  -0.675617  1.09444  1.6736
1138  1.07083  -0.675617  1.09444  1.6736
1139  1.07083  -0.675617  1.09444  1.6736
1140  1.07083  -0.675617  1.09444  1.6736
1141  0.803125  -0.370289  0.822451  1.2077
1142  0.803125  -0.370289  0.822451  1.2077
1143  1.04436  0.629299  -0.103077  1.22365
1144  1.04436  0.629299  -0.103077  1.22365
1145  1.9363  0.584287  0.690081  2.13702
1146  1.9363  0.584287  0.690081  2.13702
1147  1.9363  0.584287  0.690081  2.13702
1148  1.71382  1.14127  0.0649878  2.06007
1149  1.71382  1.14127  0.0649878  2.06007
1150  2.28783  0.336112  0.946489  2.4986
1151  1.78284  0.939891  0.481733  2.07219
1152  2.27049  0.895597  1.7815  3.02175
1153  1.5905  0.867853  2.26644  2.90166
1154  1.5905  0.867853  2.26644  2.90166
1155  1.5905  0.867853  2.26644  2.90166
1156  2.02192  0.352716  2.25511  3.04928
1157  1.64197  0.222645  2.42842  2.93988
1158  1.44965  1.18704  2.86607  3.42416
1159  1.44965  1.18704  2.86607  3.42416
1160  1.44965  1.18704  2.86607  3.42416
1161  1.44965  1.18704  2.86607  3.42416
1162  1.44965  1.18704  2.86607  3.42416
1163  -0.218987  1.16469  2.15234  2.45704
1164  -0.218987  1.16469  2.15234  2.45704
1165  0.175065  1.47968  1.78923  2.3284
1166  0.175065  1.47968  1.78923  2.3284
1167  0.175065  1.47968  1.78923  2.3284
1168  0.376725  2.46621  1.68471  3.01038
1169  0.177831  0.906399  1.83777  2.05684
1170  -0.289189  0.38037  1.82576  1.88725
1171  0.30813  -0.624475  0.530745  0.875559
1172  0.896099  1.32967  -0.264921  1.62518
1173  0.734874  2.50989  0.080419  2.6165
1174  1.36896  2.10007  -0.641429  2.58762
1175  1.4976  1.73837  -0.143933  2.29902
1176  1.4976  1.73837  -0.143933  2.29902
1177  2.48626  1.00963  0.651112  2.7613
1178  1.40519  1.05709  1.01268  2.02917
1179  0.909975  1.87935  0.893672  2.27127
1180  2.05232  1.28305  0.518463  2.47529
1181  2.05232  1.28305  0.518463  2.47529
1182  2.05232  1.28305  0.518463  2.47529
1183  2.05232  1.28305  0.518463  2.47529
1184  2.05232  1.28305  0.518463  2.47529
1185  2.05232  1.28305  0.518463  2.47529
1186  2.15948  2.80697  1.34508  3.78836
1187  2.15948  2.80697  1.34508  3.78836
1188  1.74412  3.068  0.398938  3.55159
1189  2.2581  3.74349  0.627539  4.41662
1190  2.92522  2.61172  0.981789  4.04251
1191  2.92522  2.61172  0.981789  4.04251
1192  3.01371  1.99235  0.971756  3.74115
1193  3.4433  1.45083  0.158979  3.73986
1194  3.21298  1.16671  -0.764797  3.50276
1195  2.33451  1.14671  0.0416366  2.60127
1196  2.33451  1.14671  0.0416366  2.60127
1197  1.97723  1.77802  -0.477674  2.70166
1198  1.25125  1.51434  -1.19456  2.29909
1199  1.81856  0.776725  -1.11567  2.2705
1200  1.81856  0.776725  -1.11567  2.2705
1201  1.81856  0.776725  -1.11567  2.2705
1202  1.70481  0.431179  -1.76759  2.49332
1203  1.06016  0.846229  -1.69498  2.17094
1204  0.781011  0.103353  -1.51057  1.70367
1205  0.781011  0.103353  -1.51057  1.70367
1206  0.514102  -0.000483207  -0.768768  0.924827
1207  0.514102  -0.000483207  -0.768768  0.924827
1208  0.514102  -0.000483207  -0.768768  0.924827
1209  0.514102  -0.000483207  -0.768768  0.924827
1210  -0.152193  -0.634015  -0.840549  1.0638
1211  0.207499  -0.743539  -1.05975  1.3111
1212  0.984682  -0.860017  -1.19562  1.77165
1213  0.381731  -0.168186  -1.67992  1.73094
1214  0.381731  -0.168186  -1.67992  1.73094
1215  0.371788  0.839133  -1.68812  1.92149
1216  1.93331  1.46972  -2.39812  3.41302
1217  1.93331  1.46972  -2.39812  3.41302
1218  1.93331  1.46972  -2.39812  3.41302
1219  1.93331  1.46972  -2.39812  3.41302
1220  1.21986  1.58287  -2.63297  3.30546
1221  -0.088639  0.84619  -3.96803  4.05822
1222  0.365323  0.456887  -3.84111  3.8854
1223  0.365323  0.456887  -3.84111  3.8854
1224  -0.592962  0.0637769  -3.16401  3.21973
1225  0.359708  -0.738652  -3.13359  3.2395
1226  0.792892  0.657565  -2.71117  2.90026
1227  1.45569  -0.223776  -3.56581  3.85799
1228  1.45569  -0.223776  -3.56581  3.85799
1229  1.23597  -0.496722  -3.98215  4.19904
1230  0.699511  -0.603395  -3.7756  3.88697
1231  1.24791  -0.207379  -4.23127  4.41632
1232  1.24791  -0.207379  -4.23127  4.41632
1233  0.980942  -1.57887  -4.95748  5.29449
1234  0.980942  -1.57887  -4.95748  5.29449
1235  -0.12127  -1.01991  -4.19444  4.31836
1236  -0.12127  -1.01991  -4.19444  4.31836
1237  -0.391955  -0.262749  -3.07855  3.11451
1238  -0.391955  -0.262749  -3.07855  3.11451
1239  -0.391955  -0.262749  -3.07855  3.11451
1240  -0.391955  -0.262749  -3.07855  3.11451
1241  -1.85389  -0.0842706  -1.74974  2.55061
1242  -1.85389  -0.0842706  -1.74974  2.55061
1243  -1.85389  -0.0842706  -1.74974  2.55061
1244  -2.25439  -1.1319  -1.52535  2.94791
1245  -1.21099  -1.11619  -2.19365  2.74308
1246  -1.32207  -1.46679  -1.73872  2.63106
1247  -1.37353  -1.48754  -0.443163  2.07262
1248  -1.37353  -1.48754  -0.443163  2.07262
1249  -1.37353  -1.48754  -0.443163  2.07262
1250  -0.99799  -1.78903  -0.782151  2.1928
1251  -0.99799  -1.78903  -0.782151  2.1928
1252  -1.13326  -2.06355  -0.829021  2.49596
1253  -0.511166  -2.21962  -1.12198  2.53907
1254  -0.439243  -0.886525  -0.991348  1.40058
1255  -0.531243  -0.365839  -0.858266  1.07363
1256  -1.16772  -0.943142  -0.188019  1.51276
1257  -1.16772  -0.943142  -0.188019  1.51276
1258  -1.16772  -0.943142  -0.188019  1.51276
1259  -1.16772  -0.943142  -0.188019  1.51276
1260  -1.16772  -0.943142  -0.188019  1.51276
1261  -0.115209  -0.243682  -0.18746  0.328322
1262  -0.115209  -0.243682  -0.18746  0.328322
1263  -0.115209  -0.243682  -0.18746  0.328322
1264  -0.115209  -0.243682  -0.18746  0.328322
1265  0.0758233  -0.0277728  -0.373216  0.381852
1266  0.122542  -0.445236  -0.639172  0.788538
1267  -0.606695  0.286701  -0.350467  0.757036
1268  -0.606695  0.286701  -0.350467  0.757036
1269  -0.779917  0.642562  -0.787425  1.28109
1270  -0.779917  0.642562  -0.787425  1.28109
1271  -0.779917  0.642562  -0.787425  1.28109
1272  -1.13423  0.140329  -0.553166  1.26971
1273  -1.13423  0.140329  -0.553166  1.26971
1274  -1.09718  -1.00084  -0.0395347  1.48561
1275  -1.02229  -1.95394  -0.697061  2.31276
1276  -0.862389  -0.863592  -0.653744  1.38452
1277  -0.862389  -0.863592  -0.653744  1.38452
1278  -0.263851  -0.114958  1.27002  1.30222
1279  -0.263851  -0.114958  1.27002  1.30222
1280  -0.108152  -0.810529  0.363476  0.894857
1281  -0.108152  -0.810529  0.363476  0.894857
1282  -0.108152  -0.810529  0.363476  0.894857
1283  -0.108152  -0.810529  0.363476  0.894857
1284  -1.36925  -1.07729  0.263942  1.76212
1285  -0.281607  -0.50075  -0.411253  0.706528
1286  -1.17574  -0.107268  -1.18856  1.67527
1287  -1.06574  -0.659414  -0.888957  1.53652
1288  -0.650387  -1.15825  -0.850413  1.57726
1289  -0.875544  0.0605486  -0.934944  1.28233
1290  -0.7652  0.270428  0.595125  1.0064
1291  -0.7652  0.270428  0.595125  1.0064
1292  -0.7652  0.270428  0.595125  1.0064
1293  0.098424  1.15987  1.30057  1.74542
1294  0.179266  0.758228  0.713613  1.05655
1295  0.179266  0.758228  0.713613  1.05655
1296  0.0565769  0.902864  0.820044  1.221
1297  -0.560873  0.365787  0.431945  0.796841
1298  -0.560873  0.365787  0.431945  0.796841
1299  0.458095  0.287992  0.102315  0.550689
1300  0.458095  0.287992  0.102315  0.550689
1301  0.458095  0.287992  0.102315  0.550689
1302  -0.418296  0.202539  0.19014  0.502142
1303  -0.418296  0.202539  0.19014  0.502142
1304  -0.418296  0.202539  0.19014  0.502142
1305  -0.37566  0.733563  -0.930119  1.24272
1306  -0.37566  0.733563  -0.930119  1.24272
1307  0.0456578  -0.0973225  -1.66248  1.66595
1308  -0.625448  0.598761  -1.81625  2.01208
1309  0.216241  1.90024  0.462771  1.9677
1310  -0.559104  0.664661  -0.52924  1.01709
1311  -0.559104  0.664661  -0.52924  1.01709
1312  -0.559104  0.664661  -0.52924  1.01709
1313  0.869452  -0.392748  -0.302465  1.00084
1314  -0.474232  -0.973283  0.374649  1.14566
1315  -0.474232  -0.973283  0.374649  1.14566
1316  -0.474232  -0.973283  0.374649  1.14566
1317  -0.474232  -0.973283  0.374649  1.14566
1318  -0.759049  -1.47166  -0.0074447  1.6559
1319  -0.759049  -1.47166  -0.0074447  1.6559
1320  -0.166043  -0.526078  0.757534  0.937116
1321  -0.182576  -0.0725238  2.33991  2.34814
1322  0.189494  0.315656  1.388  1.43599
1323  0.189494  0.315656  1.388  1.43599
1324  0.790305  -0.80977  0.87553  1.43069
1325  1.12927  -1.57769  0.932452  2.15264
1326  0.871005  -0.704838  0.0587261  1.122
1327  0.847667  -0.398469  -0.176616  0.953158
1328  0.224318  -0.550908  -0.278978  0.656998
1329  0.566745  -0.312929  -1.26996  1.42545
1330  0.566745  -0.312929  -1.26996  1.42545
1331  0.566745  -0.312929  -1.26996  1.42545
1332  -0.424089  -0.128798  -0.385949  0.587704
1333  -0.424089  -0.128798  -0.385949  0.587704
1334  -0.424089  -0.128798  -0.385949  0.587704
1335  -0.424089  -0.128798  -0.385949  0.587704
1336  -0.424089  -0.128798  -0.385949  0.587704
1337  -0.54349  0.585538  -0.744974  1.09235
1338  -0.409215  0.280272  -1.2937  1.38552
1339  0.371461  -0.135953  -0.0696892  0.40165
1340  -0.359471  -0.405091  -0.0314857  0.542503
1341  -0.359471  -0.405091  -0.0314857  0.542503
1342  -0.359471  -0.405091  -0.0314857  0.542503
1343  -0.359471  -0.405091  -0.0314857  0.542503
1344  -0.359471  -0.405091  -0.0314857  0.542503
1345  0.727451  -0.0583137  0.0590722  0.732171
1346  1.08753  0.0138791  0.0414537  1.08841
1347  -0.0317789  0.320804  0.441963  0.547043
1348  -0.0317789  0.320804  0.441963  0.547043
1349  -0.0317789  0.320804  0.441963  0.547043
1350  -0.0317789  0.320804  0.441963  0.547043
1351  0.650956  -0.574646  1.29865  1.5622
1352  0.650956  -0.574646  1.29865  1.5622
1353  0.815954  0.143899  1.11726  1.39096
1354  0.740998  -1.40729  0.803155  1.78174
1355  0.740998  -1.40729  0.803155  1.78174
1356  -0.267972  -1.11419  0.428005  1.22328
1357  -0.0710225  -1.19049  -0.0407638  1.19331
1358  -0.0710225  -1.19049  -0.0407638  1.19331
1359  -0.616858  -0.694421  -0.432416  1.02456
1360  0.12975  -0.406106  -0.793497  0.900774
1361  0.12975  -0.406106  -0.793497  0.900774
1362  0.0890785  0.0314954  -1.38002  1.38326
1363  0.0890785  0.0314954  -1.38002  1.38326
1364  0.0890785  0.0314954  -1.38002  1.38326
1365  0.0890785  0.0314954  -1.38002  1.38326
1366  0.0890785  0.0314954  -1.38002  1.38326
1367  0.209619  0.380838  -2.33708  2.37717
1368  0.209619  0.380838  -2.33708  2.37717
1369  0.209619  0.380838  -2.33708  2.37717
1370  0.328878  -0.900989  -1.98722  2.20657
1371  0.328878  -0.900989  -1.98722  2.20657
1372  0.328878  -0.900989  -1.98722  2.20657
1373  1.15497  -0.791136  -1.68117  2.18773
1374  1.15497  -0.791136  -1.68117  2.18773
1375  0.864454  -0.719273  -0.696416  1.32274
1376  1.28502  -0.227338  -0.730376  1.49546
1377  1.45563  0.263431  0.305451  1.51048
1378  1.45563  0.263431  0.305451  1.51048
1379  0.955515  1.19987  -0.597772  1.64622
1380  0.955515  1.19987  -0.597772  1.64622
1381  0.955515  1.19987  -0.597772  1.64622
1382  0.955515  1.19987  -0.597772  1.64622
1383  0.955515  1.19987  -0.597772  1.64622
1384  1.1045  0.908864  -1.40891  2.00774
1385  0.150293  1.00986  -1.10887  1.50732
1386  0.150293  1.00986  -1.10887  1.50732
1387  0.150293  1.00986  -1.10887  1.50732
1388  0.156784  1.54962  -0.992579  1.84692
1389  0.156784  1.54962  -0.992579  1.84692
1390  0.783825  1.11425  0.0826946  1.36484
1391  0.783825  1.11425  0.0826946  1.36484
1392  0.783825  1.11425  0.0826946  1.36484
1393  0.264583  0.275314  0.349071  0.517352
1394  0.264583  0.275314  0.349071  0.517352
1395  -1.12326  -0.907971  -0.430973  1.50727
1396  -1.04314  -0.792343  0.370534  1.36134
1397  -1.04314  -0.792343  0.370534  1.36134
1398  -1.04314  -0.792343  0.370534  1.36134
1399  -1.04314  -0.792343  0.370534  1.36134
1400  -0.77042  -0.245181  0.437245  0.919153
1401  -0.660888  0.0112359  -0.550915  0.860469
1402  -1.11983  -0.130023  -0.159465  1.13858
1403  -1.11983  -0.130023  -0.159465  1.13858
1404  -1.11983  -0.130023  -0.159465  1.13858
1405  -1.11983  -0.130023  -0.159465  1.13858
1406  -0.953599  0.0930645  -0.117233  0.965275
1407  -0.198353  -1.33914  0.143031  1.36129
1408  -0.198353  -1.33914  0.143031  1.36129
1409  0.857639  -0.769426  -0.882633  1.45141
1410  -0.781956  -0.749428  -0.476549  1.1833
1411  -0.781956  -0.749428  -0.476549  1.1833
1412  -1.27059  0.855532  0.179717  1.54228
1413  -1.27059  0.855532  0.179717  1.54228
1414  -1.27059  0.855532  0.179717  1.54228
1415  -2.06411  0.821579  0.595279  2.29998
1416  -1.86879  1.23472  1.02578  2.46356
1417  -1.86879  1.23472  1.02578  2.46356
1418  -1.86879  1.23472  1.02578  2.46356
1419  -1.86879  1.23472  1.02578  2.46356
1420  -1.44018  1.93063  0.988983  2.60376
1421  -1.28966  2.24701  0.591998  2.65758
1422  -1.7241  2.08278  -0.520095  2.75336
1423  -1.09106  1.86608  -0.445166  2.207
1424  -1.09106  1.86608  -0.445166  2.207
1425  -1.09106  1.86608  -0.445166  2.207
1426  -1.09106  1.86608  -0.445166  2.207
1427  -1.15772  0.993715  0.215908  1.54091
1428  -1.15772  0.993715  0.215908  1.54091
1429  -1.15772  0.993715  0.215908  1.54091
1430  -0.191062  0.299561  0.0549423  0.359528
1431  -0.191062  0.299561  0.0549423  0.359528
1432  -0.191062  0.299561  0.0549423  0.359528
1433  -0.191062  0.299561  0.0549423  0.359528
1434  -0.191062  0.299561  0.0549423  0.359528
1435  -0.191062  0.299561  0.0549423  0.359528
1436  -0.191062  0.299561  0.0549423  0.359528
1437  -0.191062  0.299561  0.0549423  0.359528
1438  -0.269474  -0.837815  0.441804  0.984754
1439  1.22937  -1.34574  -0.729196  1.96318
1440  1.22937  -1.34574  -0.729196  1.96318
1441  1.22937  -1.34574  -0.729196  1.96318
1442  1.22937  -1.34574  -0.729196  1.96318
1443  0.0953875  -1.5456  -0.566588  1.64894
1444  0.505421  -0.71685  -0.285081  0.922278
1445  0.505421  -0.71685  -0.285081  0.922278
1446  0.505421  -0.71685  -0.285081  0.922278
1447  0.614478  -0.339245  0.779273  1.04878
1448  0.614478  -0.339245  0.779273  1.04878
1449  0.829119  -0.0734277  0.487455  0.964594
1450  0.829119  -0.0734277  0.487455  0.964594
1451  0.767928  -0.482052  0.57974  1.07619
1452  0.767928  -0.482052  0.57974  1.07619
1453  0.462362  -0.85696  1.27151  1.60153
1454  0.462362  -0.85696  1.27151  1.60153
1455  0.462362  -0.85696  1.27151  1.60153
1456  -1.10613  -1.43316  0.818646  1.98687
1457  -0.664022  -1.64197  1.38149  2.24622
1458  -0.487921  -1.55972  1.42346  2.16726
1459  -0.487921  -1.55972  1.42346  2.16726
1460  -0.487921  -1.55972  1.42346  2.16726
1461  0.545552  -0.504202  1.82322  1.96875
1462  0.545552  -0.504202  1.82322  1.96875
1463  0.783188  -1.07687  1.199  1.79182
1464  0.464146  -1.39507  1.40777  2.03555
1465  -0.67231  -0.344548  2.03544  2.17111
1466  -0.67231  -0.344548  2.03544  2.17111
1467  -0.666581  -0.176337  1.58881  1.73197
1468  0.157855  0.530599  1.37579  1.48298
1469  0.157855  0.530599  1.37579  1.48298
1470  0.157855  0.530599  1.37579  1.48298
1471  0.257036  -0.200784  1.28166  1.32251
1472  0.257036  -0.200784  1.28166  1.32251
1473  0.257036  -0.200784  1.28166  1.32251
1474  0.118938  -0.504365  1.3257  1.42338
1475  -0.325418  -0.473075  0.448526  0.72861
1476  -0.325418  -0.473075  0.448526  0.72861
1477  -0.325418  -0.473075  0.448526  0.72861
1478  -0.325418  -0.473075  0.448526  0.72861
1479  -0.143777  -1.31694  -0.0312337  1.32514
1480  -0.192287  -1.32738  0.420137  1.4055
1481  -0.192287  -1.32738  0.420137  1.4055
1482  -0.192287  -1.32738  0.420137  1.4055
1483  0.154315  -0.949615  0.498908  1.08374
1484  0.154315  -0.949615  0.498908  1.08374
1485  0.154315  -0.949615  0.498908  1.08374
1486  0.154315  -0.949615  0.498908  1.08374
1487  0.751623  -0.531562  0.993745  1.35463
1488  0.751623  -0.531562  0.993745  1.35463
1489  0.570758  -1.08419  0.867093  1.50102
1490  0.760958  -1.50275  0.346945  1.71979
1491  0.760958  -1.50275  0.346945  1.71979
1492  0.218827  -1.74527  0.0787841  1.7607
1493  -0.344414  -1.50882  0.214082  1.56237
1494  -0.344414  -1.50882  0.214082  1.56237
1495  -0.344414  -1.50882  0.214082  1.56237
1496  -0.417802  -0.522119  0.76922  1.01925
1497  -0.417802  -0.522119  0.76922  1.01925
1498  -0.00434256  -0.956713  1.09816  1.45646
1499  -0.00434256  -0.956713  1.09816  1.45646
1500  0.336761  -1.68045  0.843925  1.91037
1501  -0.19064  -1.31233  0.445075  1.3988
1502  -1.44739  -1.52827  -0.65826  2.20541
1503  -0.27352  -0.901724  -0.767668  1.21541
1504  -0.27352  -0.901724  -0.767668  1.21541
1505  -0.298929  -0.967664  -1.31075  1.65644
1506  0.670729  -1.50907  -0.172125  1.66036
1507  0.069965  -0.280903  -0.0571531  0.295073
1508  0.069965  -0.280903  -0.0571531  0.295073
1509  0.456365  -0.54524  0.221502  0.744728
1510  1.03408  -0.946481  -0.763464  1.59625
1511  1.03408  -0.946481  -0.763464  1.59625
1512  0.570471  -0.2363  -1.44705  1.57329
1513  0.570471  -0.2363  -1.44705  1.57329
1514  1.01735  0.81295  -1.0217  1.65522
1515  1.01735  0.81295  -1.0217  1.65522
1516  1.01735  0.81295  -1.0217  1.65522
1517  1.01735  0.81295  -1.0217  1.65522
1518  1.01735  0.81295  -1.0217  1.65522
1519  0.296147  1.07827  -0.803248  1.3768
1520  -0.73351  1.5962  -0.926191  1.98588
1521  -0.500599  -0.981703  -0.857874  1.39653
1522  -0.500599  -0.981703  -0.857874  1.39653
1523  -0.500599  -0.981703  -0.857874  1.39653
1524  -0.500599  -0.981703  -0.857874  1.39653
1525  0.423473  -0.795282  -0.761519  1.17971
1526  1.10558  -1.80471  -0.553759  2.18768
1527  1.10558  -1.80471  -0.553759  2.18768
1528  1.10558  -1.80471  -0.553759  2.18768
1529  1.10558  -1.80471  -0.553759  2.18768
1530  1.10558  -1.80471  -0.553759  2.18768
1531  1.10558  -1.80471  -0.553759  2.18768
1532  0.600685  -1.49073  0.582852  1.70963
1533  0.600685  -1.49073  0.582852  1.70963
1534  0.600685  -1.49073  0.582852  1.70963
1535  0.307567  -1.63946  0.542785  1.75415
1536  0.307567  -1.63946  0.542785  1.75415
1537  0.564269  -1.08333  0.897849  1.51596
1538  0.564269  -1.08333  0.897849  1.51596
1539  0.564269  -1.08333  0.897849  1.51596
1540  0.564269  -1.08333  0.897849  1.51596
1541  0.25324  -1.61411  1.48532  2.20809
1542  -0.425137  -1.40544  2.56258  2.95344
1543  -0.465546  -1.3125  2.69444  3.03305
1544  -0.0488679  -2.56695  1.70006  3.07925
1545  -0.0488679  -2.56695  1.70006  3.07925
1546  -0.0488679  -2.56695  1.70006  3.07925
1547  -0.0488679  -2.56695  1.70006  3.07925
1548  1.23917  -2.56244  1.52418  3.22874
1549  1.40015  -1.51152  1.06952  2.32142
1550  0.901512  -0.697632  1.79923  2.12994
1551  0.13597  -0.10823  1.87005  1.87811
1552  0.13597  -0.10823  1.87005  1.87811
1553  0.236801  -0.440294  2.27755  2.33178
1554  1.18941  -1.37973  1.67972  2.47786
1555  1.18941  -1.37973  1.67972  2.47786
1556  1.18941  -1.37973  1.67972  2.47786
1557  1.18941  -1.37973  1.67972  2.47786
1558  0.2037  -0.916036  1.65539  1.90288
1559  0.2037  -0.916036  1.65539  1.90288
1560  0.476155  -0.194438  1.27053  1.37068
1561  0.253001  -0.621445  1.41564  1.56661
1562  0.253001  -0.621445  1.41564  1.56661
1563  0.253001  -0.621445  1.41564  1.56661
1564  0.253001  -0.621445  1.41564  1.56661
1565  -0.746742  -0.826618  1.61732  1.96383
1566  -0.433637  -1.1107  1.16456  1.6667
1567  -0.433637  -1.1107  1.16456  1.6667
1568  -0.433637  -1.1107  1.16456  1.6667
1569  -0.433637  -1.1107  1.16456  1.6667
1570  -1.07615  0.294709  -0.462929  1.20799
1571  -1.07615  0.294709  -0.462929  1.20799
1572  -1.07615  0.294709  -0.462929  1.20799
1573  -1.07615  0.294709  -0.462929  1.20799
1574  -1.07615  0.294709  -0.462929  1.20799
1575  -0.434094  1.14096  0.507633  1.32208
1576  -0.434094  1.14096  0.507633  1.32208
1577  -0.666229  0.657706  0.0510095  0.937572
1578  -1.03091  -0.633356  0.29926  1.24639
1579  -1.31463  -0.508671  0.841918  1.6419
1580  -1.31463  -0.508671  0.841918  1.6419
1581  -1.92993  0.0979829  0.510509  1.99871
1582  -1.92993  0.0979829  0.510509  1.99871
1583  -1.92993  0.0979829  0.510509  1.99871
1584  -1.48018  -0.232093  0.935232  1.7662
1585  -1.48018  -0.232093  0.935232  1.7662
1586  -1.39132  -0.0406701  -0.889493  1.65185
1587  -1.39132  -0.0406701  -0.889493  1.65185
1588  -0.756403  -0.412397  0.239249  0.894124
1589  -0.756403  -0.412397  0.239249  0.894124
1590  -0.756403  -0.412397  0.239249  0.894124
1591  -0.756403  -0.412397  0.239249  0.894124
1592  0.314459  -0.0125512  -0.00351666  0.314729
1593  0.314459  -0.0125512  -0.00351666  0.314729
1594  0.314459  -0.0125512  -0.00351666  0.314729
1595  0.314459  -0.0125512  -0.00351666  0.314729
1596  0.314459  -0.0125512  -0.00351666  0.314729
1597  0.314459  -0.0125512  -0.00351666  0.314729
1598  0.314459  -0.0125512  -0.00351666  0.314729
1599  0.438057  -1.04031  0.0299807  1.12918
1600  0.438057  -1.04031  0.0299807  1.12918
1601  -0.674356  -1.01075  -1.16838  1.68567
1602  -0.674356  -1.01075  -1.16838  1.68567
1603  -0.674356  -1.01075  -1.16838  1.68567
1604  -0.674356  -1.01075  -1.16838  1.68567
1605  -0.690156  -0.564831  -0.00422492  0.891834
1606  -0.192047  -0.850064  -0.419367  0.96714
1607  -0.192047  -0.850064  -0.419367  0.96714
1608  0.849524  -0.647254  -0.129384  1.07581
1609  0.660908  -0.583857  -0.909676  1.26696
1610  0.633409  -0.354297  0.246752  0.766564
1611  0.633409  -0.354297  0.246752  0.766564
1612  0.633409  -0.354297  0.246752  0.766564
1613  0.240534  -0.217397  0.107134  0.341462
1614  0.240534  -0.217397  0.107134  0.341462
1615  0.240534  -0.217397  0.107134  0.341462
1616  0.240534  -0.217397  0.107134  0.341462
1617  0.107057  -1.12422  -1.14573  1.60874
1618  -0.64698  -0.149317  -0.783826  1.02726
1619  -0.271403  -0.422187  0.421879  0.655654
1620  -0.271403  -0.422187  0.421879  0.655654
1621  -0.271403  -0.422187  0.421879  0.655654
1622  -0.0224066  -0.64908  -0.283227  0.708537
1623  -0.187643  -1.17657  0.303092  1.22938
1624  0.918966  -0.868346  -1.70817  2.12518
1625  0.918966  -0.868346  -1.70817  2.12518
1626  0.918966  -0.868346  -1.70817  2.12518
1627  0.827177  -0.190276  -2.62316  2.75706
1628  0.827177  -0.190276  -2.62316  2.75706
1629  0.827177  -0.190276  -2.62316  2.75706
1630  0.827177  -0.190276  -2.62316  2.75706
1631  0.805407  0.851514  -1.74106  2.09882
1632  0.749533  0.443383  -1.06719  1.37742
1633  0.749533  0.443383  -1.06719  1.37742
1634  0.749533  0.443383  -1.06719  1.37742
1635  0.749533  0.443383  -1.06719  1.37742
1636  0.540934  -0.397508  -1.59122  1.72702
1637  0.540934  -0.397508  -1.59122  1.72702
1638  -1.21861  0.530015  -1.56652  2.05424
1639  -1.21861  0.530015  -1.56652  2.05424
1640  -1.21861  0.530015  -1.56652  2.05424
1641  -1.21861  0.530015  -1.56652  2.05424
1642  -1.31438  -0.290649  -0.445934  1.41807
1643  -1.31438  -0.290649  -0.445934  1.41807
1644  -1.31438  -0.290649  -0.445934  1.41807
1645  0.0333427  -0.453791  -0.0617317  0.459183
1646  0.0333427  -0.453791  -0.0617317  0.459183
1647  0.0333427  -0.453791  -0.0617317  0.459183
1648  0.0333427  -0.453791  -0.0617317  0.459183
1649  0.0333427  -0.453791  -0.0617317  0.459183
1650  0.0333427  -0.453791  -0.0617317  0.459183
1651  0.0333427  -0.453791  -0.0617317  0.459183
1652  0.0333427  -0.453791  -0.0617317  0.459183
1653  0.725615  -0.621336  -0.206138  0.977276
1654  0.725615  -0.621336  -0.206138  0.977276
1655  0.725615  -0.621336  -0.206138  0.977276
1656  0.328159  -0.632879  0.370372  0.803368
1657  0.328159  -0.632879  0.370372  0.803368
1658  0.328159  -0.632879  0.370372  0.803368
1659  0.328159  -0.632879  0.370372  0.803368
1660  0.328159  -0.632879  0.370372  0.803368
1661  0.328159  -0.632879  0.370372  0.803368
1662  0.328159  -0.632879  0.370372  0.803368
1663  -0.766962  -1.18734  -0.707566  1.58071
1664  -0.766962  -1.18734  -0.707566  1.58071
1665  -0.766962  -1.18734  -0.707566  1.58071
1666  -0.315776  -0.985836  -0.954031  1.40775
1667  -1.15495  -1.38147  -0.0125018  1.80071
1668  -0.475049  -1.30854  -0.261009  1.41636
1669  -0.475049  -1.30854  -0.261009  1.41636
1670  -0.475049  -1.30854  -0.261009  1.41636
1671  -1.27468  -0.0738716  -0.599443  1.41053
1672  -1.27468  -0.0738716  -0.599443  1.41053
1673  -0.919325  0.163952  0.123409  0.941949
1674  -0.919325  0.163952  0.123409  0.941949
1675  -0.919325  0.163952  0.123409  0.941949
1676  -0.919325  0.163952  0.123409  0.941949
1677  -0.294015  -0.502788  -0.274462  0.643871
1678  -0.294015  -0.502788  -0.274462  0.643871
1679  -0.294015  -0.502788  -0.274462  0.643871
1680  0.757227  1.09241  -1.11799  1.73685
1681  1.97173  1.52631  -0.732454  2.59881
1682  1.69616  1.8411  -0.367892  2.53021
1683  1.69616  1.8411  -0.367892  2.53021
1684  1.88553  1.67934  0.00439423  2.52496
1685  0.576663  0.308152  -1.12676  1.30272
1686  0.576663  0.308152  -1.12676  1.30272
1687  0.576663  0.308152  -1.12676  1.30272
1688  0.840194  -0.0544304  -1.02146  1.32373
1689  0.800243  0.093098  -0.917162  1.22076
1690  0.800243  0.093098  -0.917162  1.22076
1691  -0.327793  0.820747  -0.494628  1.01278
1692  -0.361879  0.271957  -0.708026  0.840368
1693  -0.361879  0.271957  -0.708026  0.840368
1694  -0.415156  -0.238951  -0.775505  0.911515
1695  -0.133817  0.0855378  -0.86184  0.876352
1696  -0.133817  0.0855378  -0.86184  0.876352
1697  -0.133817  0.0855378  -0.86184  0.876352
1698  0.693067  0.56294  -0.635488  1.09594
1699  0.80505  -0.126805  -0.598119  1.01091
1700  0.80505  -0.126805  -0.598119  1.01091
1701  0.80505  -0.126805  -0.598119  1.01091
1702  0.80505  -0.126805  -0.598119  1.01091
1703  0.80505  -0.126805  -0.598119  1.01091
1704  -0.420413  1.12927  0.129366  1.21192
1705  -0.420413  1.12927  0.129366  1.21192
1706  -0.839575  1.00059  0.149021  1.31464
1707  -0.839575  1.00059  0.149021  1.31464
1708  -0.839575  1.00059  0.149021  1.31464
1709  -1.70502  1.22386  0.3051  2.12086
1710  -1.25148  1.41399  0.201423  1.89898
1711  -1.25148  1.41399  0.201423  1.89898
1712  0.267762  0.881173  1.18032  1.4971
1713  0.267762  0.881173  1.18032  1.4971
1714  0.582493  0.495684  0.747855  1.06971
1715  0.196589  0.068895  -0.00384997  0.208348
1716  1.17514  0.603675  0.629978  1.46364
1717  0.934619  -0.566519  0.92493  1.43177
1718  -0.00953082  -0.1011  -1.25608  1.26018
1719  -0.00953082  -0.1011  -1.25608  1.26018
1720  -0.107882  -0.697684  -0.740448  1.02307
1721  -0.107882  -0.697684  -0.740448  1.02307
1722  -0.771705  0.316845  0.504616  0.974964
1723  -0.771705  0.316845  0.504616  0.974964
1724  -0.241629  -0.0474734  0.298666  0.387091
1725  -0.281848  -1.24779  0.904088  1.56646
1726  -0.281848  -1.24779  0.904088  1.56646
1727  -0.412841  -0.269417  0.509129  0.708686
1728  -0.412841  -0.269417  0.509129  0.708686
1729  -0.412841  -0.269417  0.509129  0.708686
1730  0.51562  -0.209234  -0.397753  0.683996
1731  0.51562  -0.209234  -0.397753  0.683996
1732  0.51562  -0.209234  -0.397753  0.683996
1733  0.51562  -0.209234  -0.397753  0.683996
1734  0.51562  -0.209234  -0.397753  0.683996
1735  0.199265  -0.21942  -0.342976  0.453303
1736  0.199265  -0.21942  -0.342976  0.453303
1737  0.199265  -0.21942  -0.342976  0.453303
1738  0.258909  -0.608667  -0.606559  0.897454
1739  0.718654  -0.602445  -0.414666  1.02535
1740  0.718654  -0.602445  -0.414666  1.02535
1741  0.199647  -1.1062  0.773593  1.36455
1742  0.199647  -1.1062  0.773593  1.36455
1743  0.420321  -0.929809  0.213586  1.04251
1744  0.420321  -0.929809  0.213586  1.04251
1745  0.420321  -0.929809  0.213586  1.04251
1746  0.607057  -0.917023  -0.7628  1.3384
1747  0.731749  -0.56456  0.0675201  0.926684
1748  -0.216654  0.723106  -0.569601  0.945657
1749  -0.216654  0.723106  -0.569601  0.945657
1750  -0.216654  0.723106  -0.569601  0.945657
1751  -1.30901  1.16101  -0.32609  1.77983
1752  -0.683224  0.795616  -0.800608  1.31938
1753  -0.683224  0.795616  -0.800608  1.31938
1754  -0.683224  0.795616  -0.800608  1.31938
1755  -0.683224  0.795616  -0.800608  1.31938
1756  -0.683224  0.795616  -0.800608  1.31938
1757  0.218305  -0.942402  -0.995989  1.38844
1758  -1.8457  -1.32322  -0.831256  2.41837
1759  -1.8457  -1.32322  -0.831256  2.41837
1760  -1.6645  -1.61547  -0.681335  2.41754
1761  -2.26293  -0.773684  -1.46745  2.80586
1762  -2.26293  -0.773684  -1.46745  2.80586
1763  -1.35621  -0.0112472  -2.45753  2.80693
1764  -1.75814  1.35845  -1.74826  2.82716
1765  -1.87322  1.72264  -1.77057  3.10022
1766  -1.82006  0.110636  -1.03031  2.09437
1767  -1.82006  0.110636  -1.03031  2.09437
1768  -0.620437  0.0375129  -1.5144  1.637
1769  -1.98879  0.369417  -0.490586  2.08145
1770  -0.749102  0.0391865  0.348955  0.82732
1771  -0.982562  -0.941828  0.0661222  1.36266
1772  -0.982562  -0.941828  0.0661222  1.36266
1773  -1.40322  -0.816248  -0.896755  1.85458
1774  -1.40322  -0.816248  -0.896755  1.85458
1775  -0.340624  0.750545  -1.42202  1.64362
1776  -0.783058  0.72744  -1.52004  1.85819
1777  -0.489858  0.791056  0.0734485  0.933341
1778  0.174708  -0.160861  0.284886  0.37089
1779  0.174708  -0.160861  0.284886  0.37089
1780  0.174708  -0.160861  0.284886  0.37089
1781  0.174708  -0.160861  0.284886  0.37089
1782  0.174708  -0.160861  0.284886  0.37089
1783  0.174708  -0.160861  0.284886  0.37089
1784  0.174708  -0.160861  0.284886  0.37089
1785  0.804438  1.14616  -0.433488  1.46585
1786  0.804438  1.14616  -0.433488  1.46585
1787  0.804438  1.14616  -0.433488  1.46585
1788  0.961354  1.28724  0.858107  1.82141
1789  0.961354  1.28724  0.858107  1.82141
1790  0.961354  1.28724  0.858107  1.82141
1791  0.528449  0.608247  0.354546  0.880299
1792  0.449427  0.499004  -0.510311  0.84345
1793  0.449427  0.499004  -0.510311  0.84345
1794  0.449427  0.499004  -0.510311  0.84345
1795  0.0972729  0.0560394  -0.409346  0.424461
1796  0.0972729  0.0560394  -0.409346  0.424461
1797  0.0972729  0.0560394  -0.409346  0.424461
1798  -0.702822  0.0604211  -1.00394  1.22699
1799  -0.495452  -0.269834  -0.714615  0.910471
1800  0.0283464  0.460063  0.647228  0.794585
1801  0.0283464  0.460063  0.647228  0.794585
1802  0.0283464  0.460063  0.647228  0.794585
1803  0.0283464  0.460063  0.647228  0.794585
1804  0.0283464  0.460063  0.647228  0.794585
1805  0.0283464  0.460063  0.647228  0.794585
1806  0.0449361  0.576098  0.120472  0.590273
1807  0.0449361  0.576098  0.120472  0.590273
1808  0.0449361  0.576098  0.120472  0.590273
1809  0.0449361  0.576098  0.120472  0.590273
1810  0.0449361  0.576098  0.120472  0.590273
1811  0.0449361  0.576098  0.120472  0.590273
1812  -0.0163512  0.908291  0.393645  0.990059
1813  -0.0163512  0.908291  0.393645  0.990059
1814  -0.0163512  0.908291  0.393645  0.990059
1815  -0.0163512  0.908291  0.393645  0.990059
1816  -0.0163512  0.908291  0.393645  0.990059
1817  -0.0163512  0.908291  0.393645  0.990059
1818  -0.76703  0.94312  0.0415417  1.21636
1819  -0.677957  1.29802  0.433906  1.52733
1820  -0.379906  0.973985  0.365582  1.10753
1821  -0.38541  0.920652  0.162467  1.0112
1822  -0.38541  0.920652  0.162467  1.0112
1823  -0.38541  0.920652  0.162467  1.0112
1824  0.529004  0.558435  -0.111731  0.777289
1825  0.529004  0.558435  -0.111731  0.777289
1826  0.529004  0.558435  -0.111731  0.777289
1827  -0.290982  -0.215239  -0.720008  0.805859
1828  0.843628  -0.398181  -0.44913  1.03536
1829  0.843628  -0.398181  -0.44913  1.03536
1830  -0.059372  -0.135543  -0.860899  0.873524
1831  -0.202835  0.914504  -0.7941  1.22803
1832  -0.143546  0.395636  -2.11922  2.16061
1833  0.183228  1.18913  -1.74227  2.11734
1834  0.183228  1.18913  -1.74227  2.11734
1835  0.183228  1.18913  -1.74227  2.11734
1836  -0.0113344  0.742336  -1.23181  1.43824
1837  0.352737  1.49861  -0.373192  1.58414
1838  0.352737  1.49861  -0.373192  1.58414
1839  0.352737  1.49861  -0.373192  1.58414
1840  -0.30798  1.02701  0.811143  1.34445
1841  -0.30798  1.02701  0.811143  1.34445
1842  -0.30798  1.02701  0.811143  1.34445
1843  -0.30798  1.02701  0.811143  1.34445
1844  0.734243  0.651409  0.567164  1.13363
1845  0.734243  0.651409  0.567164  1.13363
1846  0.773893  0.0703218  -0.0713132  0.780347
1847  0.773893  0.0703218  -0.0713132  0.780347
1848  0.773893  0.0703218  -0.0713132  0.780347
1849  0.773893  0.0703218  -0.0713132  0.780347
1850  0.773893  0.0703218  -0.0713132  0.780347
1851  0.773893  0.0703218  -0.0713132  0.780347
1852  0.773893  0.0703218  -0.0713132  0.780347
1853  0.773893  0.0703218  -0.0713132  0.780347
1854  0.773893  0.0703218  -0.0713132  0.780347
1855  0.773893  0.0703218  -0.0713132  0.780347
1856  0.773893  0.0703218  -0.0713132  0.780347
1857  0.773893  0.0703218  -0.0713132  0.780347
1858  0.758321  0.311661  0.296943  0.871986
1859  0.758321  0.311661  0.296943  0.871986
1860  1.24347  -0.00538211  0.630918  1.39439
1861  1.24347  -0.00538211  0.630918  1.39439
1862  0.135769  0.571368  1.88044  1.97002
1863  0.135769  0.571368  1.88044  1.97002
1864  -0.017179  -0.965213  1.79641  2.03937
1865  0.0388756  -0.455972  1.5367  1.60339
1866  0.122902  -0.864365  0.267027  0.912981
1867  0.385792  -0.370139  0.369734  0.650032
1868  0.385792  -0.370139  0.369734  0.650032
1869  0.385792  -0.370139  0.369734  0.650032
1870  0.385792  -0.370139  0.369734  0.650032
1871  0.385792  -0.370139  0.369734  0.650032
1872  0.385792  -0.370139  0.369734  0.650032
1873  0.121717  -1.25746  0.166577  1.27427
1874  0.121717  -1.25746  0.166577  1.27427
1875  0.121717  -1.25746  0.166577  1.27427
1876  0.121717  -1.25746  0.166577  1.27427
1877  0.121717  -1.25746  0.166577  1.27427
1878  0.121717  -1.25746  0.166577  1.27427
1879  0.915797  -0.170847  -0.920586  1.30971
1880  0.0397156  -0.772892  -1.06152  1.31369
1881  0.0397156  -0.772892  -1.06152  1.31369
1882  0.0397156  -0.772892  -1.06152  1.31369
1883  0.0397156  -0.772892  -1.06152  1.31369
1884  0.0397156  -0.772892  -1.06152  1.31369
1885  0.0397156  -0.772892  -1.06152  1.31369
1886  0.0397156  -0.772892  -1.06152  1.31369
1887  0.0397156  -0.772892  -1.06152  1.31369
1888  0.0397156  -0.772892  -1.06152  1.31369
1889  -0.292028  -0.569756  -0.627769  0.896658
1890  -0.301192  0.35049  -0.390113  0.604771
1891  -0.977192  -0.966777  -0.444945  1.44483
1892  -0.977192  -0.966777  -0.444945  1.44483
1893  -0.977192  -0.966777  -0.444945  1.44483
1894  -0.977192  -0.966777  -0.444945  1.44483
1895  -1.30955  -0.043442  -0.247059  1.33336
1896  -1.40954  0.393385  -0.184459  1.47498
1897  -0.995064  -0.760522  -0.39914  1.31448
1898  -0.995064  -0.760522  -0.39914  1.31448
1899  -0.995064  -0.760522  -0.39914  1.31448
1900  -0.499381  0.6152  -0.956759  1.24227
1901  -0.120961  0.957225  -1.21864  1.55434
1902  -0.624892  1.68053  -0.531213  1.86999
1903  -1.70211  1.67663  -0.659295  2.47849
1904  -2.07304  1.33586  -0.518033  2.51999
1905  -2.07304  1.33586  -0.518033  2.51999
1906  -2.07304  1.33586  -0.518033  2.51999
1907  -1.29605  1.11946  0.860117  1.91644
1908  -0.563633  1.61404  0.220673  1.72381
1909  -1.1762  1.00208  1.15895  1.93153
1910  -0.245862  -0.326629  1.4237  1.48124
1911  -0.245862  -0.326629  1.4237  1.48124
1912  -0.255141  -0.573299  -0.392636  0.740224
1913  -0.255141  -0.573299  -0.392636  0.740224
1914  -0.255141  -0.573299  -0.392636  0.740224
1915  -0.255141  -0.573299  -0.392636  0.740224
1916  -0.145426  -0.132568  -0.850229  0.872704
1917  -0.145426  -0.132568  -0.850229  0.872704
1918  -1.37745  -0.277173  -1.84946  2.32265
1919  -0.784616  -0.313085  -2.27972  2.43121
1920  -0.730058  -0.318712  -2.2726  2.40817
1921  -0.730058  -0.318712  -2.2726  2.40817
1922  -0.368762  0.303472  -2.39782  2.44492
1923  0.0801558  -0.0870816  -1.98119  1.98472
1924  0.432202  -0.39686  -2.2848  2.35895
1925  0.432202  -0.39686  -2.2848  2.35895
1926  0.432202  -0.39686  -2.2848  2.35895
1927  0.183933  -0.217374  -0.904615  0.948373
1928  -0.108512  -0.378986  -0.519286  0.651969
1929  -0.108512  -0.378986  -0.519286  0.651969
1930  -0.108512  -0.378986  -0.519286  0.651969
1931  1.21145  0.296279  -0.0282653  1.24748
1932  1.16386  0.751379  0.603464  1.51106
1933  1.38885  0.267236  0.0095971  1.41436
1934  0.543875  -0.526909  -1.41199  1.60223
1935  0.465933  -1.34064  -1.10614  1.79943
1936  0.737329  -0.463295  -1.1498  1.44233
1937  0.737329  -0.463295  -1.1498  1.44233
1938  0.737329  -0.463295  -1.1498  1.44233
1939  0.361023  0.184247  -1.08012  1.15367
1940  0.132382  0.573213  -1.41922  1.53632
1941  0.417382  1.01716  -0.072818  1.10188
1942  -0.343342  1.30698  0.0817576  1.3538
1943  -0.343342  1.30698  0.0817576  1.3538
1944  -1.07862  0.039055  0.623831  1.24664
1945  -0.993472  1.58256  -0.206386  1.87992
1946  -0.993472  1.58256  -0.206386  1.87992
1947  -0.993472  1.58256  -0.206386  1.87992
1948  -1.47046  0.84008  -0.105143  1.69677
1949  -1.44604  0.943631  1.38896  2.216
1950  -0.746471  1.29661  1.88284  2.40489
1951  -1.28061  0.772572  2.21856  2.6756
1952  -1.28061  0.772572  2.21856  2.6756
1953  -1.0639  0.509376  1.97138  2.29732
1954  -0.759113  -1.24398  1.11475  1.83478
1955  -0.136872  -0.36341  1.55528  1.60303
1956  -0.136872  -0.36341  1.55528  1.60303
1957  -0.438385  -0.414887  1.82047  1.91792
1958  -0.438385  -0.414887  1.82047  1.91792
1959  -0.438385  -0.414887  1.82047  1.91792
1960  -0.438385  -0.414887  1.82047  1.91792
1961  -0.500041  -0.439313  1.4656  1.60966
1962  -0.672947  -0.175375  1.59952  1.74416
1963  -0.220199  -0.106392  1.85211  1.86818
1964  -0.220199  -0.106392  1.85211  1.86818
1965  -0.220199  -0.106392  1.85211  1.86818
1966  0.782138  0.593134  0.0670763  0.983894
1967  0.0774991  0.787669  -0.550074  0.963852
1968  0.0774991  0.787669  -0.550074  0.963852
1969  0.0774991  0.787669  -0.550074  0.963852
1970  -0.0886638  0.279887  0.538078  0.612965
1971  -0.0886638  0.279887  0.538078  0.612965
1972  -0.0886638  0.279887  0.538078  0.612965
1973  -0.310909  0.308491  0.330475  0.548676
1974  -0.310909  0.308491  0.330475  0.548676
1975  -0.310909  0.308491  0.330475  0.548676
1976  -0.310909  0.308491  0.330475  0.548676
1977  -0.310909  0.308491  0.330475  0.548676
1978  -0.310909  0.308491  0.330475  0.548676
1979  -0.310909  0.308491  0.330475  0.548676
1980  0.335408  -0.351546  0.538567  0.725353
1981  0.531447  0.332053  0.350344  0.717939
1982  0.348255  -0.797934  -0.499495  1.00373
1983  0.817339  0.468986  -0.396104  1.0222
1984  0.283179  0.64069  -0.256055  0.745814
1985  0.186783  0.75621  0.334191  0.8476
1986  0.186783  0.75621  0.334191  0.8476
1987  0.186783  0.75621  0.334191  0.8476
1988  0.186783  0.75621  0.334191  0.8476
1989  0.484709  0.21732  -0.20907  0.57086
1990  1.7693  1.01616  0.254139  2.05612
1991  1.7693  1.01616  0.254139  2.05612
1992  0.669547  0.869637  1.18747  1.61699
1993  0.669547  0.869637  1.18747  1.61699
1994  0.669547  0.869637  1.18747  1.61699
1995  0.560915  1.19885  0.145542  1.33156
1996  0.560915  1.19885  0.145542  1.33156
1997  0.327595  0.392265  0.719475  0.882516
1998  0.327595  0.392265  0.719475  0.882516
1999  0.327595  0.392265  0.719475  0.882516
2000  0.258278  0.145756  1.06281  1.10341
