0 0  0  20  20
1  0  0  20  20
2  -0.134566  0.422387  21.2056  21.2102
3  0.782825  2.80663  20.45  20.6565
4  2.40599  -0.00907942  18.4997  18.6555
5  1.10788  0.260565  15.6615  15.7027
6  -1.45202  1.75793  14.0924  14.2757
7  -1.49185  3.26349  13.9697  14.4232
8  -2.91544  1.73038  13.8039  14.2141
9  -2.2286  2.20354  11.3576  11.782
10  0.310769  3.69736  11.3685  11.9587
11  1.40448  2.92914  12.262  12.685
12  2.45336  0.566645  10.0332  10.3443
13  2.9077  2.56587  7.40345  8.3576
14  2.9077  2.56587  7.40345  8.3576
15  5.37057  5.15234  9.24557  11.8689
16  3.21734  2.5268  10.5005  11.2693
17  6.07193  1.93305  9.16427  11.1619
18  6.29625  0.652341  9.05567  11.0487
19  4.6188  -2.18265  6.78749  8.49513
20  3.20188  -4.29665  9.15279  10.606
21  1.67071  -2.34623  10.6156  10.9994
22  -0.0861301  -4.35074  11.6442  12.4307
23  -0.0861301  -4.35074  11.6442  12.4307
24  -0.0861301  -4.35074  11.6442  12.4307
25  -0.0861301  -4.35074  11.6442  12.4307
26  -0.0861301  -4.35074  11.6442  12.4307
27  2.15958  -5.58307  13.3019  14.5868
28  4.10131  -3.4595  14.7049  15.6532
29  2.69266  -1.3621  14.986  15.2868
30  2.69266  -1.3621  14.986  15.2868
31  1.76148  0.166965  12.2777  12.4046
32  1.76148  0.166965  12.2777  12.4046
33  -0.845895  -2.31546  9.84877  10.1526
34  0.877284  -4.61519  8.94521  10.1038
35  0.533546  -2.04779  11.3922  11.587
36  0.533546  -2.04779  11.3922  11.587
37  2.44031  -1.18853  9.55426  9.93236
38  -0.146387  -3.35332  6.69047  7.48522
39  -0.146387  -3.35332  6.69047  7.48522
40  2.76098  -1.04969  6.37419  7.02532
41  2.76098  -1.04969  6.37419  7.02532
42  2.73634  1.22874  5.54511  6.30441
43  2.73634  1.22874  5.54511  6.30441
44  2.73634  1.22874  5.54511  6.30441
45  -0.203275  2.14906  4.34773  4.85413
46  -0.203275  2.14906  4.34773  4.85413
47  -0.203275  2.14906  4.34773  4.85413
48  -0.203275  2.14906  4.34773  4.85413
49  -0.203275  2.14906  4.34773  4.85413
50  0.491409  0.0893048  4.5753  4.60248
51  0.727513  -0.642435  5.5331  5.61758
52  -1.13764  -3.53203  5.09784  6.30535
53  -1.13764  -3.53203  5.09784  6.30535
54  -1.0633  -3.71209  5.21725  6.49076
55  -3.69227  -3.30799  7.59135  9.06666
56  -4.91204  -2.7541  5.98408  8.2172
57  -4.91204  -2.7541  5.98408  8.2172
58  -7.09247  -1.79821  5.07534  8.90481
59  -7.09247  -1.79821  5.07534  8.90481
60  -5.614  -4.7222  4.43078  8.57018
61  -5.614  -4.7222  4.43078  8.57018
62  -5.614  -4.7222  4.43078  8.57018
63  -4.98694  -2.98162  3.18879  6.62782
64  -6.06432  -3.02502  4.58363  8.18147
65  -6.06432  -3.02502  4.58363  8.18147
66  -5.69271  -4.84122  5.56703  9.3186
67  -5.69271  -4.84122  5.56703  9.3186
68  -6.07632  -3.88927  5.6093  9.1385
69  -6.07632  -3.88927  5.6093  9.1385
70  -6.07632  -3.88927  5.6093  9.1385
71  -6.07632  -3.88927  5.6093  9.1385
72  -4.46156  -2.94859  3.34666  6.30871
73  -3.86932  -3.6023  3.74542  6.47892
74  -2.43415  -2.9287  5.4972  6.68741
75  -2.43415  -2.9287  5.4972  6.68741
76  -2.43415  -2.9287  5.4972  6.68741
77  -2.43415  -2.9287  5.4972  6.68741
78  -2.99885  -3.5855  3.55428  5.87212
79  -2.99885  -3.5855  3.55428  5.87212
80  -0.748574  -2.2538  4.57846  5.15774
81  1.32737  0.203855  5.37299  5.53827
82  1.32737  0.203855  5.37299  5.53827
83  -0.792657  -2.53196  2.6844  3.77427
84  1.26587  -1.69547  4.50994  4.98163
85  1.26587  -1.69547  4.50994  4.98163
86  -1.07928  -2.9998  2.46583  4.03038
87  -1.07928  -2.9998  2.46583  4.03038
88  -0.581614  -0.643559  0.954787  1.28998
89  -0.581614  -0.643559  0.954787  1.28998
90  0.744163  2.20928  2.62509  3.51081
91  0.744163  2.20928  2.62509  3.51081
92  0.804766  1.57201  1.6442  2.41293
93  0.804766  1.57201  1.6442  2.41293
94  3.29973  1.95835  1.89242  4.27839
95  3.29973  1.95835  1.89242  4.27839
96  3.29973  1.95835  1.89242  4.27839
97  0.969023  3.56089  1.58318  4.01565
98  2.26057  3.06826  1.6426  4.15
99  2.26057  3.06826  1.6426  4.15
100  1.3455  2.33392  4.48924  5.23554
101  1.3455  2.33392  4.48924  5.23554
102  1.3455  2.33392  4.48924  5.23554
103  1.3455  2.33392  4.48924  5.23554
104  2.44118  2.01016  5.50597  6.34947
105  2.44118  2.01016  5.50597  6.34947
106  2.44118  2.01016  5.50597  6.34947
107  5.36683  1.90068  4.14958  7.04517
108  5.36683  1.90068  4.14958  7.04517
109  5.70697  -0.231764  1.69737  5.95855
110  3.21582  2.03646  0.89109  3.90931
111  1.8576  0.659472  1.86747  2.71533
112  1.8576  0.659472  1.86747  2.71533
113  1.8576  0.659472  1.86747  2.71533
114  1.8576  0.659472  1.86747  2.71533
115  2.65469  0.021821  1.93899  3.28748
116  2.65469  0.021821  1.93899  3.28748
117  2.65469  0.021821  1.93899  3.28748
118  0.584364  -0.531381  4.28163  4.35387
119  0.55443  1.76711  5.38978  5.69911
120  0.450436  0.399101  6.14112  6.17053
121  1.2162  0.424906  3.58797  3.81225
122  1.2162  0.424906  3.58797  3.81225
123  0.718703  0.75226  1.24705  1.62405
124  0.718703  0.75226  1.24705  1.62405
125  0.718703  0.75226  1.24705  1.62405
126  -0.393041  0.0177438  2.93688  2.96311
127  -0.393041  0.0177438  2.93688  2.96311
128  -0.908323  -0.0546987  2.30279  2.47606
129  -0.908323  -0.0546987  2.30279  2.47606
130  0.754441  -1.00124  4.88593  5.0442
131  1.71475  -0.154764  5.50387  5.76688
132  2.85322  1.54669  3.01146  4.42741
133  3.32245  2.39825  1.75576  4.45791
134  1.22339  -0.197859  -0.497651  1.33547
135  3.07548  2.20238  -1.38827  4.02944
136  5.62245  0.545092  -3.03964  6.4147
137  2.6855  0.491095  -5.82057  6.42901
138  5.46076  2.18148  -5.40604  7.98774
139  2.8997  4.81889  -3.39657  6.57014
140  0.346288  4.9662  -4.95909  7.02678
141  0.346288  4.9662  -4.95909  7.02678
142  1.11603  2.47146  -4.28955  5.07483
143  1.11603  2.47146  -4.28955  5.07483
144  1.11603  2.47146  -4.28955  5.07483
145  3.66088  0.230954  -1.6767  4.0332
146  4.31571  -1.46093  -2.11147  5.02175
147  4.31571  -1.46093  -2.11147  5.02175
148  4.74846  -1.32074  -2.74675  5.64242
149  4.74846  -1.32074  -2.74675  5.64242
150  3.60217  -0.0499695  -3.46341  4.99734
151  2.00024  2.84159  -5.09453  6.16683
152  0.0987406  3.14939  -4.06122  5.14022
153  -2.24031  3.06791  -4.47763  5.87199
154  -2.24031  3.06791  -4.47763  5.87199
155  -2.24031  3.06791  -4.47763  5.87199
156  -2.24031  3.06791  -4.47763  5.87199
157  -1.24297  1.02783  -5.73068  5.95333
158  0.360097  2.56775  -5.297  5.89756
159  1.58911  -0.358308  -5.7009  5.92907
160  1.66991  -0.405615  -3.26608  3.69058
161  -0.933502  -1.15809  -1.39673  2.04045
162  -0.933502  -1.15809  -1.39673  2.04045
163  -0.933502  -1.15809  -1.39673  2.04045
164  -0.933502  -1.15809  -1.39673  2.04045
165  -0.933502  -1.15809  -1.39673  2.04045
166  -0.0573475  0.718628  -3.84612  3.9131
167  -1.16079  1.53115  -2.98214  3.54754
168  -1.16079  1.53115  -2.98214  3.54754
169  1.52081  3.76761  -2.41335  4.72567
170  2.73667  2.99494  -4.37265  5.96482
171  2.73667  2.99494  -4.37265  5.96482
172  4.41823  4.46255  -6.88464  9.31844
173  3.22403  4.77431  -5.80757  8.18024
174  3.22403  4.77431  -5.80757  8.18024
175  2.80534  1.95684  -6.07594  6.97253
176  3.47338  -0.896781  -4.23924  5.55335
177  2.86925  1.07489  -1.79595  3.55154
178  1.8107  -1.23453  -3.76601  4.35724
179  1.8107  -1.23453  -3.76601  4.35724
180  1.8107  -1.23453  -3.76601  4.35724
181  1.8107  -1.23453  -3.76601  4.35724
182  1.8107  -1.23453  -3.76601  4.35724
183  -0.685136  0.0171163  -2.58804  2.67725
184  -0.685136  0.0171163  -2.58804  2.67725
185  -0.685136  0.0171163  -2.58804  2.67725
186  -0.207649  1.03452  -3.6319  3.78207
187  -0.207649  1.03452  -3.6319  3.78207
188  -0.207649  1.03452  -3.6319  3.78207
189  1.10526  2.51506  -2.2546  3.55392
190  1.10526  2.51506  -2.2546  3.55392
191  1.10526  2.51506  -2.2546  3.55392
192  -0.88665  -0.0455531  -4.96746  5.04617
193  -0.88665  -0.0455531  -4.96746  5.04617
194  -0.728753  2.3529  -3.20629  4.04321
195  -0.728753  2.3529  -3.20629  4.04321
196  -0.728753  2.3529  -3.20629  4.04321
197  -0.728753  2.3529  -3.20629  4.04321
198  -0.924036  1.26015  -3.89694  4.19856
199  -0.924036  1.26015  -3.89694  4.19856
200  -0.924036  1.26015  -3.89694  4.19856
201  0.0955869  1.10205  -2.33005  2.5793
202  0.0955869  1.10205  -2.33005  2.5793
203  0.0955869  1.10205  -2.33005  2.5793
204  0.0955869  1.10205  -2.33005  2.5793
205  0.0955869  1.10205  -2.33005  2.5793
206  0.0955869  1.10205  -2.33005  2.5793
207  0.0955869  1.10205  -2.33005  2.5793
208  0.0955869  1.10205  -2.33005  2.5793
209  0.0955869  1.10205  -2.33005  2.5793
210  0.0955869  1.10205  -2.33005  2.5793
211  0.0955869  1.10205  -2.33005  2.5793
212  0.0955869  1.10205  -2.33005  2.5793
213  0.0955869  1.10205  -2.33005  2.5793
214  1.79894  -0.788981  -3.18844  3.74498
215  1.79894  -0.788981  -3.18844  3.74498
216  1.79894  -0.788981  -3.18844  3.74498
217  2.60546  -1.19444  -2.45499  3.77387
218  2.60546  -1.19444  -2.45499  3.77387
219  2.60546  -1.19444  -2.45499  3.77387
220  2.60546  -1.19444  -2.45499  3.77387
221  2.60546  -1.19444  -2.45499  3.77387
222  0.429358  -0.528727  -3.40249  3.46999
223  0.429358  -0.528727  -3.40249  3.46999
224  0.429358  -0.528727  -3.40249  3.46999
225  0.429358  -0.528727  -3.40249  3.46999
226  0.429358  -0.528727  -3.40249  3.46999
227  -1.11468  0.77392  -5.21058  5.38438
228  -1.11468  0.77392  -5.21058  5.38438
229  -1.11468  0.77392  -5.21058  5.38438
230  -1.11468  0.77392  -5.21058  5.38438
231  -0.0613881  3.13241  -2.91368  4.27847
232  -0.0613881  3.13241  -2.91368  4.27847
233  -0.0613881  3.13241  -2.91368  4.27847
234  0.438759  1.37423  -1.26163  1.91643
235  0.758689  3.52529  -2.69975  4.50466
236  2.82201  2.65716  -2.25677  4.48522
237  2.29145  2.80139  -4.16403  5.51704
238  2.29145  2.80139  -4.16403  5.51704
239  -0.447454  4.32201  -2.56058  5.04347
240  1.82288  2.05183  -3.15485  4.18163
241  1.82288  2.05183  -3.15485  4.18163
242  1.82288  2.05183  -3.15485  4.18163
243  1.82288  2.05183  -3.15485  4.18163
244  1.82288  2.05183  -3.15485  4.18163
245  2.39597  4.75717  -3.77967  6.53125
246  2.39597  4.75717  -3.77967  6.53125
247  1.7353  4.16937  -4.86571  6.63853
248  0.793633  2.8499  -3.46819  4.55852
249  0.793633  2.8499  -3.46819  4.55852
250  0.793633  2.8499  -3.46819  4.55852
251  0.793633  2.8499  -3.46819  4.55852
252  1.5416  0.103058  -6.24119  6.42958
253  2.03209  -1.86196  -5.74329  6.37037
254  2.03209  -1.86196  -5.74329  6.37037
255  3.68382  -2.97766  -4.86285  6.78854
256  2.07079  -2.99364  -4.24757  5.59392
257  0.599034  -1.29831  -6.02921  6.19643
258  0.599034  -1.29831  -6.02921  6.19643
259  2.41626  -4.04865  -4.74978  6.69256
260  1.47609  -3.02717  -2.34637  4.10464
261  1.47609  -3.02717  -2.34637  4.10464
262  3.77375  -5.24628  -3.90336  7.5499
263  5.78711  -3.08503  -6.15233  8.99217
264  5.78711  -3.08503  -6.15233  8.99217
265  8.62386  -1.5087  -3.28645  9.35136
266  8.62386  -1.5087  -3.28645  9.35136
267  7.75143  0.366991  -5.2617  9.37576
268  4.81354  1.53632  -7.5014  9.04441
269  3.06321  -0.711878  -5.51583  6.34936
270  3.58834  -2.98824  -3.08406  5.59618
271  4.25  -3.60936  -3.7432  6.71576
272  4.25  -3.60936  -3.7432  6.71576
273  4.12589  -1.43481  -6.50708  7.83733
274  2.10134  -3.39232  -3.78954  5.5031
275  0.532184  -1.39354  -4.51755  4.75746
276  0.532184  -1.39354  -4.51755  4.75746
277  0.532184  -1.39354  -4.51755  4.75746
278  0.532184  -1.39354  -4.51755  4.75746
279  0.532184  -1.39354  -4.51755  4.75746
280  -2.37555  -1.90498  -4.15441  5.15086
281  -2.37555  -1.90498  -4.15441  5.15086
282  -2.37555  -1.90498  -4.15441  5.15086
283  -0.0836576  0.624769  -2.99911  3.06464
284  -0.0836576  0.624769  -2.99911  3.06464
285  -0.0836576  0.624769  -2.99911  3.06464
286  -0.0836576  0.624769  -2.99911  3.06464
287  0.587642  -0.252447  -3.24313  3.30559
288  0.892445  0.0503686  -0.703465  1.13748
289  3.4806  -0.339319  -2.98515  4.59791
290  3.4806  -0.339319  -2.98515  4.59791
291  3.61169  0.297559  -1.72147  4.01202
292  3.61169  0.297559  -1.72147  4.01202
293  0.892527  0.620314  0.529962  1.20924
294  -0.442196  3.51435  3.14712  4.7382
295  -0.442196  3.51435  3.14712  4.7382
296  -0.442196  3.51435  3.14712  4.7382
297  1.82222  2.46217  5.5389  6.32947
298  1.82222  2.46217  5.5389  6.32947
299  1.82222  2.46217  5.5389  6.32947
300  4.15708  3.27274  7.24225  8.96896
301  2.50967  2.64675  5.24568  6.38912
302  2.50967  2.64675  5.24568  6.38912
303  0.601024  3.74101  3.17941  4.94622
304  1.36548  1.02246  4.60877  4.91434
305  2.49632  -1.38405  4.05881  4.96197
306  2.34404  -0.630424  3.58756  4.33158
307  2.34404  -0.630424  3.58756  4.33158
308  -0.328765  1.51772  4.08336  4.36869
309  -3.14566  0.0336536  6.10976  6.87208
310  -0.655769  -0.740708  4.99405  5.09109
311  -0.655769  -0.740708  4.99405  5.09109
312  -2.48936  0.202731  7.28083  7.6973
313  -2.48936  0.202731  7.28083  7.6973
314  -1.44254  1.03535  6.73155  6.9618
315  0.542852  1.67311  7.20457  7.41618
316  2.03437  -0.384325  8.23047  8.48687
317  4.65193  1.84118  5.76589  7.63386
318  1.78073  0.0448164  7.86379  8.06302
319  1.78073  0.0448164  7.86379  8.06302
320  3.94205  -0.32531  6.44343  7.56065
321  3.94205  -0.32531  6.44343  7.56065
322  2.25414  -0.617543  4.45155  5.0278
323  -0.476117  -3.14401  1.85802  3.6829
324  -0.476117  -3.14401  1.85802  3.6829
325  2.12398  -0.230784  1.30871  2.50545
326  0.0316885  0.259185  3.80827  3.81721
327  0.404154  1.61147  3.67837  4.03616
328  -1.56418  -0.511477  4.88342  5.15326
329  -1.56418  -0.511477  4.88342  5.15326
330  0.885823  0.4496  4.97847  5.07661
331  0.885823  0.4496  4.97847  5.07661
332  0.0707041  3.00746  5.05915  5.88598
333  2.68744  2.22474  4.71252  5.86341
334  2.68744  2.22474  4.71252  5.86341
335  2.68744  2.22474  4.71252  5.86341
336  0.314483  1.76467  4.76953  5.09523
337  0.314483  1.76467  4.76953  5.09523
338  0.314483  1.76467  4.76953  5.09523
339  -0.381447  1.4816  5.6651  5.86805
340  0.251827  -1.42673  3.54068  3.82562
341  -1.62216  -1.04793  5.95733  6.26253
342  -1.62216  -1.04793  5.95733  6.26253
343  -3.4135  -2.99154  5.17128  6.88066
344  -3.4135  -2.99154  5.17128  6.88066
345  -3.34902  -0.141509  2.93138  4.45298
346  -3.06275  1.45294  1.80837  3.84209
347  -1.163  3.74017  2.4224  4.60537
348  -1.163  3.74017  2.4224  4.60537
349  -1.163  3.74017  2.4224  4.60537
350  -2.36725  1.28625  4.58062  5.31417
351  -1.11722  1.21863  5.3034  5.55511
352  -0.367952  3.40808  2.7436  4.39064
353  -0.367952  3.40808  2.7436  4.39064
354  -1.94517  0.87126  4.35816  4.85142
355  -1.94517  0.87126  4.35816  4.85142
356  -1.94517  0.87126  4.35816  4.85142
357  -1.94517  0.87126  4.35816  4.85142
358  -2.5445  -1.23847  5.46004  6.14982
359  -2.5445  -1.23847  5.46004  6.14982
360  -0.825014  0.661924  6.42398  6.51048
361  -0.560127  -2.21141  5.23506  5.71051
362  -0.560127  -2.21141  5.23506  5.71051
363  -1.09266  -3.16229  6.8829  7.65299
364  -1.09266  -3.16229  6.8829  7.65299
365  -1.09266  -3.16229  6.8829  7.65299
366  -1.2337  -1.69924  6.45366  6.78669
367  -1.2337  -1.69924  6.45366  6.78669
368  -1.2337  -1.69924  6.45366  6.78669
369  -1.2337  -1.69924  6.45366  6.78669
370  1.57422  0.119572  9.16561  9.30058
371  1.57422  0.119572  9.16561  9.30058
372  0.020418  1.91383  7.68644  7.92114
373  1.37397  4.76628  5.33441  7.2843
374  1.37397  4.76628  5.33441  7.2843
375  1.37397  4.76628  5.33441  7.2843
376  1.37397  4.76628  5.33441  7.2843
377  1.37397  4.76628  5.33441  7.2843
378  1.37397  4.76628  5.33441  7.2843
379  1.37397  4.76628  5.33441  7.2843
380  3.24514  7.50702  3.03368  8.72293
381  0.940103  9.38784  3.25258  9.97971
382  0.940103  9.38784  3.25258  9.97971
383  1.07177  7.57066  3.38315  8.36118
384  1.07177  7.57066  3.38315  8.36118
385  1.02297  9.09071  5.19342  10.5195
386  1.02297  9.09071  5.19342  10.5195
387  1.35121  8.84116  2.75058  9.35722
388  1.35121  8.84116  2.75058  9.35722
389  -0.642783  6.96414  4.48325  8.30735
390  -0.642783  6.96414  4.48325  8.30735
391  -0.642783  6.96414  4.48325  8.30735
392  -3.32007  5.80738  4.5589  8.09519
393  -3.3759  4.36118  2.56761  6.08352
394  -1.11391  6.6603  5.3742  8.63032
395  0.0827401  5.34386  5.8357  7.91322
396  0.0827401  5.34386  5.8357  7.91322
397  2.23105  3.88824  4.59921  6.42252
398  5.10386  2.03285  2.95142  6.2364
399  5.10386  2.03285  2.95142  6.2364
400  2.61589  0.963609  4.834  5.58024
401  3.6893  -0.717592  3.34852  5.03374
402  3.6893  -0.717592  3.34852  5.03374
403  3.6893  -0.717592  3.34852  5.03374
404  4.00063  0.599184  1.59667  4.34895
405  4.00063  0.599184  1.59667  4.34895
406  5.4865  -1.70708  4.34058  7.20114
407  3.62369  -2.8079  4.23307  6.23973
408  0.942771  -3.88104  2.67269  4.80568
409  3.71483  -2.15729  3.16156  5.33379
410  1.35602  -0.997727  4.35641  4.67039
411  1.35602  -0.997727  4.35641  4.67039
412  -0.343737  -0.0550972  4.0851  4.09991
413  -0.343737  -0.0550972  4.0851  4.09991
414  -3.09047  1.12159  3.19192  4.58229
415  -5.05912  -0.186567  3.24628  6.01397
416  -5.05912  -0.186567  3.24628  6.01397
417  -3.4372  -0.0877603  3.12782  4.64815
418  -1.16016  2.52155  5.54973  6.20513
419  0.46289  4.04668  4.09305  5.77434
420  0.46289  4.04668  4.09305  5.77434
421  0.46289  4.04668  4.09305  5.77434
422  2.02712  3.73507  4.68515  6.32539
423  2.67177  3.4634  5.97552  7.40542
424  4.01504  2.71126  6.35644  7.99223
425  4.01504  2.71126  6.35644  7.99223
426  4.01504  2.71126  6.35644  7.99223
427  4.01504  2.71126  6.35644  7.99223
428  5.08787  1.29613  6.39057  8.27078
429  5.08787  1.29613  6.39057  8.27078
430  3.08185  1.08139  5.42059  6.32851
431  0.980793  -0.511365  4.55711  4.68942
432  2.32155  0.787498  2.13514  3.25093
433  1.1414  1.19571  2.57563  3.06046
434  1.1414  1.19571  2.57563  3.06046
435  1.1414  1.19571  2.57563  3.06046
436  1.1414  1.19571  2.57563  3.06046
437  1.1414  1.19571  2.57563  3.06046
438  -0.822295  -1.21102  4.69961  4.92231
439  -0.576599  -1.62279  6.45058  6.67652
440  -1.76865  -1.51643  8.90176  9.20158
441  -1.76865  -1.51643  8.90176  9.20158
442  -1.76865  -1.51643  8.90176  9.20158
443  -1.76865  -1.51643  8.90176  9.20158
444  -0.0321373  0.958637  7.70743  7.76689
445  -2.95914  -1.15399  6.47114  7.2086
446  -2.95914  -1.15399  6.47114  7.2086
447  -2.95914  -1.15399  6.47114  7.2086
448  -2.95914  -1.15399  6.47114  7.2086
449  -3.41604  0.807879  3.9169  5.25967
450  -0.525834  -0.683967  1.17392  1.45685
451  -0.525834  -0.683967  1.17392  1.45685
452  -1.94244  -1.72777  -1.03659  2.79871
453  -3.61832  -1.31059  0.875277  3.94664
454  -5.13639  0.494411  2.09018  5.56739
455  -5.13639  0.494411  2.09018  5.56739
456  -5.13639  0.494411  2.09018  5.56739
457  -2.52005  0.719612  5.0267  5.66888
458  -2.52005  0.719612  5.0267  5.66888
459  -2.32732  2.51888  2.28891  4.12314
460  -2.32732  2.51888  2.28891  4.12314
461  -0.187748  0.565351  -0.430665  0.73508
462  -0.187748  0.565351  -0.430665  0.73508
463  -1.38182  -2.14781  -1.35283  2.8901
464  -1.38182  -2.14781  -1.35283  2.8901
465  -1.38182  -2.14781  -1.35283  2.8901
466  0.251781  -0.756021  0.838803  1.15696
467  0.251781  -0.756021  0.838803  1.15696
468  0.837804  -2.27921  -1.1648  2.69322
469  0.00387645  0.214223  1.73366  1.74685
470  0.00387645  0.214223  1.73366  1.74685
471  -0.729774  0.595694  1.30632  1.61055
472  -0.729774  0.595694  1.30632  1.61055
473  -0.729774  0.595694  1.30632  1.61055
474  -1.38978  -0.443162  2.76312  3.12454
475  -1.38978  -0.443162  2.76312  3.12454
476  -1.38978  -0.443162  2.76312  3.12454
477  -4.15  -2.76239  3.94159  6.35527
478  -6.2735  0.00918585  6.87376  9.3062
479  -6.2735  0.00918585  6.87376  9.3062
480  -6.2735  0.00918585  6.87376  9.3062
481  -8.44982  0.0203692  7.56168  11.3393
482  -5.94194  0.884244  7.44277  9.56469
483  -5.94194  0.884244  7.44277  9.56469
484  -5.62719  -1.43601  9.90866  11.4852
485  -6.38964  -2.10817  8.05169  10.4929
486  -6.69025  -3.67964  5.87419  9.63355
487  -6.76764  -2.83144  7.40052  10.4204
488  -6.76764  -2.83144  7.40052  10.4204
489  -8.85901  -0.979898  7.4857  11.6395
490  -9.56571  -1.81273  4.71732  10.8186
491  -9.33697  -1.26833  3.60688  10.0895
492  -9.43816  -3.61233  5.79231  11.6481
493  -12.202  -2.94876  8.0992  14.9393
494  -10.1221  -2.47291  10.7353  14.9606
495  -7.97062  -2.18119  10.1873  13.1175
496  -5.44712  -0.100536  10.9606  12.24
497  -5.44712  -0.100536  10.9606  12.24
498  -5.44712  -0.100536  10.9606  12.24
499  -3.78627  -0.956485  13.5242  14.0767
500  -1.641  -3.57121  10.8283  11.5194
501  -1.0219  -5.27078  10.4825  11.7775
502  -2.0506  -4.78978  9.8432  11.1371
503  -1.60625  -5.40027  8.45591  10.161
504  0.370896  -3.62252  6.55938  7.50238
505  1.90154  -1.92845  6.02948  6.60979
506  1.90154  -1.92845  6.02948  6.60979
507  1.90154  -1.92845  6.02948  6.60979
508  1.90154  -1.92845  6.02948  6.60979
509  0.0729553  -3.61913  7.18103  8.0418
510  1.93831  -5.0979  5.80736  7.96687
511  4.26745  -7.06668  7.07898  10.8748
512  6.44963  -7.28059  4.33107  10.6472
513  6.44963  -7.28059  4.33107  10.6472
514  7.31188  -8.3899  3.47636  11.6593
515  7.07656  -6.40058  3.03708  10.0134
516  4.28206  -7.84327  5.02475  10.2519
517  5.4443  -5.34792  3.1799  8.26755
518  5.4443  -5.34792  3.1799  8.26755
519  5.4443  -5.34792  3.1799  8.26755
520  5.4443  -5.34792  3.1799  8.26755
521  5.4443  -5.34792  3.1799  8.26755
522  5.4443  -5.34792  3.1799  8.26755
523  5.4443  -5.34792  3.1799  8.26755
524  3.17847  -6.76476  4.08456  8.51752
525  3.17847  -6.76476  4.08456  8.51752
526  3.17847  -6.76476  4.08456  8.51752
527  0.989068  -5.86281  5.77454  8.28831
528  -0.679954  -6.65152  7.07498  9.7345
529  -0.679954  -6.65152  7.07498  9.7345
530  1.32552  -7.54979  7.143  10.4775
531  1.32552  -7.54979  7.143  10.4775
532  1.41658  -8.74921  5.08541  10.2185
533  2.3029  -8.71723  3.13806  9.54677
534  0.595935  -6.90553  6.02121  9.18131
535  3.44437  -4.68257  4.29833  7.2295
536  3.44437  -4.68257  4.29833  7.2295
537  2.19515  -7.23828  3.31051  8.25656
538  2.19515  -7.23828  3.31051  8.25656
539  -0.681419  -5.06238  3.27129  6.06575
540  -2.36953  -4.33472  4.11072  6.42671
541  -2.36953  -4.33472  4.11072  6.42671
542  -2.1003  -4.36602  7.03355  8.54073
543  -1.72418  -2.6849  5.94901  6.75072
544  0.127505  -1.3421  3.13935  3.41658
545  0.127505  -1.3421  3.13935  3.41658
546  0.127505  -1.3421  3.13935  3.41658
547  -1.35933  -0.292456  5.14261  5.32727
548  -1.35933  -0.292456  5.14261  5.32727
549  -1.35933  -0.292456  5.14261  5.32727
550  -1.35933  -0.292456  5.14261  5.32727
551  -1.35933  -0.292456  5.14261  5.32727
552  -1.35933  -0.292456  5.14261  5.32727
553  -2.2022  -2.88832  4.64056  5.89295
554  -2.2022  -2.88832  4.64056  5.89295
555  -1.29398  -0.499504  5.0918  5.27734
556  -1.29398  -0.499504  5.0918  5.27734
557  -1.4123  1.86812  3.78236  4.44868
558  -1.4123  1.86812  3.78236  4.44868
559  1.05262  1.6901  6.53421  6.83084
560  -0.148197  2.03276  3.69796  4.22243
561  -0.148197  2.03276  3.69796  4.22243
562  2.30028  2.54816  2.88528  4.48433
563  3.13674  0.0203191  2.37298  3.93327
564  2.18945  -0.891887  5.0195  5.54838
565  2.18945  -0.891887  5.0195  5.54838
566  0.649144  1.61489  3.08445  3.54163
567  -1.08243  -0.280168  2.92472  3.13116
568  -1.08243  -0.280168  2.92472  3.13116
569  -1.08243  -0.280168  2.92472  3.13116
570  -1.08243  -0.280168  2.92472  3.13116
571  -1.08243  -0.280168  2.92472  3.13116
572  -2.50629  -0.181043  5.12429  5.70725
573  -0.386871  0.567535  2.97474  3.05301
574  2.2868  -0.386861  3.51792  4.21365
575  2.2868  -0.386861  3.51792  4.21365
576  1.89873  -0.496242  3.66415  4.15662
577  1.89873  -0.496242  3.66415  4.15662
578  1.89873  -0.496242  3.66415  4.15662
579  -1.00298  0.646071  5.17045  5.30631
580  0.695689  -0.412968  4.85186  4.91885
581  0.695689  -0.412968  4.85186  4.91885
582  -0.269312  0.000274862  3.58505  3.59516
583  -0.269312  0.000274862  3.58505  3.59516
584  -0.269312  0.000274862  3.58505  3.59516
585  -0.269312  0.000274862  3.58505  3.59516
586  -0.269312  0.000274862  3.58505  3.59516
587  -0.269312  0.000274862  3.58505  3.59516
588  -0.269312  0.000274862  3.58505  3.59516
589  -1.14026  -1.38196  3.30913  3.76302
590  -1.14026  -1.38196  3.30913  3.76302
591  -1.14026  -1.38196  3.30913  3.76302
592  -1.14026  -1.38196  3.30913  3.76302
593  -0.851855  -1.20939  1.30278  1.97117
594  -0.851855  -1.20939  1.30278  1.97117
595  0.617641  -2.11861  4.12149  4.67511
596  0.617641  -2.11861  4.12149  4.67511
597  0.617641  -2.11861  4.12149  4.67511
598  0.617641  -2.11861  4.12149  4.67511
599  0.130334  -1.45503  6.52387  6.68543
600  0.130334  -1.45503  6.52387  6.68543
601  -1.04581  0.326741  4.53055  4.66115
602  -1.04581  0.326741  4.53055  4.66115
603  -1.04581  0.326741  4.53055  4.66115
604  1.09846  -0.935107  4.31102  4.54598
605  2.11516  0.0628509  5.90711  6.27469
606  2.11516  0.0628509  5.90711  6.27469
607  1.13924  2.34972  5.93346  6.48267
608  -0.43222  1.6418  5.29452  5.56006
609  -0.43222  1.6418  5.29452  5.56006
610  -2.20321  0.69512  6.66681  7.05575
611  -0.379899  -1.36355  8.27279  8.39301
612  2.2668  0.564484  7.91437  8.25193
613  1.22802  3.11361  5.78962  6.68747
614  -0.342609  3.0188  6.97783  7.61056
615  2.56598  0.804866  4.82427  5.52319
616  2.56598  0.804866  4.82427  5.52319
617  2.56598  0.804866  4.82427  5.52319
618  2.56598  0.804866  4.82427  5.52319
619  2.56598  0.804866  4.82427  5.52319
620  3.21981  1.55594  5.66806  6.70187
621  3.21981  1.55594  5.66806  6.70187
622  3.21981  1.55594  5.66806  6.70187
623  0.924047  1.48211  7.04525  7.25851
624  0.924047  1.48211  7.04525  7.25851
625  0.924047  1.48211  7.04525  7.25851
626  1.60574  -1.15244  5.97245  6.291
627  1.91533  -0.0380632  6.97046  7.22892
628  1.91533  -0.0380632  6.97046  7.22892
629  1.91533  -0.0380632  6.97046  7.22892
630  2.63873  0.32165  6.13098  6.68246
631  0.784395  0.846198  4.97803  5.11
632  0.784395  0.846198  4.97803  5.11
633  -1.26942  1.33758  4.26261  4.64439
634  -1.1969  2.24738  5.43502  6.00189
635  0.126019  0.758748  3.24329  3.33325
636  0.50915  1.03979  1.89535  2.22098
637  0.50915  1.03979  1.89535  2.22098
638  0.50915  1.03979  1.89535  2.22098
639  0.50915  1.03979  1.89535  2.22098
640  0.50915  1.03979  1.89535  2.22098
641  0.50915  1.03979  1.89535  2.22098
642  0.50915  1.03979  1.89535  2.22098
643  0.50915  1.03979  1.89535  2.22098
644  1.38947  2.57586  3.5939  4.63484
645  1.38947  2.57586  3.5939  4.63484
646  1.38947  2.57586  3.5939  4.63484
647  1.38947  2.57586  3.5939  4.63484
648  1.38947  2.57586  3.5939  4.63484
649  1.38947  2.57586  3.5939  4.63484
650  0.0850118  4.80015  3.84003  6.14773
651  1.22559  6.49459  2.31426  7.00268
652  1.22559  6.49459  2.31426  7.00268
653  1.22559  6.49459  2.31426  7.00268
654  1.22559  6.49459  2.31426  7.00268
655  -0.0109416  6.54827  1.11738  6.64293
656  -0.0109416  6.54827  1.11738  6.64293
657  1.556  7.07159  2.1042  7.5403
658  1.556  7.07159  2.1042  7.5403
659  1.556  7.07159  2.1042  7.5403
660  1.556  7.07159  2.1042  7.5403
661  4.07135  4.23656  3.5207  6.84979
662  6.34806  2.12364  4.49342  8.06217
663  5.0134  2.34714  5.69216  7.94003
664  3.25709  0.825161  3.23918  4.6671
665  3.25709  0.825161  3.23918  4.6671
666  2.31366  -1.27021  5.12626  5.76585
667  2.31366  -1.27021  5.12626  5.76585
668  0.193879  0.663369  4.45911  4.51235
669  0.193879  0.663369  4.45911  4.51235
670  0.193879  0.663369  4.45911  4.51235
671  0.193879  0.663369  4.45911  4.51235
672  0.193879  0.663369  4.45911  4.51235
673  -2.4154  0.18656  2.69055  3.6205
674  -2.51328  -2.66527  1.00875  3.79971
675  -0.401444  -0.0297196  0.298364  0.50106
676  0.778514  -0.660188  1.22472  1.59432
677  1.4403  1.68629  4.03748  4.60644
678  1.4403  1.68629  4.03748  4.60644
679  1.4403  1.68629  4.03748  4.60644
680  0.148881  1.00399  3.09858  3.26058
681  0.148881  1.00399  3.09858  3.26058
682  0.148881  1.00399  3.09858  3.26058
683  0.148881  1.00399  3.09858  3.26058
684  0.148881  1.00399  3.09858  3.26058
685  -0.913335  0.400687  4.40238  4.51394
686  -1.70621  -2.51666  3.73146  4.81336
687  -3.54484  -0.993985  2.18432  4.28079
688  -3.54484  -0.993985  2.18432  4.28079
689  -3.54484  -0.993985  2.18432  4.28079
690  -3.54484  -0.993985  2.18432  4.28079
691  -3.54484  -0.993985  2.18432  4.28079
692  -2.78777  1.00798  5.00451  5.8166
693  -2.78777  1.00798  5.00451  5.8166
694  -2.78777  1.00798  5.00451  5.8166
695  -2.78777  1.00798  5.00451  5.8166
696  -3.36509  -1.27598  2.32228  4.2831
697  -3.36509  -1.27598  2.32228  4.2831
698  -3.36509  -1.27598  2.32228  4.2831
699  -3.36509  -1.27598  2.32228  4.2831
700  -3.78388  -1.29248  1.94978  4.44859
701  -3.31562  1.40285  3.31492  4.89387
702  -3.31562  1.40285  3.31492  4.89387
703  -1.63054  -0.997641  5.53381  5.85466
704  -1.63054  -0.997641  5.53381  5.85466
705  -0.300668  1.20217  5.42413  5.56388
706  -1.62213  1.00877  6.32212  6.6044
707  -1.62213  1.00877  6.32212  6.6044
708  0.906431  -1.49824  6.75662  6.97985
709  3.03287  0.90662  5.03961  5.9513
710  3.59866  0.845997  2.4531  4.43663
711  3.59866  0.845997  2.4531  4.43663
712  3.59866  0.845997  2.4531  4.43663
713  3.59866  0.845997  2.4531  4.43663
714  3.59866  0.845997  2.4531  4.43663
715  3.59866  0.845997  2.4531  4.43663
716  1.92585  1.61864  3.5189  4.32568
717  0.341373  -0.0285311  2.62539  2.64764
718  -0.992619  -0.70696  0.499107  1.31689
719  -0.277082  -0.339908  2.99298  3.02494
720  -0.277082  -0.339908  2.99298  3.02494
721  -0.277082  -0.339908  2.99298  3.02494
722  -0.277082  -0.339908  2.99298  3.02494
723  0.544838  -1.4925  3.13828  3.51756
724  0.544838  -1.4925  3.13828  3.51756
725  0.544838  -1.4925  3.13828  3.51756
726  0.544838  -1.4925  3.13828  3.51756
727  0.544838  -1.4925  3.13828  3.51756
728  0.544838  -1.4925  3.13828  3.51756
729  0.544838  -1.4925  3.13828  3.51756
730  0.544838  -1.4925  3.13828  3.51756
731  0.783674  -0.0395564  3.80272  3.88283
732  0.783674  -0.0395564  3.80272  3.88283
733  2.36121  0.167014  3.38259  4.12857
734  3.56613  -1.87985  5.02076  6.43888
735  3.56613  -1.87985  5.02076  6.43888
736  0.981768  -1.81222  6.67646  6.98735
737  -1.23351  -1.8779  7.25636  7.59623
738  -2.67602  0.433486  8.52008  8.94096
739  -3.08359  -0.422992  7.30706  7.94233
740  -0.194454  -2.35939  8.75257  9.06708
741  -0.194454  -2.35939  8.75257  9.06708
742  -0.194454  -2.35939  8.75257  9.06708
743  -0.65509  -1.72021  9.50888  9.6854
744  -1.03487  0.795033  7.83392  7.94187
745  1.34921  1.96438  8.15864  8.49956
746  1.79658  1.99755  9.87597  10.2349
747  1.79658  1.99755  9.87597  10.2349
748  0.406587  -0.905336  9.94962  9.999
749  -2.19909  0.00499942  11.4825  11.6912
750  0.142638  -2.4436  10.454  10.7368
751  0.142638  -2.4436  10.454  10.7368
752  0.80043  -3.7592  8.40828  9.24508
753  3.58267  -1.84135  7.90774  8.87459
754  1.29343  -3.79719  5.73373  6.99766
755  0.022698  -1.17162  8.05447  8.13927
756  1.94828  -0.951506  5.53556  5.94505
757  1.94828  -0.951506  5.53556  5.94505
758  1.94828  -0.951506  5.53556  5.94505
759  1.94828  -0.951506  5.53556  5.94505
760  1.94828  -0.951506  5.53556  5.94505
761  -0.213933  -2.75289  6.77982  7.32053
762  0.393257  -3.31856  6.65067  7.44304
763  2.47631  -1.67015  7.26081  7.85117
764  3.6298  -2.75888  6.75316  8.14813
765  3.6298  -2.75888  6.75316  8.14813
766  1.04166  -0.269323  7.4452  7.52254
767  2.35106  -0.0766792  6.69356  7.09487
768  2.35106  -0.0766792  6.69356  7.09487
769  4.71901  1.30352  6.12945  7.84464
770  3.73175  3.45475  6.31106  8.10498
771  3.34724  5.19649  7.04089  9.36919
772  1.44947  2.28011  6.29318  6.84865
773  2.08115  0.00885468  4.55094  5.00423
774  0.268263  -1.6556  4.84475  5.12685
775  0.268263  -1.6556  4.84475  5.12685
776  2.27218  -1.59028  4.03309  4.89465
777  2.27218  -1.59028  4.03309  4.89465
778  2.27218  -1.59028  4.03309  4.89465
779  2.27218  -1.59028  4.03309  4.89465
780  2.27218  -1.59028  4.03309  4.89465
781  2.27218  -1.59028  4.03309  4.89465
782  2.27218  -1.59028  4.03309  4.89465
783  1.45106  -2.54328  6.38007  7.01991
784  1.45106  -2.54328  6.38007  7.01991
785  -0.118353  -3.12613  3.58896  4.76102
786  -0.118353  -3.12613  3.58896  4.76102
787  -2.76457  -1.33409  4.86953  5.7563
788  -2.27168  -4.23326  2.10058  5.24342
789  -2.27168  -4.23326  2.10058  5.24342
790  -0.35387  -6.48887  3.10304  7.20135
791  -0.35387  -6.48887  3.10304  7.20135
792  -0.17837  -4.54758  5.68128  7.27937
793  -0.17837  -4.54758  5.68128  7.27937
794  0.0240009  -2.02944  6.59009  6.89554
795  1.26693  -2.73919  5.51768  6.28912
796  4.0514  -0.632237  3.15748  5.17525
797  4.0514  -0.632237  3.15748  5.17525
798  3.36861  -0.893516  3.19448  4.72764
799  1.49229  -2.55438  5.20343  5.98561
800  1.49229  -2.55438  5.20343  5.98561
801  -0.796494  -3.1308  3.97502  5.12222
802  -0.796494  -3.1308  3.97502  5.12222
803  -0.0357725  -2.05908  1.68479  2.66076
804  -0.0357725  -2.05908  1.68479  2.66076
805  -0.0357725  -2.05908  1.68479  2.66076
806  1.16862  0.483125  -1.16681  1.72062
807  1.16862  0.483125  -1.16681  1.72062
808  1.15067  -2.0633  -2.73492  3.614
809  1.15067  -2.0633  -2.73492  3.614
810  1.15067  -2.0633  -2.73492  3.614
811  2.22786  -4.84386  -2.19568  5.76605
812  2.2204  -2.36885  -2.59546  4.15669
813  2.2204  -2.36885  -2.59546  4.15669
814  2.2204  -2.36885  -2.59546  4.15669
815  2.2204  -2.36885  -2.59546  4.15669
816  1.40806  -0.444669  -2.41882  2.83392
817  -0.236982  1.12479  -3.36332  3.55433
818  -0.236982  1.12479  -3.36332  3.55433
819  2.14412  -1.40037  -2.21126  3.38348
820  0.331331  0.252092  -2.38085  2.41698
821  0.331331  0.252092  -2.38085  2.41698
822  0.331331  0.252092  -2.38085  2.41698
823  0.331331  0.252092  -2.38085  2.41698
824  -0.233135  -0.142835  -0.939954  0.978911
825  1.75631  -0.405087  1.51057  2.35171
826  -0.7203  -1.36943  1.72887  2.32017
827  -0.7203  -1.36943  1.72887  2.32017
828  -0.7203  -1.36943  1.72887  2.32017
829  -1.81807  -2.63184  1.98742  3.76588
830  -2.10751  -0.597614  2.33958  3.20506
831  -1.11992  -3.347  3.37775  4.88526
832  -1.11992  -3.347  3.37775  4.88526
833  1.80287  -3.13118  3.41314  4.97033
834  1.73991  -0.754921  1.53497  2.43994
835  1.73991  -0.754921  1.53497  2.43994
836  -0.239265  -0.453643  2.25746  2.31499
837  2.4685  0.336549  -0.426695  2.52761
838  4.15291  -1.35164  -1.73061  4.69772
839  4.29722  0.768441  -3.33739  5.49497
840  4.29722  0.768441  -3.33739  5.49497
841  5.45033  0.518305  -2.64536  6.08051
842  5.45033  0.518305  -2.64536  6.08051
843  5.45033  0.518305  -2.64536  6.08051
844  2.85367  3.06608  -4.64899  6.25759
845  2.35426  0.863167  -3.31791  4.15886
846  -0.438022  -1.93123  -1.73839  2.63505
847  -1.23522  -2.59375  -4.16151  5.05682
848  -2.27276  -1.62787  -5.37054  6.0546
849  -3.20939  0.282969  -3.03627  4.4271
850  -3.20939  0.282969  -3.03627  4.4271
851  -3.20939  0.282969  -3.03627  4.4271
852  -1.90989  -1.68987  -5.57388  6.12956
853  -1.90989  -1.68987  -5.57388  6.12956
854  -1.90989  -1.68987  -5.57388  6.12956
855  -1.90989  -1.68987  -5.57388  6.12956
856  -3.05249  -0.222316  -6.40526  7.09891
857  -1.20157  -2.61724  -5.27366  6.00876
858  -1.20157  -2.61724  -5.27366  6.00876
859  -1.20157  -2.61724  -5.27366  6.00876
860  -0.161166  -1.15976  -4.09128  4.25554
861  2.74163  0.227745  -5.7454  6.37009
862  4.70242  0.783947  -6.39537  7.97672
863  6.78655  -1.26187  -8.02863  10.5881
864  7.40247  -0.423191  -8.37725  11.1872
865  7.40247  -0.423191  -8.37725  11.1872
866  7.40247  -0.423191  -8.37725  11.1872
867  7.40247  -0.423191  -8.37725  11.1872
868  4.79512  -2.7218  -8.87556  10.4488
869  4.79512  -2.7218  -8.87556  10.4488
870  6.95621  0.178115  -8.70195  11.142
871  6.95621  0.178115  -8.70195  11.142
872  7.55379  0.549506  -8.1831  11.1501
873  7.55379  0.549506  -8.1831  11.1501
874  6.39939  0.927863  -7.23068  9.7003
875  6.39939  0.927863  -7.23068  9.7003
876  7.39299  -0.016612  -6.96906  10.1599
877  4.56311  1.31375  -7.95676  9.26596
878  2.32675  2.27082  -5.87511  6.71471
879  1.73015  2.4542  -3.00689  4.24945
880  2.53036  0.189276  -4.40412  5.08279
881  2.07706  1.0006  -4.05259  4.6625
882  2.07706  1.0006  -4.05259  4.6625
883  0.178116  -1.52055  -1.44524  2.10535
884  -1.44237  -0.364599  -3.93331  4.20527
885  -3.06629  1.61962  -4.03709  5.32198
886  -5.75972  3.81356  -6.79079  9.68672
887  -6.22546  1.5476  -7.45224  9.83297
888  -8.11604  3.25229  -8.93743  12.503
889  -8.13824  2.62727  -7.83132  11.5958
890  -5.85619  0.747858  -10.1929  11.7792
891  -3.19759  0.566987  -8.51198  9.11042
892  -3.19759  0.566987  -8.51198  9.11042
893  -3.97051  -2.24029  -8.03741  9.24034
894  -2.69698  -1.99655  -8.54331  9.17868
895  -2.69698  -1.99655  -8.54331  9.17868
896  -1.816  -0.63152  -6.94865  7.20974
897  -1.816  -0.63152  -6.94865  7.20974
898  -0.810332  1.91609  -4.24274  4.72535
899  -0.810332  1.91609  -4.24274  4.72535
900  -0.810332  1.91609  -4.24274  4.72535
901  -0.810332  1.91609  -4.24274  4.72535
902  -1.14086  0.635301  -6.62469  6.75216
903  1.51648  3.01718  -4.37056  5.52312
904  1.51648  3.01718  -4.37056  5.52312
905  2.24624  4.27713  -1.71399  5.12613
906  2.24624  4.27713  -1.71399  5.12613
907  0.238339  4.11758  -2.42417  4.78413
908  0.238339  4.11758  -2.42417  4.78413
909  0.238339  4.11758  -2.42417  4.78413
910  0.238339  4.11758  -2.42417  4.78413
911  0.238339  4.11758  -2.42417  4.78413
912  0.238339  4.11758  -2.42417  4.78413
913  0.238339  4.11758  -2.42417  4.78413
914  1.03031  6.17464  -3.53389  7.18861
915  0.402135  6.06549  -3.10734  6.82696
916  0.695446  3.64667  -2.22418  4.32768
917  0.695446  3.64667  -2.22418  4.32768
918  0.695446  3.64667  -2.22418  4.32768
919  0.695446  3.64667  -2.22418  4.32768
920  0.695446  3.64667  -2.22418  4.32768
921  1.10068  1.28725  -2.69818  3.1857
922  1.10068  1.28725  -2.69818  3.1857
923  -0.237365  0.954192  -1.36451  1.68188
924  -1.46222  -0.067705  -4.09218  4.34611
925  -0.717379  2.51025  -5.61475  6.19205
926  0.511285  4.29771  -7.53849  8.69256
927  -0.832117  6.08434  -6.10247  8.65747
928  1.61851  4.35847  -4.35689  6.37168
929  1.61851  4.35847  -4.35689  6.37168
930  -0.674098  4.99906  -2.02717  5.4364
931  -0.674098  4.99906  -2.02717  5.4364
932  -1.70666  3.65383  -4.37212  5.94799
933  -2.24675  3.6584  -5.44244  6.93195
934  0.0364978  1.3104  -3.97815  4.18857
935  0.0364978  1.3104  -3.97815  4.18857
936  1.42253  0.164296  -1.25247  1.90244
937  1.42253  0.164296  -1.25247  1.90244
938  1.42253  0.164296  -1.25247  1.90244
939  1.42253  0.164296  -1.25247  1.90244
940  0.625737  -2.60315  -3.33237  4.27465
941  -0.102212  -0.151377  -0.552252  0.581674
942  -0.102212  -0.151377  -0.552252  0.581674
943  -0.711936  0.106235  -0.961576  1.20115
944  -0.711936  0.106235  -0.961576  1.20115
945  0.88828  -1.55954  -3.13313  3.61078
946  0.88828  -1.55954  -3.13313  3.61078
947  3.36494  -1.41374  -1.94999  4.13811
948  1.32568  -3.40469  -3.99301  5.41234
949  1.32568  -3.40469  -3.99301  5.41234
950  0.478243  -2.55645  -5.00227  5.63798
951  -1.2351  -4.42291  -5.19571  6.93419
952  -1.2351  -4.42291  -5.19571  6.93419
953  -1.41456  -4.60086  -2.68675  5.51249
954  -1.41456  -4.60086  -2.68675  5.51249
955  -1.41456  -4.60086  -2.68675  5.51249
956  -1.41456  -4.60086  -2.68675  5.51249
957  -1.41456  -4.60086  -2.68675  5.51249
958  -0.496716  -3.3389  -1.87236  3.86014
959  -0.496716  -3.3389  -1.87236  3.86014
960  -1.17484  -3.4466  -2.41079  4.36707
961  -1.17484  -3.4466  -2.41079  4.36707
962  -1.17484  -3.4466  -2.41079  4.36707
963  1.73085  -3.18907  -2.26225  4.27595
964  2.10532  -1.71052  -1.96191  3.34774
965  2.10532  -1.71052  -1.96191  3.34774
966  0.717578  -2.1878  -4.73939  5.26908
967  0.717578  -2.1878  -4.73939  5.26908
968  0.717578  -2.1878  -4.73939  5.26908
969  0.717578  -2.1878  -4.73939  5.26908
970  0.717578  -2.1878  -4.73939  5.26908
971  0.717578  -2.1878  -4.73939  5.26908
972  1.06658  -3.44088  -4.38982  5.67872
973  3.50365  -2.82119  -1.8273  4.85527
974  4.26737  -1.80083  -1.69627  4.93262
975  3.21185  -0.00372679  -0.272234  3.22337
976  1.28928  -1.13979  1.0417  2.01159
977  1.28928  -1.13979  1.0417  2.01159
978  1.28928  -1.13979  1.0417  2.01159
979  1.10234  -2.25829  3.17198  4.04679
980  3.51529  -0.596203  3.00047  4.65999
981  3.51529  -0.596203  3.00047  4.65999
982  1.82861  -0.480496  2.07056  2.80391
983  1.82861  -0.480496  2.07056  2.80391
984  1.82861  -0.480496  2.07056  2.80391
985  1.82861  -0.480496  2.07056  2.80391
986  1.82861  -0.480496  2.07056  2.80391
987  1.82861  -0.480496  2.07056  2.80391
988  1.82861  -0.480496  2.07056  2.80391
989  1.82861  -0.480496  2.07056  2.80391
990  1.5506  1.03787  2.24034  2.91559
991  1.5506  1.03787  2.24034  2.91559
992  -0.6098  -1.18275  -0.631305  1.47286
993  2.10488  1.05972  -2.40121  3.36442
994  2.10488  1.05972  -2.40121  3.36442
995  2.10488  1.05972  -2.40121  3.36442
996  2.10488  1.05972  -2.40121  3.36442
997  2.10488  1.05972  -2.40121  3.36442
998  -0.0351731  -1.32985  -2.16543  2.54142
999  -0.0351731  -1.32985  -2.16543  2.54142
1000  1.34715  -2.45707  -1.97072  3.42575
1001  -0.865209  -1.71383  -0.58467  2.0069
1002  -0.901597  -3.06827  -1.74523  3.64321
1003  -0.26696  -0.724532  0.454379  0.895921
1004  0.61516  0.806923  1.32992  1.6728
1005  1.34936  -0.192705  -0.874527  1.61948
1006  -0.611651  1.48352  0.881088  1.83064
1007  -2.47268  1.2731  2.5064  3.74392
1008  -2.24145  3.22633  4.40314  5.90093
1009  -2.24145  3.22633  4.40314  5.90093
1010  -2.24145  3.22633  4.40314  5.90093
1011  -2.08406  3.46551  4.35791  5.94512
1012  0.4458  5.25719  3.34241  6.24568
1013  -2.04614  3.88625  2.10713  4.87131
1014  -2.04614  3.88625  2.10713  4.87131
1015  0.448469  2.94869  0.411752  3.01088
1016  0.918791  2.57442  1.28864  3.02199
1017  -1.27141  2.51785  3.81699  4.7461
1018  -0.555879  3.18572  5.05535  6.0012
1019  -0.516922  1.41447  4.66678  4.90375
1020  -0.516922  1.41447  4.66678  4.90375
1021  0.905184  -0.192955  4.40199  4.49824
1022  2.99397  -0.136194  5.10666  5.92118
1023  3.36442  -3.06005  6.05358  7.5716
1024  1.31849  -1.41877  8.05104  8.28074
1025  1.31849  -1.41877  8.05104  8.28074
1026  3.46731  1.17912  5.73609  6.80554
1027  3.46731  1.17912  5.73609  6.80554
1028  3.46731  1.17912  5.73609  6.80554
1029  5.53082  2.7769  3.71602  7.21872
1030  5.53082  2.7769  3.71602  7.21872
1031  5.53082  2.7769  3.71602  7.21872
1032  6.43835  3.24896  6.57001  9.75567
1033  9.16158  3.03852  4.63269  10.7065
1034  8.56961  1.87121  5.72859  10.4765
1035  8.56961  1.87121  5.72859  10.4765
1036  8.56961  1.87121  5.72859  10.4765
1037  8.56961  1.87121  5.72859  10.4765
1038  7.55087  3.89138  4.08399  9.42536
1039  7.55087  3.89138  4.08399  9.42536
1040  5.09023  1.09409  3.25299  6.13917
1041  3.23539  2.33412  3.24762  5.14421
1042  3.23539  2.33412  3.24762  5.14421
1043  1.3978  2.07015  1.74223  3.04544
1044  0.615501  -0.85931  2.2833  2.51609
1045  0.615501  -0.85931  2.2833  2.51609
1046  0.615501  -0.85931  2.2833  2.51609
1047  -0.90342  -0.452129  3.15401  3.31185
1048  -0.90342  -0.452129  3.15401  3.31185
1049  0.993218  0.779259  5.76018  5.8969
1050  1.7034  3.12389  5.51552  6.56363
1051  1.7034  3.12389  5.51552  6.56363
1052  1.7034  3.12389  5.51552  6.56363
1053  1.7034  3.12389  5.51552  6.56363
1054  0.493565  3.54266  2.91527  4.61442
1055  3.16799  2.35454  4.49046  5.97865
1056  1.16636  0.156943  3.11414  3.32909
1057  -0.15121  -0.862869  2.33952  2.49816
1058  -0.15121  -0.862869  2.33952  2.49816
1059  -0.15121  -0.862869  2.33952  2.49816
1060  -0.15121  -0.862869  2.33952  2.49816
1061  -0.15121  -0.862869  2.33952  2.49816
1062  -0.15121  -0.862869  2.33952  2.49816
1063  -0.15121  -0.862869  2.33952  2.49816
1064  -0.15121  -0.862869  2.33952  2.49816
1065  -0.15121  -0.862869  2.33952  2.49816
1066  0.472843  -1.10198  4.17953  4.34815
1067  0.472843  -1.10198  4.17953  4.34815
1068  0.472843  -1.10198  4.17953  4.34815
1069  0.472843  -1.10198  4.17953  4.34815
1070  -2.12601  -0.710234  4.83388  5.3283
1071  -2.12601  -0.710234  4.83388  5.3283
1072  -0.31309  -1.17701  4.93512  5.08319
1073  -0.587271  -0.677127  3.6103  3.7199
1074  -0.587271  -0.677127  3.6103  3.7199
1075  2.06743  0.860572  2.42675  3.30212
1076  0.493947  -2.03418  2.98773  3.64807
1077  0.493947  -2.03418  2.98773  3.64807
1078  1.31492  -1.32448  3.38601  3.86631
1079  1.31492  -1.32448  3.38601  3.86631
1080  1.31492  -1.32448  3.38601  3.86631
1081  1.31492  -1.32448  3.38601  3.86631
1082  1.31492  -1.32448  3.38601  3.86631
1083  1.31492  -1.32448  3.38601  3.86631
1084  1.31492  -1.32448  3.38601  3.86631
1085  1.31492  -1.32448  3.38601  3.86631
1086  2.41474  -1.26451  4.39766  5.17392
1087  3.97873  -0.397284  1.97222  4.45845
1088  3.97873  -0.397284  1.97222  4.45845
1089  1.75345  2.2787  2.25297  3.6528
1090  3.44128  0.492271  4.91801  6.02258
1091  3.10363  0.985929  2.29449  3.98362
1092  3.10363  0.985929  2.29449  3.98362
1093  1.48633  -1.42805  0.877345  2.24014
1094  1.48633  -1.42805  0.877345  2.24014
1095  0.184586  0.424043  -1.38249  1.45779
1096  0.184586  0.424043  -1.38249  1.45779
1097  0.184586  0.424043  -1.38249  1.45779
1098  -2.05676  -1.45937  -3.14719  4.03297
1099  -2.05676  -1.45937  -3.14719  4.03297
1100  -2.05676  -1.45937  -3.14719  4.03297
1101  -0.107673  0.394211  -2.16046  2.19877
1102  -0.107673  0.394211  -2.16046  2.19877
1103  -1.71344  -0.22347  -2.17292  2.77622
1104  -1.71344  -0.22347  -2.17292  2.77622
1105  -1.38847  2.40523  -2.50713  3.74148
1106  0.946987  0.0385736  -2.0277  2.23826
1107  0.946987  0.0385736  -2.0277  2.23826
1108  -0.76541  -1.41272  -2.37649  2.86868
1109  -0.76541  -1.41272  -2.37649  2.86868
1110  -0.76541  -1.41272  -2.37649  2.86868
1111  -0.76541  -1.41272  -2.37649  2.86868
1112  -3.23554  -0.761732  -3.80339  5.05121
1113  -3.23554  -0.761732  -3.80339  5.05121
1114  -2.19947  0.509427  -4.7553  5.26403
1115  -2.19947  0.509427  -4.7553  5.26403
1116  -1.82814  -0.842685  -2.02136  2.85274
1117  -1.82814  -0.842685  -2.02136  2.85274
1118  -1.82814  -0.842685  -2.02136  2.85274
1119  -1.82814  -0.842685  -2.02136  2.85274
1120  -1.82814  -0.842685  -2.02136  2.85274
1121  -1.82814  -0.842685  -2.02136  2.85274
1122  -1.82814  -0.842685  -2.02136  2.85274
1123  -1.94645  -1.05422  -1.19033  2.51335
1124  -0.50503  0.887794  -1.99709  2.24313
1125  -0.50503  0.887794  -1.99709  2.24313
1126  -0.50503  0.887794  -1.99709  2.24313
1127  -0.50503  0.887794  -1.99709  2.24313
1128  -0.50503  0.887794  -1.99709  2.24313
1129  -0.50503  0.887794  -1.99709  2.24313
1130  -0.50503  0.887794  -1.99709  2.24313
1131  -0.50503  0.887794  -1.99709  2.24313
1132  0.219329  0.501604  -1.53254  1.62739
1133  0.227788  0.52583  0.92132  1.08499
1134  0.227788  0.52583  0.92132  1.08499
1135  0.227788  0.52583  0.92132  1.08499
1136  0.227788  0.52583  0.92132  1.08499
1137  0.227788  0.52583  0.92132  1.08499
1138  0.616118  0.437918  -0.94408  1.2094
1139  1.91809  -0.366789  -0.582913  2.03799
1140  1.68917  2.00588  -1.66242  3.10491
1141  1.68917  2.00588  -1.66242  3.10491
1142  -0.650574  -0.689345  1.22244  1.54687
1143  -0.650574  -0.689345  1.22244  1.54687
1144  -0.650574  -0.689345  1.22244  1.54687
1145  -0.650574  -0.689345  1.22244  1.54687
1146  -0.650574  -0.689345  1.22244  1.54687
1147  -0.650574  -0.689345  1.22244  1.54687
1148  -0.650574  -0.689345  1.22244  1.54687
1149  0.370123  0.804854  2.39688  2.55535
1150  0.370123  0.804854  2.39688  2.55535
1151  0.370123  0.804854  2.39688  2.55535
1152  0.370123  0.804854  2.39688  2.55535
1153  0.370123  0.804854  2.39688  2.55535
1154  0.370123  0.804854  2.39688  2.55535
1155  0.370123  0.804854  2.39688  2.55535
1156  0.370123  0.804854  2.39688  2.55535
1157  -0.179988  -0.116365  2.43341  2.44283
1158  -1.5802  -2.96666  2.22868  4.03301
1159  -1.81391  -3.46208  4.8825  6.2542
1160  -1.81391  -3.46208  4.8825  6.2542
1161  -1.81391  -3.46208  4.8825  6.2542
1162  -4.53565  -1.92503  3.86105  6.25984
1163  -3.24309  -0.0530826  1.19153  3.45545
1164  -1.01291  0.0417977  3.9551  4.08296
1165  -1.01291  0.0417977  3.9551  4.08296
1166  1.4627  -2.72184  5.72637  6.50685
1167  1.20702  -4.91865  8.31859  9.73904
1168  2.46569  -6.19471  5.89946  8.90268
1169  2.46569  -6.19471  5.89946  8.90268
1170  1.59732  -3.57208  6.63072  7.6992
1171  -0.785649  -1.41481  7.14898  7.32986
1172  -1.08229  0.325412  8.96575  9.0367
1173  -1.31943  -1.85897  7.5267  7.86434
1174  -1.15608  -1.96976  5.21647  5.69456
1175  -1.15608  -1.96976  5.21647  5.69456
1176  -2.66663  -3.84687  2.46677  5.29096
1177  -2.66663  -3.84687  2.46677  5.29096
1178  -0.240661  -1.555  5.37541  5.60098
1179  0.483894  -2.84493  5.49682  6.20829
1180  0.483894  -2.84493  5.49682  6.20829
1181  1.35851  -1.11748  2.73157  3.24897
1182  -0.851935  -1.55011  3.75272  4.14868
1183  -0.851935  -1.55011  3.75272  4.14868
1184  -0.851935  -1.55011  3.75272  4.14868
1185  -0.505837  -0.846714  1.73272  1.99377
1186  -0.505837  -0.846714  1.73272  1.99377
1187  -0.505837  -0.846714  1.73272  1.99377
1188  -0.505837  -0.846714  1.73272  1.99377
1189  -0.505837  -0.846714  1.73272  1.99377
1190  -0.584699  -0.173131  2.75755  2.82417
1191  -0.584699  -0.173131  2.75755  2.82417
1192  -0.584699  -0.173131  2.75755  2.82417
1193  -0.584699  -0.173131  2.75755  2.82417
1194  -0.584699  -0.173131  2.75755  2.82417
1195  -2.10675  -0.458127  4.59927  5.07952
1196  -0.264063  2.0473  4.04498  4.54126
1197  -0.264063  2.0473  4.04498  4.54126
1198  -0.264063  2.0473  4.04498  4.54126
1199  -2.59674  -0.791822  5.56493  6.1918
1200  -2.59674  -0.791822  5.56493  6.1918
1201  -0.193969  -3.70454  3.43441  5.05534
1202  -0.193969  -3.70454  3.43441  5.05534
1203  -0.193969  -3.70454  3.43441  5.05534
1204  -0.193969  -3.70454  3.43441  5.05534
1205  -0.193969  -3.70454  3.43441  5.05534
1206  0.797202  -2.46653  4.7985  5.45389
1207  0.797202  -2.46653  4.7985  5.45389
1208  2.08744  -1.50534  6.16015  6.67614
1209  4.98215  -1.65621  5.86849  7.87426
1210  3.16805  -3.29571  8.73541  9.85929
1211  3.16805  -3.29571  8.73541  9.85929
1212  3.16805  -3.29571  8.73541  9.85929
1213  3.41849  -1.98265  5.97284  7.16183
1214  4.45567  -1.04372  8.23076  9.41742
1215  4.45567  -1.04372  8.23076  9.41742
1216  2.80658  -0.520468  8.87538  9.3231
1217  1.00892  1.40856  9.10802  9.27135
1218  -1.09518  -0.0561173  6.41169  6.5048
1219  -1.09518  -0.0561173  6.41169  6.5048
1220  -3.257  -0.226398  4.04344  5.19699
1221  -2.21014  2.53424  4.47087  5.59426
1222  -2.33284  0.481591  5.61031  6.09505
1223  -2.33284  0.481591  5.61031  6.09505
1224  -0.997145  0.175381  4.81529  4.92057
1225  0.577143  0.631282  3.10369  3.21939
1226  -0.0484871  0.595447  3.60262  3.65182
1227  -0.0484871  0.595447  3.60262  3.65182
1228  -0.0484871  0.595447  3.60262  3.65182
1229  -0.0484871  0.595447  3.60262  3.65182
1230  -0.375399  -1.59918  1.74657  2.39766
1231  -0.375399  -1.59918  1.74657  2.39766
1232  -0.375399  -1.59918  1.74657  2.39766
1233  -0.375399  -1.59918  1.74657  2.39766
1234  1.96648  0.743183  1.08509  2.36575
1235  4.73948  -1.8945  3.14635  5.99594
1236  6.66587  -1.06428  5.22954  8.539
1237  6.66587  -1.06428  5.22954  8.539
1238  7.43316  1.11659  4.42183  8.72073
1239  7.43316  1.11659  4.42183  8.72073
1240  7.43316  1.11659  4.42183  8.72073
1241  7.43316  1.11659  4.42183  8.72073
1242  7.43316  1.11659  4.42183  8.72073
1243  6.96735  2.62417  6.26655  9.73139
1244  6.66263  0.273588  5.18306  8.44568
1245  6.66263  0.273588  5.18306  8.44568
1246  6.70318  2.58879  5.76935  9.2152
1247  8.52719  2.9639  4.9031  10.2732
1248  6.6215  4.02914  5.95649  9.77538
1249  6.6215  4.02914  5.95649  9.77538
1250  4.94679  5.72742  3.26362  8.24168
1251  6.30481  3.60449  2.43803  7.66074
1252  6.30481  3.60449  2.43803  7.66074
1253  6.30481  3.60449  2.43803  7.66074
1254  3.79566  2.58154  5.21268  6.94575
1255  3.79566  2.58154  5.21268  6.94575
1256  3.79566  2.58154  5.21268  6.94575
1257  1.79741  3.42966  2.65137  4.69287
1258  4.46073  5.05979  1.43953  6.89724
1259  4.83019  4.05529  -0.859135  6.36508
1260  5.41052  4.39054  1.67987  7.16746
1261  4.63658  6.26007  3.61958  8.58998
1262  4.63658  6.26007  3.61958  8.58998
1263  5.146  4.52403  3.09968  7.52038
1264  5.146  4.52403  3.09968  7.52038
1265  4.02817  5.29663  2.55052  7.1264
1266  1.55744  5.20556  2.31033  5.90433
1267  0.0471654  2.7252  2.39627  3.6292
1268  0.0471654  2.7252  2.39627  3.6292
1269  -0.530045  2.50325  3.12323  4.03755
1270  -0.530045  2.50325  3.12323  4.03755
1271  -0.530045  2.50325  3.12323  4.03755
1272  -0.530045  2.50325  3.12323  4.03755
1273  -2.28968  1.07039  2.63637  3.65224
1274  -2.74128  -1.14805  3.99142  4.97635
1275  -2.74128  -1.14805  3.99142  4.97635
1276  -1.63343  0.223736  3.91342  4.24653
1277  -0.778515  -2.03559  6.73082  7.07486
1278  -0.68705  -3.9573  5.61685  6.90516
1279  -2.33683  -2.98801  3.42039  5.10765
1280  -1.24759  -2.44178  1.24529  3.01156
1281  -1.24759  -2.44178  1.24529  3.01156
1282  -1.24759  -2.44178  1.24529  3.01156
1283  -3.25745  -2.10289  1.32302  4.09676
1284  -1.64032  -2.28775  0.884698  2.95079
1285  -1.64032  -2.28775  0.884698  2.95079
1286  0.815159  -4.25188  2.90104  5.21143
1287  0.916  -2.0807  1.13181  2.53956
1288  2.99582  -1.77526  0.552047  3.5258
1289  2.4833  -0.1787  -2.13955  3.28274
1290  0.071015  2.10832  -3.32974  3.94173
1291  1.63806  0.80398  -1.28714  2.23301
1292  -0.401658  2.29795  -2.09381  3.13464
1293  1.75824  2.09631  -4.05347  4.89046
1294  1.75824  2.09631  -4.05347  4.89046
1295  1.75824  2.09631  -4.05347  4.89046
1296  1.75824  2.09631  -4.05347  4.89046
1297  -0.323116  -0.547359  -1.42334  1.55881
1298  -0.323116  -0.547359  -1.42334  1.55881
1299  -0.323116  -0.547359  -1.42334  1.55881
1300  1.4757  -0.242042  -3.77983  4.0649
1301  -0.0439714  2.26418  -3.01426  3.77017
1302  -0.0439714  2.26418  -3.01426  3.77017
1303  -1.26368  0.772638  -2.06264  2.53936
1304  -1.26368  0.772638  -2.06264  2.53936
1305  -1.26368  0.772638  -2.06264  2.53936
1306  1.44057  0.616823  -4.58627  4.8466
1307  1.44057  0.616823  -4.58627  4.8466
1308  1.44057  0.616823  -4.58627  4.8466
1309  1.44057  0.616823  -4.58627  4.8466
1310  1.44057  0.616823  -4.58627  4.8466
1311  1.44057  0.616823  -4.58627  4.8466
1312  1.52223  3.18571  -3.37603  4.88503
1313  1.52223  3.18571  -3.37603  4.88503
1314  1.52223  3.18571  -3.37603  4.88503
1315  1.52223  3.18571  -3.37603  4.88503
1316  1.52223  3.18571  -3.37603  4.88503
1317  1.52223  3.18571  -3.37603  4.88503
1318  1.52223  3.18571  -3.37603  4.88503
1319  1.52223  3.18571  -3.37603  4.88503
1320  1.16505  4.22137  -2.22041  4.90994
1321  2.57643  4.08973  -2.63923  5.50722
1322  2.41924  2.50929  -3.58179  4.99785
1323  0.880238  1.85907  -1.6512  2.63769
1324  0.391795  -0.454861  -3.73905  3.78694
1325  -1.98537  0.181573  -1.75074  2.65325
1326  -1.98537  0.181573  -1.75074  2.65325
1327  -2.89422  -0.352378  1.09923  3.11593
1328  -5.15629  -0.855453  2.36998  5.73898
1329  -2.94295  -2.97446  1.95635  4.61906
1330  -2.94295  -2.97446  1.95635  4.61906
1331  -2.94295  -2.97446  1.95635  4.61906
1332  -2.94295  -2.97446  1.95635  4.61906
1333  -2.94295  -2.97446  1.95635  4.61906
1334  -2.94295  -2.97446  1.95635  4.61906
1335  -2.94295  -2.97446  1.95635  4.61906
1336  -2.94295  -2.97446  1.95635  4.61906
1337  -2.94295  -2.97446  1.95635  4.61906
1338  -2.94295  -2.97446  1.95635  4.61906
1339  -0.776001  -1.7416  -0.958625  2.13408
1340  -0.562198  0.777061  -2.93738  3.09
1341  0.874555  -1.15116  -4.79907  5.0121
1342  0.874555  -1.15116  -4.79907  5.0121
1343  -1.38875  -2.29642  -2.32787  3.55263
1344  -1.59088  -0.609517  -4.66659  4.96785
1345  -1.59088  -0.609517  -4.66659  4.96785
1346  0.204148  -1.02141  -6.23797  6.32434
1347  2.02349  -0.75818  -8.218  8.49734
1348  1.54601  -2.85034  -6.15651  6.95824
1349  -1.23942  -0.281625  -7.80808  7.91085
1350  -1.23942  -0.281625  -7.80808  7.91085
1351  -1.23942  -0.281625  -7.80808  7.91085
1352  -1.23942  -0.281625  -7.80808  7.91085
1353  -2.63518  -3.0977  -5.21298  6.61174
1354  -1.52297  -2.96403  -4.68836  5.75201
1355  0.561586  -0.317734  -6.51461  6.54649
1356  -1.43955  -1.00093  -6.89542  7.11485
1357  0.312777  0.184687  -8.75207  8.7596
1358  0.312777  0.184687  -8.75207  8.7596
1359  -0.818454  -2.44135  -8.89351  9.25876
1360  -2.3814  -4.59908  -6.57954  8.37335
1361  -2.3814  -4.59908  -6.57954  8.37335
1362  -2.82659  -1.97872  -5.81911  6.76513
1363  -2.82659  -1.97872  -5.81911  6.76513
1364  -2.82659  -1.97872  -5.81911  6.76513
1365  -3.25008  0.78901  -4.59311  5.68174
1366  -2.23302  -0.521542  -4.60763  5.14671
1367  -1.14952  0.937175  -2.5613  2.95972
1368  -1.14952  0.937175  -2.5613  2.95972
1369  -0.616549  1.80816  -3.2517  3.77136
1370  -0.616549  1.80816  -3.2517  3.77136
1371  -0.616549  1.80816  -3.2517  3.77136
1372  0.184411  0.420001  -1.4199  1.49216
1373  0.184411  0.420001  -1.4199  1.49216
1374  0.184411  0.420001  -1.4199  1.49216
1375  0.184411  0.420001  -1.4199  1.49216
1376  -1.61356  1.0975  -2.71171  3.34088
1377  -1.61356  1.0975  -2.71171  3.34088
1378  -1.61356  1.0975  -2.71171  3.34088
1379  -0.124831  0.299781  -1.28893  1.32921
1380  -0.124831  0.299781  -1.28893  1.32921
1381  -0.124831  0.299781  -1.28893  1.32921
1382  -0.124831  0.299781  -1.28893  1.32921
1383  -0.124831  0.299781  -1.28893  1.32921
1384  -0.124831  0.299781  -1.28893  1.32921
1385  -0.124831  0.299781  -1.28893  1.32921
1386  -0.124831  0.299781  -1.28893  1.32921
1387  -0.124831  0.299781  -1.28893  1.32921
1388  -2.00351  -0.548051  -3.35844  3.94886
1389  -2.00351  -0.548051  -3.35844  3.94886
1390  0.0247321  1.75356  -1.55988  2.34708
1391  0.0656774  -1.02835  -3.42332  3.57504
1392  0.0656774  -1.02835  -3.42332  3.57504
1393  -2.34417  -1.16597  -4.67703  5.35997
1394  -2.34417  -1.16597  -4.67703  5.35997
1395  -2.34417  -1.16597  -4.67703  5.35997
1396  -2.34417  -1.16597  -4.67703  5.35997
1397  0.127851  -3.57936  -7.44745  8.26394
1398  0.532014  -0.833543  -6.86008  6.93098
1399  -1.21344  -1.48911  -5.59629  5.91679
1400  -0.439875  -0.0906956  -4.75908  4.78022
1401  -0.439875  -0.0906956  -4.75908  4.78022
1402  2.32105  0.574644  -3.83444  4.5189
1403  0.532526  0.293943  -1.28734  1.42381
1404  0.532526  0.293943  -1.28734  1.42381
1405  -1.03941  -0.567231  -2.45689  2.72735
1406  -1.03941  -0.567231  -2.45689  2.72735
1407  -1.03941  -0.567231  -2.45689  2.72735
1408  -1.03941  -0.567231  -2.45689  2.72735
1409  1.09026  0.483009  -3.81393  3.996
1410  1.09026  0.483009  -3.81393  3.996
1411  1.09026  0.483009  -3.81393  3.996
1412  1.09026  0.483009  -3.81393  3.996
1413  1.09026  0.483009  -3.81393  3.996
1414  1.09026  0.483009  -3.81393  3.996
1415  -0.191637  -1.82289  -1.91325  2.64956
1416  -0.191637  -1.82289  -1.91325  2.64956
1417  1.48788  1.00667  -3.41722  3.86064
1418  1.00287  -1.72217  -4.08033  4.54101
1419  1.00621  0.11715  -2.36196  2.57003
1420  1.00621  0.11715  -2.36196  2.57003
1421  1.00621  0.11715  -2.36196  2.57003
1422  2.20927  0.95269  -1.2572  2.7146
1423  2.20927  0.95269  -1.2572  2.7146
1424  0.832422  -1.28788  0.992198  1.82648
1425  0.832422  -1.28788  0.992198  1.82648
1426  0.832422  -1.28788  0.992198  1.82648
1427  0.832422  -1.28788  0.992198  1.82648
1428  -1.88372  -1.98324  -1.33201  3.04235
1429  -1.12921  0.917191  -2.60956  2.98767
1430  -1.48564  -0.76266  -2.86423  3.31551
1431  0.146294  -0.734098  -1.44961  1.63146
1432  0.146294  -0.734098  -1.44961  1.63146
1433  0.146294  -0.734098  -1.44961  1.63146
1434  -0.163664  0.033984  -0.983685  0.997786
1435  -0.163664  0.033984  -0.983685  0.997786
1436  -0.163664  0.033984  -0.983685  0.997786
1437  1.10106  -1.52551  -2.86705  3.42921
1438  1.10106  -1.52551  -2.86705  3.42921
1439  1.10106  -1.52551  -2.86705  3.42921
1440  1.10106  -1.52551  -2.86705  3.42921
1441  -0.902613  -0.170227  -1.00058  1.35825
1442  -0.902613  -0.170227  -1.00058  1.35825
1443  -0.902613  -0.170227  -1.00058  1.35825
1444  -0.902613  -0.170227  -1.00058  1.35825
1445  -1.55582  -2.05689  -3.39989  4.26739
1446  -1.55582  -2.05689  -3.39989  4.26739
1447  -1.55582  -2.05689  -3.39989  4.26739
1448  -1.02898  -1.37027  -3.3216  3.73757
1449  -1.02898  -1.37027  -3.3216  3.73757
1450  -1.02898  -1.37027  -3.3216  3.73757
1451  -1.02898  -1.37027  -3.3216  3.73757
1452  -1.02898  -1.37027  -3.3216  3.73757
1453  -1.02898  -1.37027  -3.3216  3.73757
1454  -0.86085  -0.644241  -4.73283  4.85343
1455  -0.86085  -0.644241  -4.73283  4.85343
1456  -0.86085  -0.644241  -4.73283  4.85343
1457  -0.86085  -0.644241  -4.73283  4.85343
1458  0.419742  -1.6688  -2.2828  2.85871
1459  3.05286  -1.30504  -3.55891  4.86713
1460  3.05286  -1.30504  -3.55891  4.86713
1461  0.827694  -1.89562  -3.94837  4.45736
1462  2.67076  0.0851271  -2.55608  3.6978
1463  2.67076  0.0851271  -2.55608  3.6978
1464  2.59107  1.87987  -1.90948  3.72742
1465  0.641921  1.64336  -1.22483  2.14777
1466  0.641921  1.64336  -1.22483  2.14777
1467  0.641921  1.64336  -1.22483  2.14777
1468  -0.849668  2.88196  -1.04378  3.18074
1469  -2.99929  1.95396  -3.91332  5.30356
1470  -2.99929  1.95396  -3.91332  5.30356
1471  -3.51749  3.6675  -3.70285  6.28764
1472  -4.15824  2.83991  -2.81531  5.76906
1473  -4.15824  2.83991  -2.81531  5.76906
1474  -1.82699  2.31828  -2.4727  3.85053
1475  -1.82699  2.31828  -2.4727  3.85053
1476  -1.82699  2.31828  -2.4727  3.85053
1477  -1.82699  2.31828  -2.4727  3.85053
1478  -1.82699  2.31828  -2.4727  3.85053
1479  -3.59888  4.35116  -5.00531  7.5457
1480  -3.59888  4.35116  -5.00531  7.5457
1481  -0.916157  2.30892  -6.85519  7.29137
1482  -0.916157  2.30892  -6.85519  7.29137
1483  1.958  0.942616  -4.55015  5.04244
1484  1.43265  2.86176  -2.28675  3.93337
1485  1.56065  1.9501  -4.81289  5.4224
1486  1.56065  1.9501  -4.81289  5.4224
1487  1.56065  1.9501  -4.81289  5.4224
1488  2.08435  -0.958602  -4.47907  5.03244
1489  4.74676  1.26845  -5.58209  7.43642
1490  4.74676  1.26845  -5.58209  7.43642
1491  4.74676  1.26845  -5.58209  7.43642
1492  6.751  1.77797  -4.19039  8.14227
1493  6.34731  1.73726  -2.7571  7.13498
1494  6.34731  1.73726  -2.7571  7.13498
1495  6.34731  1.73726  -2.7571  7.13498
1496  6.34731  1.73726  -2.7571  7.13498
1497  7.01045  3.80642  -5.25376  9.55182
1498  9.01929  3.14588  -5.77474  11.1621
1499  9.01929  3.14588  -5.77474  11.1621
1500  9.01929  3.14588  -5.77474  11.1621
1501  7.99974  1.11636  -6.53534  10.39
1502  7.95321  -0.872018  -4.52834  9.19346
1503  7.95321  -0.872018  -4.52834  9.19346
1504  6.19973  -0.23839  -2.75058  6.78669
1505  6.19973  -0.23839  -2.75058  6.78669
1506  5.57454  -2.23294  -4.18347  7.31867
1507  6.04187  -4.13934  -4.64308  8.6716
1508  6.04187  -4.13934  -4.64308  8.6716
1509  4.07654  -5.34083  -7.10421  9.77817
1510  4.07654  -5.34083  -7.10421  9.77817
1511  1.7613  -6.76185  -9.95103  12.1593
1512  2.08865  -6.72659  -8.63221  11.1411
1513  2.08865  -6.72659  -8.63221  11.1411
1514  0.756444  -5.81395  -5.69849  8.17601
1515  1.02044  -6.72146  -6.88472  9.67567
1516  1.02044  -6.72146  -6.88472  9.67567
1517  0.56062  -4.96781  -8.53449  9.89095
1518  2.01681  -3.0673  -9.64228  10.3174
1519  0.630023  -3.78023  -9.95531  10.6675
1520  -2.02245  -2.9054  -9.59624  10.2284
1521  -2.02245  -2.9054  -9.59624  10.2284
1522  -0.531621  -0.0976442  -8.67247  8.6893
1523  -0.531621  -0.0976442  -8.67247  8.6893
1524  -3.05803  -2.86023  -9.80782  10.6642
1525  -3.05803  -2.86023  -9.80782  10.6642
1526  -0.242692  -2.82193  -8.97501  9.41132
1527  -0.595493  -4.4976  -6.79509  8.17045
1528  -0.595493  -4.4976  -6.79509  8.17045
1529  -0.595493  -4.4976  -6.79509  8.17045
1530  1.88284  -3.97268  -6.12271  7.53757
1531  0.892778  -2.08114  -3.63401  4.28185
1532  -0.757766  -0.655733  -3.89522  4.02206
1533  -0.757766  -0.655733  -3.89522  4.02206
1534  1.31749  -0.186131  -5.49732  5.65606
1535  1.31749  -0.186131  -5.49732  5.65606
1536  1.31749  -0.186131  -5.49732  5.65606
1537  3.68883  -2.63956  -6.93047  8.28288
1538  5.55924  -0.564451  -4.28876  7.04394
1539  2.96468  1.23616  -1.56912  3.57485
1540  2.46411  -0.739758  -2.88316  3.86415
1541  2.46411  -0.739758  -2.88316  3.86415
1542  2.46411  -0.739758  -2.88316  3.86415
1543  2.46411  -0.739758  -2.88316  3.86415
1544  2.46411  -0.739758  -2.88316  3.86415
1545  2.46411  -0.739758  -2.88316  3.86415
1546  2.31406  -0.238033  -4.49491  5.0612
1547  2.31406  -0.238033  -4.49491  5.0612
1548  2.31406  -0.238033  -4.49491  5.0612
1549  1.92757  -1.28224  -4.75584  5.28939
1550  3.00289  0.508584  -4.60017  5.51703
1551  3.00289  0.508584  -4.60017  5.51703
1552  0.47883  -1.62531  -7.41395  7.6051
1553  -1.20954  0.105022  -6.0159  6.13718
1554  0.833091  0.806903  -4.57558  4.72029
1555  0.833091  0.806903  -4.57558  4.72029
1556  0.833091  0.806903  -4.57558  4.72029
1557  0.833091  0.806903  -4.57558  4.72029
1558  -1.7688  -1.95938  -1.98301  3.30154
1559  -1.7688  -1.95938  -1.98301  3.30154
1560  -1.02529  -1.87312  0.575375  2.21153
1561  -2.09108  0.53721  2.64936  3.41764
1562  -1.19148  -0.20898  1.21526  1.71469
1563  -1.45612  -0.105247  3.60562  3.88997
1564  -1.45612  -0.105247  3.60562  3.88997
1565  -1.45612  -0.105247  3.60562  3.88997
1566  0.4863  0.955488  4.71372  4.83411
1567  0.0934652  1.03734  3.21461  3.37913
1568  -0.859263  -1.61827  4.4806  4.84076
1569  -0.859263  -1.61827  4.4806  4.84076
1570  -0.859263  -1.61827  4.4806  4.84076
1571  -0.859263  -1.61827  4.4806  4.84076
1572  -0.859263  -1.61827  4.4806  4.84076
1573  -0.859263  -1.61827  4.4806  4.84076
1574  0.993789  -4.25509  3.54297  5.62548
1575  0.993789  -4.25509  3.54297  5.62548
1576  0.993789  -4.25509  3.54297  5.62548
1577  -0.119841  -3.71387  1.82856  4.14136
1578  -0.119841  -3.71387  1.82856  4.14136
1579  -0.79626  -2.34862  1.99188  3.18082
1580  -0.79626  -2.34862  1.99188  3.18082
1581  -0.79626  -2.34862  1.99188  3.18082
1582  -0.79626  -2.34862  1.99188  3.18082
1583  -0.79626  -2.34862  1.99188  3.18082
1584  -0.79626  -2.34862  1.99188  3.18082
1585  0.804317  -0.184051  4.10609  4.18818
1586  0.804317  -0.184051  4.10609  4.18818
1587  0.804317  -0.184051  4.10609  4.18818
1588  0.804317  -0.184051  4.10609  4.18818
1589  1.11964  -0.567827  2.82049  3.08726
1590  1.11964  -0.567827  2.82049  3.08726
1591  1.13741  -1.09574  4.14764  4.43816
1592  1.13741  -1.09574  4.14764  4.43816
1593  1.13741  -1.09574  4.14764  4.43816
1594  -0.22612  1.63616  4.32613  4.63072
1595  -2.40584  -0.810501  4.93861  5.55292
1596  -3.56675  0.174579  6.24775  7.19629
1597  -3.98524  0.600739  3.5399  5.36413
1598  -3.22837  3.36535  3.42921  5.78856
1599  -3.85973  4.66107  3.97854  7.24236
1600  -1.90102  3.50782  1.95809  4.44441
1601  -1.90102  3.50782  1.95809  4.44441
1602  -1.90102  3.50782  1.95809  4.44441
1603  -1.90102  3.50782  1.95809  4.44441
1604  -1.90102  3.50782  1.95809  4.44441
1605  -1.90102  3.50782  1.95809  4.44441
1606  -1.90102  3.50782  1.95809  4.44441
1607  -1.90102  3.50782  1.95809  4.44441
1608  -1.90102  3.50782  1.95809  4.44441
1609  -0.918179  2.69051  1.38806  3.16364
1610  -0.535778  1.07433  -0.757164  1.41935
1611  -0.535778  1.07433  -0.757164  1.41935
1612  1.50646  0.592152  -2.78042  3.21727
1613  -1.36545  1.48367  -1.70712  2.64197
1614  -0.249958  0.0313742  -2.26833  2.28228
1615  -0.249958  0.0313742  -2.26833  2.28228
1616  -0.249958  0.0313742  -2.26833  2.28228
1617  -0.249958  0.0313742  -2.26833  2.28228
1618  -0.249958  0.0313742  -2.26833  2.28228
1619  -0.249958  0.0313742  -2.26833  2.28228
1620  -0.249958  0.0313742  -2.26833  2.28228
1621  -0.249958  0.0313742  -2.26833  2.28228
1622  -0.249958  0.0313742  -2.26833  2.28228
1623  -0.249958  0.0313742  -2.26833  2.28228
1624  -0.44952  2.23802  -4.19145  4.77274
1625  -1.11915  4.85393  -2.01223  5.37236
1626  -1.11915  4.85393  -2.01223  5.37236
1627  1.5548  2.72394  -1.97184  3.70478
1628  1.60806  3.55576  -3.15926  5.02098
1629  1.60806  3.55576  -3.15926  5.02098
1630  1.60806  3.55576  -3.15926  5.02098
1631  1.60806  3.55576  -3.15926  5.02098
1632  1.22233  1.58232  -5.47068  5.82462
1633  1.22233  1.58232  -5.47068  5.82462
1634  1.22233  1.58232  -5.47068  5.82462
1635  0.260963  -0.533401  -6.19792  6.2263
1636  -2.63341  1.2491  -5.67822  6.38257
1637  -5.44268  0.613176  -5.55386  7.80027
1638  -3.76354  1.8544  -4.91039  6.45871
1639  -4.6682  3.31247  -7.75634  9.63978
1640  -3.6016  5.74152  -6.69034  9.52351
1641  -3.6016  5.74152  -6.69034  9.52351
1642  -3.6016  5.74152  -6.69034  9.52351
1643  -3.33469  5.83116  -5.90283  8.94238
1644  -3.05502  3.168  -7.94551  9.08298
1645  -2.95576  1.75442  -7.01942  7.8158
1646  -4.59251  0.418994  -4.66128  6.557
1647  -3.15983  0.982234  -4.51745  5.5997
1648  -3.15983  0.982234  -4.51745  5.5997
1649  -3.09154  3.37392  -2.85725  5.39489
1650  -3.09154  3.37392  -2.85725  5.39489
1651  -0.161424  5.97703  -3.01382  6.69583
1652  2.4067  3.82541  -5.5976  7.19438
1653  2.4067  3.82541  -5.5976  7.19438
1654  3.62473  1.17603  -4.2726  5.72511
1655  2.21556  2.85273  -3.08385  4.74941
1656  2.21556  2.85273  -3.08385  4.74941
1657  2.21556  2.85273  -3.08385  4.74941
1658  2.21556  2.85273  -3.08385  4.74941
1659  2.21556  2.85273  -3.08385  4.74941
1660  2.21556  2.85273  -3.08385  4.74941
1661  -0.58376  1.56893  -1.18515  2.05107
1662  1.26532  2.12284  -1.88884  3.11049
1663  3.06368  0.696608  -2.22801  3.85167
1664  3.06368  0.696608  -2.22801  3.85167
1665  2.31522  0.583556  -1.49414  2.8166
1666  3.49337  1.69913  -2.19944  4.4641
1667  3.49337  1.69913  -2.19944  4.4641
1668  3.49337  1.69913  -2.19944  4.4641
1669  5.38856  0.297755  -1.3009  5.55136
1670  5.38856  0.297755  -1.3009  5.55136
1671  2.54487  -2.13238  1.43067  3.61527
1672  2.54487  -2.13238  1.43067  3.61527
1673  3.63571  -1.38069  2.20085  4.46861
1674  2.5094  1.27408  0.954463  2.97176
1675  0.295185  3.88702  1.95015  4.3588
1676  0.295185  3.88702  1.95015  4.3588
1677  0.295185  3.88702  1.95015  4.3588
1678  -1.2667  5.34471  3.26373  6.38924
1679  -1.2667  5.34471  3.26373  6.38924
1680  -1.2667  5.34471  3.26373  6.38924
1681  -1.2667  5.34471  3.26373  6.38924
1682  -1.2667  5.34471  3.26373  6.38924
1683  -2.02704  4.23168  5.28565  7.06782
1684  -2.02704  4.23168  5.28565  7.06782
1685  -2.02704  4.23168  5.28565  7.06782
1686  0.0243272  3.87746  3.10946  4.97032
1687  0.0243272  3.87746  3.10946  4.97032
1688  0.0243272  3.87746  3.10946  4.97032
1689  0.0243272  3.87746  3.10946  4.97032
1690  -0.275255  5.31283  4.17565  6.76299
1691  -0.275255  5.31283  4.17565  6.76299
1692  -0.456212  6.26082  1.87462  6.55135
1693  -0.456212  6.26082  1.87462  6.55135
1694  -1.29926  4.52183  0.277327  4.71296
1695  -4.15704  1.97408  0.339871  4.61449
1696  -4.77695  1.74707  0.69514  5.13369
1697  -4.77695  1.74707  0.69514  5.13369
1698  -4.77695  1.74707  0.69514  5.13369
1699  -4.24662  4.33224  -1.02504  6.15246
1700  -4.24662  4.33224  -1.02504  6.15246
1701  -4.24662  4.33224  -1.02504  6.15246
1702  -4.24662  4.33224  -1.02504  6.15246
1703  -4.24662  4.33224  -1.02504  6.15246
1704  -5.10167  2.14598  -3.55356  6.57724
1705  -5.10167  2.14598  -3.55356  6.57724
1706  -3.74481  -0.305893  -4.24375  5.66803
1707  -3.74481  -0.305893  -4.24375  5.66803
1708  -4.7136  0.189536  -3.16715  5.68197
1709  -4.7136  0.189536  -3.16715  5.68197
1710  -2.30763  -1.60392  -1.07918  3.01037
1711  -2.30763  -1.60392  -1.07918  3.01037
1712  -2.34681  1.27943  -1.46938  3.05017
1713  -1.48878  0.96179  -3.60791  4.01977
1714  -1.48878  0.96179  -3.60791  4.01977
1715  -1.48878  0.96179  -3.60791  4.01977
1716  -1.48878  0.96179  -3.60791  4.01977
1717  -2.48823  -1.5178  -4.44636  5.3165
1718  -2.89527  -1.23277  -3.95482  5.054
1719  -2.89527  -1.23277  -3.95482  5.054
1720  -0.769173  -1.35176  -1.66284  2.27682
1721  -0.769173  -1.35176  -1.66284  2.27682
1722  -0.769173  -1.35176  -1.66284  2.27682
1723  -0.769173  -1.35176  -1.66284  2.27682
1724  0.657481  -0.714904  -1.54746  1.82702
1725  0.289062  0.655558  -3.70458  3.77323
1726  1.19644  0.24476  -3.60821  3.80927
1727  1.19644  0.24476  -3.60821  3.80927
1728  1.19644  0.24476  -3.60821  3.80927
1729  3.07867  2.61771  -4.23299  5.85225
1730  3.07867  2.61771  -4.23299  5.85225
1731  3.07867  2.61771  -4.23299  5.85225
1732  3.07867  2.61771  -4.23299  5.85225
1733  3.07867  2.61771  -4.23299  5.85225
1734  3.07867  2.61771  -4.23299  5.85225
1735  3.07867  2.61771  -4.23299  5.85225
1736  3.07867  2.61771  -4.23299  5.85225
1737  1.94765  3.00548  -4.82058  6.00535
1738  0.424598  4.34202  -4.0819  5.97456
1739  0.424598  4.34202  -4.0819  5.97456
1740  0.424598  4.34202  -4.0819  5.97456
1741  2.41752  3.94883  -4.48806  6.44828
1742  -0.109242  2.85977  -2.31926  3.68364
1743  -0.860136  1.74917  -3.83507  4.302
1744  -0.860136  1.74917  -3.83507  4.302
1745  -2.32394  1.22117  -2.52957  3.64564
1746  -2.32394  1.22117  -2.52957  3.64564
1747  -1.25675  2.73429  -1.51716  3.37009
1748  -1.25675  2.73429  -1.51716  3.37009
1749  -1.25675  2.73429  -1.51716  3.37009
1750  -1.25675  2.73429  -1.51716  3.37009
1751  -1.23998  0.0265244  1.21956  1.73942
1752  -3.22131  -0.577411  1.49869  3.59949
1753  -4.19341  -3.29162  3.65634  6.46438
1754  -2.42825  -3.88959  2.8787  5.41408
1755  -4.26559  -2.01171  3.8093  6.06242
1756  -4.42973  -2.2567  6.32655  8.04614
1757  -2.88169  0.484247  6.94951  7.53886
1758  -2.88169  0.484247  6.94951  7.53886
1759  -1.62023  -1.50084  8.30081  8.5896
1760  -1.62023  -1.50084  8.30081  8.5896
1761  -1.62023  -1.50084  8.30081  8.5896
1762  -1.21794  -1.71389  9.78623  10.0096
1763  -2.7193  -2.56258  12.2929  12.8482
1764  -2.7193  -2.56258  12.2929  12.8482
1765  -2.7193  -2.56258  12.2929  12.8482
1766  -1.29305  0.318162  13.1693  13.2364
1767  -3.25129  -2.40749  11.1983  11.9067
1768  -3.25129  -2.40749  11.1983  11.9067
1769  -3.25129  -2.40749  11.1983  11.9067
1770  -4.57299  -5.16864  9.14466  11.4565
1771  -3.16586  -4.44104  9.47127  10.9293
1772  -3.11003  -4.14491  6.77339  8.52827
1773  -3.58321  -4.43634  4.64533  7.35524
1774  -0.658894  -1.91295  3.1111  3.71113
1775  -0.658894  -1.91295  3.1111  3.71113
1776  -0.658894  -1.91295  3.1111  3.71113
1777  -0.658894  -1.91295  3.1111  3.71113
1778  -0.658894  -1.91295  3.1111  3.71113
1779  -0.658894  -1.91295  3.1111  3.71113
1780  -2.92421  0.474857  4.14951  5.09852
1781  -5.04198  -0.0312013  5.27237  7.29523
1782  -5.04198  -0.0312013  5.27237  7.29523
1783  -6.73687  -0.0383346  4.29524  7.98974
1784  -6.13349  1.95394  4.84833  8.05878
1785  -3.78149  -0.940126  2.53627  4.64931
1786  -3.78149  -0.940126  2.53627  4.64931
1787  -3.41625  1.64711  5.46283  6.65028
1788  -3.41625  1.64711  5.46283  6.65028
1789  -1.37322  2.89492  6.97574  7.67641
1790  -3.25773  5.22107  6.43782  8.90606
1791  -2.14017  4.77581  5.03376  7.26136
1792  -2.14017  4.77581  5.03376  7.26136
1793  -3.02934  5.29038  2.56979  6.61581
1794  -3.02934  5.29038  2.56979  6.61581
1795  -2.52229  2.91948  2.10538  4.39522
1796  -2.52229  2.91948  2.10538  4.39522
1797  -0.55761  4.81295  3.43626  5.93998
1798  2.03293  4.35344  5.14622  7.04052
1799  2.03293  4.35344  5.14622  7.04052
1800  4.34289  5.49669  5.86099  9.13376
1801  1.62178  7.8756  5.4332  9.70438
1802  1.62178  7.8756  5.4332  9.70438
1803  0.404066  6.6311  6.84098  9.53592
1804  0.404066  6.6311  6.84098  9.53592
1805  -1.03484  4.99134  7.66949  9.20898
1806  -2.5757  7.45299  8.57776  11.6516
1807  -0.286929  5.98621  9.84136  11.5226
1808  -0.840874  7.22269  11.5962  13.6874
1809  -0.840874  7.22269  11.5962  13.6874
1810  -0.840874  7.22269  11.5962  13.6874
1811  -0.840874  7.22269  11.5962  13.6874
1812  1.60231  9.59521  11.5258  15.0824
1813  3.09509  10.0064  8.79497  13.677
1814  3.09509  10.0064  8.79497  13.677
1815  5.76357  8.22169  9.21724  13.6298
1816  3.60311  8.66403  7.26297  11.8659
1817  4.16353  8.70867  7.00423  11.9262
1818  2.99479  10.5792  5.70212  12.3856
1819  2.99479  10.5792  5.70212  12.3856
1820  1.20822  7.7264  6.87601  10.4133
1821  3.31111  7.87823  4.58765  9.6993
1822  3.31111  7.87823  4.58765  9.6993
1823  4.00111  7.60743  6.1055  10.5432
1824  4.10805  7.63975  4.26838  9.66752
1825  6.22478  6.08596  4.79061  9.93664
1826  6.22478  6.08596  4.79061  9.93664
1827  6.21526  4.51888  4.61673  8.96459
1828  4.32986  2.40537  5.43307  7.35199
1829  2.27081  0.584872  3.92256  4.57003
1830  1.6513  -2.21931  4.4885  5.27245
1831  1.6513  -2.21931  4.4885  5.27245
1832  -0.832811  -3.53309  7.14114  8.01075
1833  0.612751  -5.12012  5.75701  7.72879
1834  0.612751  -5.12012  5.75701  7.72879
1835  -2.18216  -7.56869  5.36399  9.52991
1836  -3.32873  -6.15507  3.22624  7.70545
1837  -3.32873  -6.15507  3.22624  7.70545
1838  -3.32873  -6.15507  3.22624  7.70545
1839  -2.08544  -6.48408  2.98806  7.4378
1840  -2.08544  -6.48408  2.98806  7.4378
1841  0.405196  -5.2617  0.751934  5.33058
1842  1.2101  -2.54897  -2.01186  3.46543
1843  1.2101  -2.54897  -2.01186  3.46543
1844  -0.1585  -3.90549  -1.62399  4.23265
1845  -1.04975  -4.5763  -1.76256  5.01509
1846  -1.04975  -4.5763  -1.76256  5.01509
1847  -1.04975  -4.5763  -1.76256  5.01509
1848  0.652663  -3.96441  -1.5823  4.31812
1849  0.652663  -3.96441  -1.5823  4.31812
1850  0.652663  -3.96441  -1.5823  4.31812
1851  -0.822337  -3.30865  -3.24672  4.70793
1852  -0.822337  -3.30865  -3.24672  4.70793
1853  -0.822337  -3.30865  -3.24672  4.70793
1854  -2.537  -1.26424  -3.22565  4.29412
1855  -2.537  -1.26424  -3.22565  4.29412
1856  -2.537  -1.26424  -3.22565  4.29412
1857  -2.63597  1.59482  -2.39702  3.90353
1858  -0.60463  1.10927  -3.5317  3.75086
1859  -0.60463  1.10927  -3.5317  3.75086
1860  -0.60463  1.10927  -3.5317  3.75086
1861  -0.60463  1.10927  -3.5317  3.75086
1862  -0.60463  1.10927  -3.5317  3.75086
1863  1.31021  1.10309  -3.96679  4.32075
1864  1.31021  1.10309  -3.96679  4.32075
1865  1.31021  1.10309  -3.96679  4.32075
1866  -0.871772  1.6984  -3.18329  3.71186
1867  -0.111033  2.16746  -3.28178  3.9345
1868  -0.111033  2.16746  -3.28178  3.9345
1869  -0.111033  2.16746  -3.28178  3.9345
1870  -0.111033  2.16746  -3.28178  3.9345
1871  -0.111033  2.16746  -3.28178  3.9345
1872  -0.111033  2.16746  -3.28178  3.9345
1873  -0.111033  2.16746  -3.28178  3.9345
1874  0.297924  0.433796  -4.20837  4.24115
1875  0.297924  0.433796  -4.20837  4.24115
1876  0.297924  0.433796  -4.20837  4.24115
1877  0.297924  0.433796  -4.20837  4.24115
1878  2.15531  -2.09223  -2.29834  3.78221
1879  2.15531  -2.09223  -2.29834  3.78221
1880  2.15531  -2.09223  -2.29834  3.78221
1881  2.15531  -2.09223  -2.29834  3.78221
1882  -0.54563  -1.80418  -0.983993  2.12627
1883  -0.54563  -1.80418  -0.983993  2.12627
1884  -1.75346  0.0461479  1.84895  2.5486
1885  -0.876731  1.9885  1.26438  2.51425
1886  -0.876731  1.9885  1.26438  2.51425
1887  -0.876731  1.9885  1.26438  2.51425
1888  -0.955097  -0.0782037  2.6106  2.78093
1889  1.95978  -1.43062  5.20947  5.74683
1890  4.40291  -0.815554  5.69563  7.24507
1891  4.40291  -0.815554  5.69563  7.24507
1892  4.40291  -0.815554  5.69563  7.24507
1893  1.49851  1.48753  3.01203  3.6784
1894  1.49851  1.48753  3.01203  3.6784
1895  1.49851  1.48753  3.01203  3.6784
1896  1.49851  1.48753  3.01203  3.6784
1897  0.304566  -0.556108  2.82734  2.89757
1898  1.10125  1.75669  1.73757  2.70516
1899  -1.04985  0.0440667  0.630497  1.22542
1900  -1.45525  2.69811  3.53342  4.67788
1901  -2.52299  3.26455  3.53987  5.43631
1902  -3.11746  3.33483  5.5057  7.15209
1903  -0.882162  4.06016  3.31889  5.31772
1904  -0.882162  4.06016  3.31889  5.31772
1905  -1.65405  2.65272  1.00422  3.28348
1906  -1.65405  2.65272  1.00422  3.28348
1907  -1.65405  2.65272  1.00422  3.28348
1908  -0.578812  3.09631  2.24462  3.86788
1909  -1.93029  1.93771  4.41641  5.19474
1910  -1.93029  1.93771  4.41641  5.19474
1911  0.630656  0.685631  2.85251  3.00078
1912  0.630656  0.685631  2.85251  3.00078
1913  -1.97594  1.2224  2.86064  3.68536
1914  -2.47284  0.880186  3.30705  4.22211
1915  -0.405732  0.0900193  0.787601  0.890527
1916  0.798361  -0.136072  1.71142  1.89338
1917  0.798361  -0.136072  1.71142  1.89338
1918  0.798361  -0.136072  1.71142  1.89338
1919  0.798361  -0.136072  1.71142  1.89338
1920  1.6072  -1.5202  -0.784097  2.34711
1921  1.6072  -1.5202  -0.784097  2.34711
1922  0.965264  -0.476862  1.77804  2.07859
1923  0.965264  -0.476862  1.77804  2.07859
1924  -0.135763  1.56935  2.20282  2.70808
1925  -0.135763  1.56935  2.20282  2.70808
1926  2.19097  -0.0106712  3.04377  3.75033
1927  3.73543  2.68065  2.10715  5.05761
1928  3.46207  1.15233  2.10837  4.21415
1929  2.65516  3.67423  2.73168  5.29263
1930  2.65516  3.67423  2.73168  5.29263
1931  3.89643  1.91742  1.13628  4.48885
1932  3.89643  1.91742  1.13628  4.48885
1933  3.89643  1.91742  1.13628  4.48885
1934  1.93378  3.64942  1.36704  4.35046
1935  1.93378  3.64942  1.36704  4.35046
1936  1.93378  3.64942  1.36704  4.35046
1937  1.93378  3.64942  1.36704  4.35046
1938  1.31794  2.20853  3.78607  4.577
1939  1.31794  2.20853  3.78607  4.577
1940  1.58743  3.82056  4.66019  6.23169
1941  0.792971  1.64567  5.52399  5.8182
1942  2.02193  -0.587153  3.64287  4.20755
1943  2.02193  -0.587153  3.64287  4.20755
1944  0.353398  -0.537416  3.10922  3.17505
1945  0.353398  -0.537416  3.10922  3.17505
1946  -1.00447  0.643351  2.02262  2.34816
1947  -1.00447  0.643351  2.02262  2.34816
1948  -1.00447  0.643351  2.02262  2.34816
1949  -3.10247  0.449051  2.41105  3.95476
1950  -3.10247  0.449051  2.41105  3.95476
1951  -3.10247  0.449051  2.41105  3.95476
1952  -3.10247  0.449051  2.41105  3.95476
1953  -1.61143  1.94184  4.24434  4.93779
1954  -2.28784  1.56557  5.1246  5.82638
1955  -2.28784  1.56557  5.1246  5.82638
1956  -2.28784  1.56557  5.1246  5.82638
1957  -4.40903  0.0975642  6.94064  8.22323
1958  -4.47905  -0.886995  4.70388  6.55554
1959  -2.73529  -0.31302  2.70459  3.85935
1960  -1.23057  1.39541  4.08394  4.48777
1961  -1.23057  1.39541  4.08394  4.48777
1962  -1.23057  1.39541  4.08394  4.48777
1963  -1.29158  1.53906  5.52317  5.87727
1964  -3.81096  4.37408  7.01083  9.09987
1965  -4.04372  5.84993  5.87884  9.22682
1966  -4.38598  6.13455  8.13491  11.0926
1967  -7.04189  5.56334  6.95138  11.3517
1968  -4.71475  5.41221  4.62694  8.53987
1969  -2.87785  8.20017  3.08965  9.22338
1970  -0.123281  7.58555  0.520487  7.60439
1971  2.40701  6.25544  0.52827  6.72334
1972  0.542715  7.62576  -1.12313  7.72711
1973  0.542715  7.62576  -1.12313  7.72711
1974  1.4883  9.8052  -3.98515  10.6882
1975  2.27283  7.07723  -6.27169  9.72559
1976  4.45904  4.30627  -3.45006  7.09435
1977  3.28289  5.39495  -4.71899  7.88364
1978  3.28289  5.39495  -4.71899  7.88364
1979  3.28289  5.39495  -4.71899  7.88364
1980  3.28289  5.39495  -4.71899  7.88364
1981  3.28289  5.39495  -4.71899  7.88364
1982  3.28289  5.39495  -4.71899  7.88364
1983  0.918639  8.30316  -3.22148  8.95345
1984  1.14952  10.1722  -5.71072  11.7221
1985  3.77281  8.53142  -6.1256  11.1598
1986  5.0939  5.66523  -6.97742  10.3309
1987  5.0939  5.66523  -6.97742  10.3309
1988  5.0939  5.66523  -6.97742  10.3309
1989  3.39302  4.44768  -7.61208  9.44659
1990  1.91669  2.85994  -9.2005  9.82355
1991  4.83417  3.04254  -9.52859  11.1095
1992  4.83417  3.04254  -9.52859  11.1095
1993  4.80717  1.87589  -8.50627  9.94909
1994  4.80717  1.87589  -8.50627  9.94909
1995  4.03742  3.7546  -6.24999  8.33428
1996  1.73167  3.02243  -7.86175  8.59889
1997  0.326181  1.9816  -6.70861  7.00275
1998  0.326181  1.9816  -6.70861  7.00275
1999  1.96333  1.34353  -8.87282  9.18622
2000  2.63751  -1.21063  -7.70308  8.23162
