0 0  0  5.5  5.5
1  0.463756  -1.48438  3.57351  3.89723
2  0.0198269  -4.3076  4.15653  5.98604
3  -1.00541  -5.76627  3.85218  7.00714
4  -1.00541  -5.76627  3.85218  7.00714
5  -1.00541  -5.76627  3.85218  7.00714
6  -1.00541  -5.76627  3.85218  7.00714
7  -0.39035  -3.45682  3.44645  4.89694
8  -0.39035  -3.45682  3.44645  4.89694
9  3.52603  -0.0344553  4.39776  5.63688
10  4.43758  -0.304742  3.00813  5.36971
11  4.43758  -0.304742  3.00813  5.36971
12  4.43758  -0.304742  3.00813  5.36971
13  4.43758  -0.304742  3.00813  5.36971
14  2.84745  -0.0479387  0.966698  3.00745
15  2.84745  -0.0479387  0.966698  3.00745
16  3.15774  0.0880045  0.699592  3.2355
17  3.15774  0.0880045  0.699592  3.2355
18  0.691155  3.16746  1.29417  3.49075
19  0.691155  3.16746  1.29417  3.49075
20  0.177497  -0.0717047  5.11137  5.11495
21  0.0847324  -1.87012  2.98231  3.52118
22  0.0847324  -1.87012  2.98231  3.52118
23  0.0847324  -1.87012  2.98231  3.52118
24  0.0847324  -1.87012  2.98231  3.52118
25  0.0847324  -1.87012  2.98231  3.52118
26  0.0847324  -1.87012  2.98231  3.52118
27  0.0847324  -1.87012  2.98231  3.52118
28  0.0847324  -1.87012  2.98231  3.52118
29  0.0847324  -1.87012  2.98231  3.52118
30  0.547084  -2.09061  3.11353  3.78999
31  1.00365  -4.30307  1.29792  4.60525
32  3.00951  -4.43458  1.66696  5.61261
33  3.00951  -4.43458  1.66696  5.61261
34  4.1713  -4.81212  1.68632  6.58786
35  4.1713  -4.81212  1.68632  6.58786
36  4.1713  -4.81212  1.68632  6.58786
37  4.1713  -4.81212  1.68632  6.58786
38  2.0784  -5.4205  2.79438  6.44284
39  -0.0335486  -6.47626  2.31737  6.87846
40  -0.0335486  -6.47626  2.31737  6.87846
41  -0.0335486  -6.47626  2.31737  6.87846
42  -0.0335486  -6.47626  2.31737  6.87846
43  -3.24885  -6.61698  2.078  7.65882
44  -0.829464  -3.82353  2.2208  4.49882
45  -2.28998  -3.22961  0.817338  4.04258
46  -0.0890606  -4.61778  2.06898  5.06088
47  -0.0890606  -4.61778  2.06898  5.06088
48  0.392835  -1.74462  3.06866  3.55171
49  0.392835  -1.74462  3.06866  3.55171
50  0.392835  -1.74462  3.06866  3.55171
51  1.72488  -0.358687  3.75592  4.14859
52  1.72488  -0.358687  3.75592  4.14859
53  -0.0206066  -0.967015  4.95682  5.05031
54  -0.0206066  -0.967015  4.95682  5.05031
55  4.28153  1.22702  6.04044  7.50493
56  1.22124  1.06608  4.09383  4.40311
57  1.22124  1.06608  4.09383  4.40311
58  1.55268  3.81039  4.52331  6.11475
59  -1.5207  0.504767  4.33441  4.62108
60  -2.47056  -1.14666  5.0658  5.75159
61  -2.47056  -1.14666  5.0658  5.75159
62  -1.88585  -0.64563  3.08122  3.66977
63  -2.44872  -0.0813148  3.15671  3.99596
64  -2.44872  -0.0813148  3.15671  3.99596
65  -2.44872  -0.0813148  3.15671  3.99596
66  -2.44872  -0.0813148  3.15671  3.99596
67  -4.29293  0.772381  2.73696  5.14944
68  -2.75211  -3.41711  1.24465  4.56069
69  -2.98676  -5.52548  -1.40625  6.43655
70  -2.49313  -7.53163  -4.0321  8.89938
71  -2.49313  -7.53163  -4.0321  8.89938
72  -2.13002  -8.03131  -3.6078  9.05843
73  -2.13002  -8.03131  -3.6078  9.05843
74  -0.866279  -6.54126  -3.08712  7.28483
75  -0.866279  -6.54126  -3.08712  7.28483
76  -0.866279  -6.54126  -3.08712  7.28483
77  -0.866279  -6.54126  -3.08712  7.28483
78  -0.0755939  -6.28725  -1.91453  6.57272
79  -0.458857  -5.11431  0.458385  5.15527
80  2.03728  -4.54168  0.684821  5.02457
81  0.547643  -5.57486  3.04435  6.3755
82  -1.41786  -4.78866  2.76796  5.70992
83  -1.13842  -1.58454  7.28406  7.54084
84  -2.29945  -2.44836  7.55931  8.27195
85  -4.72659  -2.8253  5.31892  7.65597
86  -4.72659  -2.8253  5.31892  7.65597
87  -5.3676  -3.93453  4.9178  8.27505
88  -5.3676  -3.93453  4.9178  8.27505
89  -4.55082  -6.41008  4.84248  9.23302
90  -4.55082  -6.41008  4.84248  9.23302
91  -6.25594  -3.45637  3.17407  7.82036
92  -4.37916  -2.53875  3.92469  6.40512
93  -4.37916  -2.53875  3.92469  6.40512
94  -4.37916  -2.53875  3.92469  6.40512
95  -0.811921  -1.39329  3.21029  3.59256
96  -0.811921  -1.39329  3.21029  3.59256
97  2.62117  1.129  1.21344  3.10123
98  2.62117  1.129  1.21344  3.10123
99  2.62117  1.129  1.21344  3.10123
100  2.62117  1.129  1.21344  3.10123
101  2.62117  1.129  1.21344  3.10123
102  1.86615  1.58505  2.58498  3.56048
103  1.86615  1.58505  2.58498  3.56048
104  2.57721  0.305941  2.83475  3.84336
105  2.57721  0.305941  2.83475  3.84336
106  2.57721  0.305941  2.83475  3.84336
107  2.57721  0.305941  2.83475  3.84336
108  3.77954  -0.335081  2.52438  4.55737
109  1.99605  -2.23976  4.54328  5.44446
110  2.69256  -1.57324  2.17432  3.80166
111  2.69256  -1.57324  2.17432  3.80166
112  2.69256  -1.57324  2.17432  3.80166
113  2.69256  -1.57324  2.17432  3.80166
114  2.69256  -1.57324  2.17432  3.80166
115  2.69256  -1.57324  2.17432  3.80166
116  -0.178885  -1.07874  -0.840768  1.37934
117  -0.178885  -1.07874  -0.840768  1.37934
118  -0.702334  -2.04654  -2.29289  3.15261
119  -0.702334  -2.04654  -2.29289  3.15261
120  -0.19677  0.440332  -1.53998  1.61374
121  -0.19677  0.440332  -1.53998  1.61374
122  -0.19677  0.440332  -1.53998  1.61374
123  -0.19677  0.440332  -1.53998  1.61374
124  -2.07632  -1.97043  -2.95413  4.11347
125  -2.07632  -1.97043  -2.95413  4.11347
126  -2.8976  -1.0029  -1.54919  3.43539
127  -5.9737  -1.75419  -2.98754  6.90562
128  -5.9737  -1.75419  -2.98754  6.90562
129  -5.9737  -1.75419  -2.98754  6.90562
130  -5.70792  -0.691611  -1.94733  6.07049
131  -5.70792  -0.691611  -1.94733  6.07049
132  -2.75518  -2.16083  1.17888  3.69459
133  -0.729002  -2.94977  -3.52833  4.65636
134  -0.729002  -2.94977  -3.52833  4.65636
135  -0.729002  -2.94977  -3.52833  4.65636
136  -0.729002  -2.94977  -3.52833  4.65636
137  -0.729002  -2.94977  -3.52833  4.65636
138  -0.729002  -2.94977  -3.52833  4.65636
139  -0.729002  -2.94977  -3.52833  4.65636
140  0.669673  -4.84868  -7.27547  8.76873
141  0.669673  -4.84868  -7.27547  8.76873
142  -0.888339  -4.96549  -1.24634  5.19602
143  -0.888339  -4.96549  -1.24634  5.19602
144  -0.888339  -4.96549  -1.24634  5.19602
145  0.367177  -3.4151  -0.558005  3.47982
146  0.367177  -3.4151  -0.558005  3.47982
147  0.367177  -3.4151  -0.558005  3.47982
148  1.14439  -1.64129  -0.655361  2.10546
149  1.14439  -1.64129  -0.655361  2.10546
150  1.14439  -1.64129  -0.655361  2.10546
151  1.14439  -1.64129  -0.655361  2.10546
152  4.34837  -1.49498  2.54851  5.25721
153  5.08352  -0.899248  2.53262  5.75022
154  5.08352  -0.899248  2.53262  5.75022
155  3.09569  -2.93849  3.22059  5.34698
156  3.09569  -2.93849  3.22059  5.34698
157  3.64004  0.197715  3.95405  5.37806
158  2.93314  0.488488  5.4591  6.2164
159  1.91172  1.14944  2.3994  3.27613
160  1.91172  1.14944  2.3994  3.27613
161  1.91172  1.14944  2.3994  3.27613
162  1.91172  1.14944  2.3994  3.27613
163  1.91172  1.14944  2.3994  3.27613
164  0.297248  -0.924815  0.710915  1.20376
165  -1.96103  2.13007  -3.3695  4.44256
166  -1.96103  2.13007  -3.3695  4.44256
167  -3.94347  4.90816  -3.88321  7.39732
168  -2.17025  4.77266  1.62785  5.48982
169  0.825193  4.53568  4.84633  6.68881
170  0.825193  4.53568  4.84633  6.68881
171  2.7478  1.2978  1.90368  3.5859
172  2.7478  1.2978  1.90368  3.5859
173  -1.26117  -1.37978  1.44738  2.36416
174  -2.40928  -1.4024  0.775408  2.89355
175  -2.40928  -1.4024  0.775408  2.89355
176  -2.11149  1.94858  -2.47313  3.791
177  -2.11149  1.94858  -2.47313  3.791
178  -2.11149  1.94858  -2.47313  3.791
179  -2.11149  1.94858  -2.47313  3.791
180  -4.35396  3.60851  -4.72573  7.36959
181  -2.50573  1.71057  -1.45292  3.36388
182  0.157877  2.47934  1.50356  2.90391
183  0.157877  2.47934  1.50356  2.90391
184  0.334902  3.51332  2.59196  4.3788
185  0.792942  3.11752  3.857  5.02236
186  1.8539  -2.02278  5.72536  6.34888
187  3.04598  -2.3264  7.83753  8.72451
188  2.75871  -1.86537  8.47833  9.10891
189  2.75871  -1.86537  8.47833  9.10891
190  2.75871  -1.86537  8.47833  9.10891
191  4.71995  -1.56326  7.00162  8.58746
192  1.53136  -0.313891  5.03753  5.2745
193  -1.21667  1.17429  5.71592  5.96078
194  -3.54303  -0.0131394  4.17001  5.47195
195  -3.54303  -0.0131394  4.17001  5.47195
196  -1.59413  1.1294  3.4053  3.92592
197  -1.1418  -1.77843  5.64358  6.02631
198  -1.1418  -1.77843  5.64358  6.02631
199  -3.0025  0.439899  4.64349  5.54712
200  -1.29446  -0.184894  5.16745  5.33032
201  -4.2555  -1.66772  7.0042  8.36357
202  -3.35906  -4.19455  7.25632  9.02949
203  -6.57067  -3.31295  6.95209  10.1233
204  -7.20094  -2.03308  9.03451  11.7307
205  -6.00454  -1.81697  6.12909  8.7705
206  -4.75121  -3.61859  4.25572  7.33344
207  -4.75121  -3.61859  4.25572  7.33344
208  -4.42849  -3.59427  5.99827  8.27705
209  -4.42849  -3.59427  5.99827  8.27705
210  -3.67307  -0.974356  6.99748  7.96276
211  -3.67307  -0.974356  6.99748  7.96276
212  -0.351586  -0.299372  6.34988  6.36665
213  0.116577  1.10228  9.37969  9.44496
214  -1.47096  3.46507  6.61789  7.6136
215  -2.98337  3.03477  5.51563  6.96653
216  -1.30934  4.34221  4.67281  6.51186
217  -1.03021  2.86181  8.06605  8.62046
218  -0.569502  -0.524263  6.86962  6.9131
219  -0.569502  -0.524263  6.86962  6.9131
220  -4.04746  -2.66756  7.99676  9.35125
221  -2.79638  -0.883521  5.6863  6.39799
222  -2.79638  -0.883521  5.6863  6.39799
223  -2.79638  -0.883521  5.6863  6.39799
224  -2.14043  2.36279  4.09327  5.18836
225  -2.14043  2.36279  4.09327  5.18836
226  -2.62151  1.03154  4.30488  5.14475
227  0.945168  0.973663  5.13335  5.30968
228  0.945168  0.973663  5.13335  5.30968
229  0.632897  3.62088  5.77065  6.84191
230  -1.31656  2.47838  3.39235  4.4027
231  -1.31656  2.47838  3.39235  4.4027
232  0.484904  2.55106  4.27056  4.99807
233  0.0252311  1.35033  4.03834  4.25819
234  0.0252311  1.35033  4.03834  4.25819
235  0.0252311  1.35033  4.03834  4.25819
236  -2.62215  -0.792072  3.98252  4.83358
237  -2.77201  -0.222102  3.78812  4.69927
238  -3.65009  0.0711747  4.01817  5.42899
239  -3.65009  0.0711747  4.01817  5.42899
240  -3.65009  0.0711747  4.01817  5.42899
241  -1.83776  -0.547644  0.989845  2.15802
242  -1.83776  -0.547644  0.989845  2.15802
243  0.574671  -0.0704327  1.7409  1.83465
244  0.574671  -0.0704327  1.7409  1.83465
245  0.407787  -0.734183  2.80265  2.92578
246  2.36941  -1.80254  3.65066  4.71069
247  1.34746  -2.35425  3.76865  4.64337
248  -0.827697  -1.14699  4.05255  4.2923
249  -0.827697  -1.14699  4.05255  4.2923
250  -1.29736  -3.6201  6.30455  7.38482
251  -1.29736  -3.6201  6.30455  7.38482
252  0.671348  -4.34752  5.64755  7.15866
253  0.671348  -4.34752  5.64755  7.15866
254  0.671348  -4.34752  5.64755  7.15866
255  -0.107087  -2.54909  3.53487  4.35943
256  -2.86608  -1.20355  3.05438  4.35801
257  -1.87796  -0.537636  3.18994  3.74052
258  -0.743674  -2.15178  3.08741  3.83606
259  -0.743674  -2.15178  3.08741  3.83606
260  -0.743674  -2.15178  3.08741  3.83606
261  -0.743674  -2.15178  3.08741  3.83606
262  -0.743674  -2.15178  3.08741  3.83606
263  -0.743674  -2.15178  3.08741  3.83606
264  0.364227  -0.612332  1.89087  2.02064
265  0.364227  -0.612332  1.89087  2.02064
266  0.364227  -0.612332  1.89087  2.02064
267  0.364227  -0.612332  1.89087  2.02064
268  0.364227  -0.612332  1.89087  2.02064
269  0.364227  -0.612332  1.89087  2.02064
270  0.827979  0.0266957  -1.44028  1.66153
271  -0.68367  -0.801241  -3.37578  3.53628
272  -0.68367  -0.801241  -3.37578  3.53628
273  -0.68367  -0.801241  -3.37578  3.53628
274  -0.68367  -0.801241  -3.37578  3.53628
275  -0.68367  -0.801241  -3.37578  3.53628
276  -0.68367  -0.801241  -3.37578  3.53628
277  1.19915  -0.766147  -4.73732  4.94643
278  1.19915  -0.766147  -4.73732  4.94643
279  1.19915  -0.766147  -4.73732  4.94643
280  -2.23961  -1.32325  -2.99596  3.9677
281  -2.23961  -1.32325  -2.99596  3.9677
282  -1.78394  0.696303  -2.72066  3.32705
283  -1.78394  0.696303  -2.72066  3.32705
284  -1.78394  0.696303  -2.72066  3.32705
285  -1.78394  0.696303  -2.72066  3.32705
286  -1.17238  1.3091  -3.50362  3.91964
287  -1.17238  1.3091  -3.50362  3.91964
288  -1.17238  1.3091  -3.50362  3.91964
289  -1.17238  1.3091  -3.50362  3.91964
290  -1.17238  1.3091  -3.50362  3.91964
291  -1.17238  1.3091  -3.50362  3.91964
292  -1.31841  2.11103  -3.7413  4.49355
293  -1.31841  2.11103  -3.7413  4.49355
294  -1.31841  2.11103  -3.7413  4.49355
295  -1.31841  2.11103  -3.7413  4.49355
296  0.347454  1.66301  -2.60137  3.107
297  0.347454  1.66301  -2.60137  3.107
298  0.347454  1.66301  -2.60137  3.107
299  -0.88269  2.75642  -3.04609  4.20187
300  -0.88269  2.75642  -3.04609  4.20187
301  -0.88269  2.75642  -3.04609  4.20187
302  -0.588923  2.43308  -3.61142  4.39421
303  1.32262  0.364694  -3.10676  3.39622
304  1.35974  -1.81451  -2.18146  3.14644
305  1.35974  -1.81451  -2.18146  3.14644
306  4.01852  -0.785  1.26423  4.28521
307  5.31369  0.634403  2.94978  6.11056
308  3.95571  3.09916  -0.844867  5.09571
309  3.95571  3.09916  -0.844867  5.09571
310  1.2594  5.29535  -1.88904  5.76153
311  -0.351441  4.82739  -2.27695  5.34899
312  -0.351441  4.82739  -2.27695  5.34899
313  -0.351441  4.82739  -2.27695  5.34899
314  -3.03846  5.4575  -4.36822  7.6222
315  -3.03846  5.4575  -4.36822  7.6222
316  -3.93228  4.0461  -4.92942  7.49219
317  -4.08671  2.86166  -2.65048  5.64937
318  -4.08671  2.86166  -2.65048  5.64937
319  -4.08671  2.86166  -2.65048  5.64937
320  -4.08671  2.86166  -2.65048  5.64937
321  -4.11101  2.78563  -6.21963  7.95889
322  -4.1795  2.17363  -7.80645  9.11776
323  -4.1795  2.17363  -7.80645  9.11776
324  -4.1795  2.17363  -7.80645  9.11776
325  -3.3334  1.07848  -6.67105  7.53509
326  -3.6037  2.23223  -5.72615  7.12449
327  -2.49835  0.788503  -5.32244  5.93227
328  -0.744478  1.95921  -6.74955  7.06747
329  -0.744478  1.95921  -6.74955  7.06747
330  -1.07266  0.634219  -5.04079  5.19253
331  1.16578  0.560505  -5.18715  5.346
332  -0.390251  2.19783  -2.57797  3.41009
333  -1.92805  1.43585  -1.01206  2.60831
334  -1.92805  1.43585  -1.01206  2.60831
335  -1.92805  1.43585  -1.01206  2.60831
336  -1.92805  1.43585  -1.01206  2.60831
337  -1.92805  1.43585  -1.01206  2.60831
338  -1.92805  1.43585  -1.01206  2.60831
339  -4.19451  -0.896596  -2.10093  4.77616
340  -4.19451  -0.896596  -2.10093  4.77616
341  -4.19451  -0.896596  -2.10093  4.77616
342  -1.44316  -4.3766  -5.13595  6.90038
343  -1.44316  -4.3766  -5.13595  6.90038
344  0.354671  -2.63685  -4.94377  5.61423
345  0.354671  -2.63685  -4.94377  5.61423
346  -0.91619  -2.26095  -3.70063  4.43238
347  -1.37264  -0.962153  -5.85762  6.09275
348  -1.37264  -0.962153  -5.85762  6.09275
349  -2.03671  0.440837  -3.84145  4.37027
350  -2.03671  0.440837  -3.84145  4.37027
351  -1.3831  -0.921112  -4.06283  4.38953
352  -0.739125  -0.977153  -1.26146  1.75853
353  -0.739125  -0.977153  -1.26146  1.75853
354  -0.739125  -0.977153  -1.26146  1.75853
355  -0.739125  -0.977153  -1.26146  1.75853
356  -2.56599  2.93559  -1.47668  4.16924
357  -2.56599  2.93559  -1.47668  4.16924
358  -3.34028  2.68271  -4.43351  6.16526
359  -3.34028  2.68271  -4.43351  6.16526
360  -2.30612  0.0796789  -5.939  6.37152
361  -3.32352  -0.411902  -4.8218  5.87071
362  -0.741946  -2.20794  -6.14033  6.56727
363  1.28895  -2.1478  -5.16401  5.73946
364  0.980905  -1.19397  -3.91566  4.20953
365  0.980905  -1.19397  -3.91566  4.20953
366  0.980905  -1.19397  -3.91566  4.20953
367  0.00218067  -2.81735  -1.85949  3.37567
368  0.00218067  -2.81735  -1.85949  3.37567
369  -2.53259  -3.07553  -6.24717  7.40946
370  -2.53259  -3.07553  -6.24717  7.40946
371  -1.83231  -2.02815  -8.67267  9.09318
372  -5.55802  -2.16201  -8.47538  10.3633
373  -6.18419  -1.7768  -7.65418  9.99939
374  -6.18419  -1.7768  -7.65418  9.99939
375  -4.78011  1.51774  -6.76608  8.42216
376  -4.78011  1.51774  -6.76608  8.42216
377  -3.77963  1.07128  -6.9636  7.99531
378  0.107057  1.05089  -5.38686  5.48945
379  -2.33993  -0.407797  -5.51929  6.00867
380  -2.33993  -0.407797  -5.51929  6.00867
381  -1.27889  -3.33058  -3.27587  4.84352
382  -1.27889  -3.33058  -3.27587  4.84352
383  -1.9302  -0.0383658  -5.12133  5.47313
384  -1.9302  -0.0383658  -5.12133  5.47313
385  -2.48864  -0.480486  -2.97031  3.90473
386  -2.48864  -0.480486  -2.97031  3.90473
387  -2.48864  -0.480486  -2.97031  3.90473
388  -2.48864  -0.480486  -2.97031  3.90473
389  -3.62599  0.162119  -3.59886  5.11135
390  0.238581  0.194011  -5.27644  5.28539
391  0.238581  0.194011  -5.27644  5.28539
392  -0.0957075  -0.0183298  -5.40097  5.40185
393  -0.027593  0.548684  -3.94303  3.98112
394  -0.027593  0.548684  -3.94303  3.98112
395  1.32629  0.176975  -1.53896  2.0393
396  1.32629  0.176975  -1.53896  2.0393
397  1.32629  0.176975  -1.53896  2.0393
398  -0.744135  1.05698  1.18762  1.75539
399  -3.14705  -0.336957  1.79021  3.63625
400  -3.14705  -0.336957  1.79021  3.63625
401  -0.756068  -3.32517  -0.523462  3.44998
402  -0.355818  -2.73335  2.39112  3.64901
403  2.62717  -0.605653  2.31108  3.55105
404  1.41665  -0.9644  3.33559  3.75008
405  1.41665  -0.9644  3.33559  3.75008
406  -0.843094  1.06257  3.69948  3.94031
407  -0.843094  1.06257  3.69948  3.94031
408  0.01812  1.13606  2.91025  3.12418
409  0.01812  1.13606  2.91025  3.12418
410  0.264513  0.370589  2.44122  2.48331
411  0.264513  0.370589  2.44122  2.48331
412  1.5946  -1.04789  4.22016  4.63148
413  -0.406051  -1.57129  3.32632  3.70111
414  1.73545  -1.02803  1.82101  2.71748
415  -0.449667  0.215743  1.92463  1.9882
416  -0.449667  0.215743  1.92463  1.9882
417  -0.570188  0.137995  2.31174  2.38502
418  -0.570188  0.137995  2.31174  2.38502
419  -0.570188  0.137995  2.31174  2.38502
420  -0.570188  0.137995  2.31174  2.38502
421  -0.570188  0.137995  2.31174  2.38502
422  -0.609452  -0.731215  1.20501  1.53563
423  -0.609452  -0.731215  1.20501  1.53563
424  -0.609452  -0.731215  1.20501  1.53563
425  -2.13556  -2.6227  3.01169  4.52874
426  -2.13556  -2.6227  3.01169  4.52874
427  -0.932862  1.79436  -1.61959  2.59095
428  -1.14378  4.20366  -1.43547  4.58689
429  2.33396  3.87403  1.52513  4.77299
430  0.430505  4.74652  2.27089  5.27937
431  2.02182  5.19828  3.24318  6.45198
432  2.02182  5.19828  3.24318  6.45198
433  2.02182  5.19828  3.24318  6.45198
434  2.02182  5.19828  3.24318  6.45198
435  2.02182  5.19828  3.24318  6.45198
436  2.02182  5.19828  3.24318  6.45198
437  0.871981  5.67661  3.8348  6.90579
438  4.5605  2.52816  3.50985  6.28561
439  4.5605  2.52816  3.50985  6.28561
440  2.03757  1.69089  -0.187719  2.65443
441  2.61241  3.50209  0.986275  4.47907
442  0.883061  3.76707  1.70149  4.22678
443  0.883061  3.76707  1.70149  4.22678
444  -0.571849  4.32556  3.20675  5.41486
445  2.09865  2.22991  3.98447  5.02522
446  3.43697  2.68852  3.15957  5.38737
447  3.43697  2.68852  3.15957  5.38737
448  3.43697  2.68852  3.15957  5.38737
449  3.43697  2.68852  3.15957  5.38737
450  5.57557  2.00539  2.62731  6.48162
451  5.57557  2.00539  2.62731  6.48162
452  5.12751  0.972311  2.32263  5.71239
453  5.12751  0.972311  2.32263  5.71239
454  2.12111  -1.46326  1.70077  3.08753
455  2.12111  -1.46326  1.70077  3.08753
456  2.12111  -1.46326  1.70077  3.08753
457  2.36166  -3.87549  5.24747  6.93778
458  2.36166  -3.87549  5.24747  6.93778
459  2.03099  -4.9691  4.67711  7.11985
460  5.21331  0.0387954  3.27153  6.15492
461  5.21331  0.0387954  3.27153  6.15492
462  1.46045  0.112021  3.25402  3.56849
463  1.46045  0.112021  3.25402  3.56849
464  1.46045  0.112021  3.25402  3.56849
465  1.46045  0.112021  3.25402  3.56849
466  0.891625  0.0222247  1.30248  1.57859
467  0.891625  0.0222247  1.30248  1.57859
468  0.891625  0.0222247  1.30248  1.57859
469  0.891625  0.0222247  1.30248  1.57859
470  0.891625  0.0222247  1.30248  1.57859
471  0.891625  0.0222247  1.30248  1.57859
472  0.891625  0.0222247  1.30248  1.57859
473  0.891625  0.0222247  1.30248  1.57859
474  0.891625  0.0222247  1.30248  1.57859
475  3.15997  2.75617  2.63738  4.95355
476  3.15997  2.75617  2.63738  4.95355
477  4.95578  3.92697  3.33969  7.15083
478  4.95578  3.92697  3.33969  7.15083
479  4.95578  3.92697  3.33969  7.15083
480  5.49925  3.77604  4.7197  8.17164
481  5.49925  3.77604  4.7197  8.17164
482  5.49925  3.77604  4.7197  8.17164
483  4.41872  5.14968  6.76679  9.58299
484  4.46787  3.51387  8.35105  10.1019
485  4.46787  3.51387  8.35105  10.1019
486  4.12785  4.58289  5.98132  8.59175
487  4.12785  4.58289  5.98132  8.59175
488  4.12785  4.58289  5.98132  8.59175
489  3.97556  4.64738  5.97713  8.55156
490  4.27324  4.35402  5.54278  8.2426
491  4.23298  2.21023  3.83763  6.12622
492  3.28883  2.92362  4.43737  6.24934
493  0.339572  4.63753  6.56778  8.04722
494  -0.268163  2.12553  7.35657  7.66217
495  -0.268163  2.12553  7.35657  7.66217
496  -0.268163  2.12553  7.35657  7.66217
497  -0.268163  2.12553  7.35657  7.66217
498  -0.0603131  1.54462  5.19741  5.42241
499  -0.409794  -0.458334  5.25963  5.29544
500  -1.68288  -0.586499  5.85023  6.11566
501  -3.17153  -2.62811  5.79589  7.11041
502  -1.88826  -0.942651  3.37062  3.97683
503  -1.49508  1.06459  2.60755  3.18872
504  -1.49508  1.06459  2.60755  3.18872
505  -0.437039  3.68844  2.16617  4.29975
506  -0.148327  0.126812  2.78922  2.79604
507  0.32794  1.60358  4.11124  4.42508
508  0.381842  0.790611  3.39822  3.50981
509  0.381842  0.790611  3.39822  3.50981
510  -0.179558  4.39676  1.47019  4.63953
511  -1.52953  1.51204  -0.470518  2.20162
512  -1.52953  1.51204  -0.470518  2.20162
513  -2.39297  1.92301  2.09004  3.71383
514  -0.909912  -0.489335  3.09367  3.26162
515  -0.909912  -0.489335  3.09367  3.26162
516  -0.909912  -0.489335  3.09367  3.26162
517  -0.909912  -0.489335  3.09367  3.26162
518  -0.909912  -0.489335  3.09367  3.26162
519  -0.909912  -0.489335  3.09367  3.26162
520  -0.909912  -0.489335  3.09367  3.26162
521  0.856422  -0.796564  2.05632  2.36568
522  0.856422  -0.796564  2.05632  2.36568
523  0.856422  -0.796564  2.05632  2.36568
524  0.856422  -0.796564  2.05632  2.36568
525  1.33257  -0.462547  3.01453  3.32823
526  -0.570547  1.92143  1.15025  2.31095
527  -0.570547  1.92143  1.15025  2.31095
528  -0.865955  0.70711  2.77806  2.99458
529  1.57811  1.38106  3.76097  4.30611
530  1.43739  1.25787  5.38381  5.71259
531  -1.91868  1.0917  6.73199  7.08469
532  0.128901  0.622397  5.06963  5.10932
533  -0.0924141  1.46582  3.14414  3.47028
534  0.464063  1.46054  1.78462  2.35231
535  0.5587  0.420074  -2.50044  2.59631
536  1.41371  2.40827  2.87666  4.00918
537  0.127553  -0.220131  4.63642  4.6434
538  0.127553  -0.220131  4.63642  4.6434
539  0.127553  -0.220131  4.63642  4.6434
540  -0.769678  0.0475288  5.53175  5.58525
541  -0.700244  1.55905  1.34507  2.1749
542  -0.288419  2.20018  2.51271  3.35227
543  -0.149105  1.11295  1.72129  2.05517
544  -0.149105  1.11295  1.72129  2.05517
545  -0.149105  1.11295  1.72129  2.05517
546  4.59239  3.43642  5.22415  7.75827
547  4.59239  3.43642  5.22415  7.75827
548  2.67312  0.908163  5.06936  5.80248
549  2.67312  0.908163  5.06936  5.80248
550  2.67312  0.908163  5.06936  5.80248
551  2.67312  0.908163  5.06936  5.80248
552  2.67312  0.908163  5.06936  5.80248
553  2.67312  0.908163  5.06936  5.80248
554  1.00284  3.09028  4.42452  5.48925
555  0.295029  2.61519  4.41917  5.14347
556  -1.14437  4.54605  6.7772  8.24055
557  -2.3695  3.08373  7.34317  8.30939
558  -1.98892  2.81658  8.15553  8.85447
559  -2.97057  3.08417  7.10847  8.2986
560  -1.92081  3.47512  3.87878  5.55076
561  -0.427293  3.49258  2.58698  4.36728
562  -0.427293  3.49258  2.58698  4.36728
563  -1.01038  3.66643  3.21081  4.97724
564  -1.6269  0.53259  5.52945  5.78837
565  1.71931  0.162939  6.02638  6.26896
566  1.71931  0.162939  6.02638  6.26896
567  0.424125  0.883707  6.17277  6.25011
568  0.424125  0.883707  6.17277  6.25011
569  0.763628  2.32621  5.6152  6.12575
570  0.763628  2.32621  5.6152  6.12575
571  2.64477  1.42714  5.28047  6.07576
572  1.06541  1.55316  5.04412  5.38429
573  1.06541  1.55316  5.04412  5.38429
574  0.135111  -0.332664  2.7889  2.81192
575  -0.741774  -0.0846576  1.45552  1.63583
576  -0.741774  -0.0846576  1.45552  1.63583
577  0.189148  -1.4309  2.10627  2.55335
578  0.189148  -1.4309  2.10627  2.55335
579  0.189148  -1.4309  2.10627  2.55335
580  1.10508  -0.30017  2.51544  2.76383
581  1.10508  -0.30017  2.51544  2.76383
582  -0.238387  -0.93534  1.2766  1.60044
583  -0.238387  -0.93534  1.2766  1.60044
584  -0.238387  -0.93534  1.2766  1.60044
585  -0.238387  -0.93534  1.2766  1.60044
586  -0.238387  -0.93534  1.2766  1.60044
587  0.346069  -0.462785  1.78048  1.87191
588  -2.15756  2.09124  3.57241  4.66802
589  -2.15756  2.09124  3.57241  4.66802
590  -2.15756  2.09124  3.57241  4.66802
591  -1.2965  1.48793  2.15719  2.92375
592  -3.00382  2.34669  3.41641  5.11876
593  -3.00382  2.34669  3.41641  5.11876
594  -3.58902  4.22168  6.81323  8.78201
595  -2.27752  3.92954  7.99117  9.19169
596  -2.27752  3.92954  7.99117  9.19169
597  -0.479868  1.41316  9.19994  9.3202
598  -2.23602  0.42001  9.30559  9.57967
599  -2.23602  0.42001  9.30559  9.57967
600  0.533612  -0.454713  5.41881  5.46398
601  0.533612  -0.454713  5.41881  5.46398
602  0.533612  -0.454713  5.41881  5.46398
603  0.634317  -1.84293  5.4141  5.75423
604  0.536702  -2.18876  4.28308  4.83978
605  -0.465635  -1.28966  3.61017  3.86178
606  -0.465635  -1.28966  3.61017  3.86178
607  -0.465635  -1.28966  3.61017  3.86178
608  -0.465635  -1.28966  3.61017  3.86178
609  -0.81024  -0.358193  1.12711  1.43359
610  0.75914  0.458933  3.05216  3.17846
611  1.95539  3.10721  2.20212  4.28108
612  1.95539  3.10721  2.20212  4.28108
613  1.95539  3.10721  2.20212  4.28108
614  1.95539  3.10721  2.20212  4.28108
615  1.95539  3.10721  2.20212  4.28108
616  1.95539  3.10721  2.20212  4.28108
617  1.76769  2.88955  3.63425  4.96809
618  3.26895  0.886199  5.82247  6.73592
619  3.40037  2.78653  3.43957  5.58192
620  3.40037  2.78653  3.43957  5.58192
621  0.540629  1.76868  1.51554  2.3911
622  0.540629  1.76868  1.51554  2.3911
623  0.540629  1.76868  1.51554  2.3911
624  0.540629  1.76868  1.51554  2.3911
625  1.67626  0.852926  3.6841  4.13641
626  1.67626  0.852926  3.6841  4.13641
627  1.67626  0.852926  3.6841  4.13641
628  2.04276  0.888816  4.25009  4.79855
629  2.04276  0.888816  4.25009  4.79855
630  1.07574  1.47799  4.56278  4.91535
631  0.727567  2.63056  2.09479  3.44054
632  0.727567  2.63056  2.09479  3.44054
633  -1.35719  0.796255  2.06907  2.59943
634  -1.35719  0.796255  2.06907  2.59943
635  1.97889  0.26731  6.50875  6.80818
636  1.86001  -1.00785  5.85199  6.22264
637  1.26463  -1.81567  6.61426  6.97456
638  1.26463  -1.81567  6.61426  6.97456
639  0.785248  -1.40617  5.06636  5.31619
640  0.785248  -1.40617  5.06636  5.31619
641  0.358681  -2.59562  4.71382  5.39314
642  0.358681  -2.59562  4.71382  5.39314
643  -0.96434  -0.884865  3.90558  4.11904
644  -0.96434  -0.884865  3.90558  4.11904
645  -0.96434  -0.884865  3.90558  4.11904
646  -0.473236  -3.07218  5.92974  6.69507
647  -0.473236  -3.07218  5.92974  6.69507
648  1.45972  -2.44244  1.68819  3.30852
649  3.76512  -1.35765  5.27248  6.61955
650  4.33146  -2.88407  4.19035  6.6812
651  4.33146  -2.88407  4.19035  6.6812
652  2.68379  -3.97824  6.89281  8.3988
653  2.68379  -3.97824  6.89281  8.3988
654  2.68379  -3.97824  6.89281  8.3988
655  4.21118  -5.7709  8.16716  10.8508
656  3.13947  -3.70616  9.93795  11.0614
657  3.2122  -1.84687  9.82938  10.5046
658  3.8277  -4.17575  10.2651  11.7243
659  2.12706  -4.96273  9.04155  10.531
660  2.12706  -4.96273  9.04155  10.531
661  2.12706  -4.96273  9.04155  10.531
662  1.99008  -5.28452  8.86719  10.5125
663  6.56771  -3.4036  8.13287  10.9938
664  9.21799  -0.309506  6.66514  11.3794
665  9.21799  -0.309506  6.66514  11.3794
666  4.99804  -1.15291  9.81198  11.0718
667  4.99804  -1.15291  9.81198  11.0718
668  6.30004  -0.144968  10.3935  12.1547
669  6.30004  -0.144968  10.3935  12.1547
670  4.29374  1.06885  9.34774  10.3421
671  3.77474  -1.21803  8.47231  9.3548
672  4.24516  -1.15291  9.63503  10.5917
673  4.24516  -1.15291  9.63503  10.5917
674  3.67559  -2.66595  8.56567  9.69474
675  3.78881  -1.92722  8.80045  9.77329
676  2.8741  -0.53206  7.64024  8.18027
677  3.08894  -3.93866  5.88304  7.7243
678  3.22654  -2.91502  3.62892  5.66365
679  2.99429  -5.14065  4.26526  7.32015
680  2.99429  -5.14065  4.26526  7.32015
681  2.99429  -5.14065  4.26526  7.32015
682  4.20107  -6.45924  6.48445  10.0707
683  4.20107  -6.45924  6.48445  10.0707
684  0.640874  -7.22905  7.49018  10.4294
685  0.640874  -7.22905  7.49018  10.4294
686  0.174686  -9.44683  11.1682  14.6288
687  0.174686  -9.44683  11.1682  14.6288
688  0.441517  -9.48016  11.5664  14.9616
689  0.441517  -9.48016  11.5664  14.9616
690  -0.452431  -10.3956  10.5466  14.8156
691  -0.452431  -10.3956  10.5466  14.8156
692  0.872793  -10.9325  9.54157  14.5369
693  -2.05662  -8.91579  9.14907  12.9393
694  -2.63693  -6.85675  9.32178  11.8686
695  -4.31754  -7.97887  8.51629  12.4431
696  -4.31754  -7.97887  8.51629  12.4431
697  -3.54534  -10.3818  7.53108  13.3067
698  -3.54534  -10.3818  7.53108  13.3067
699  -1.33786  -7.91305  10.8485  13.4943
700  -1.33786  -7.91305  10.8485  13.4943
701  -1.33786  -7.91305  10.8485  13.4943
702  -0.632377  -5.72675  9.94224  11.491
703  -0.632377  -5.72675  9.94224  11.491
704  -1.17155  -4.30115  9.91306  10.8693
705  -1.17155  -4.30115  9.91306  10.8693
706  0.285213  -3.94039  10.1302  10.8733
707  0.285213  -3.94039  10.1302  10.8733
708  0.285213  -3.94039  10.1302  10.8733
709  1.43009  -6.82355  10.2552  12.4006
710  1.96749  -7.22942  6.53141  9.93956
711  5.41415  -5.57275  4.9459  9.21034
712  5.41415  -5.57275  4.9459  9.21034
713  2.25843  -3.91632  4.45572  6.34756
714  2.25843  -3.91632  4.45572  6.34756
715  2.80193  -1.95915  5.63579  6.59176
716  2.80193  -1.95915  5.63579  6.59176
717  2.80193  -1.95915  5.63579  6.59176
718  2.80193  -1.95915  5.63579  6.59176
719  2.80193  -1.95915  5.63579  6.59176
720  2.80193  -1.95915  5.63579  6.59176
721  3.54816  0.573952  6.41505  7.35335
722  1.36457  -0.50726  7.74831  7.88389
723  1.19102  -1.60531  9.6661  9.87062
724  -0.902356  -1.49404  8.91077  9.0801
725  3.03117  0.344971  7.05819  7.68928
726  3.03117  0.344971  7.05819  7.68928
727  2.65665  1.33197  7.6569  8.2134
728  1.40123  0.616459  7.53903  7.69288
729  1.40123  0.616459  7.53903  7.69288
730  -0.577971  1.54102  6.82671  7.0223
731  -0.189176  0.8663  6.50149  6.56168
732  1.5352  0.587159  6.25102  6.4635
733  2.62469  1.29644  5.2193  5.98421
734  2.84604  -0.589821  6.0833  6.74199
735  2.84604  -0.589821  6.0833  6.74199
736  4.03806  -0.141053  4.14377  5.78763
737  4.29963  0.391335  4.76852  6.43263
738  4.29963  0.391335  4.76852  6.43263
739  3.91579  -3.29994  3.92304  6.45083
740  2.27871  -1.40119  2.15247  3.43351
741  -0.379035  -1.43225  3.15629  3.48672
742  -0.379035  -1.43225  3.15629  3.48672
743  -0.379035  -1.43225  3.15629  3.48672
744  -0.379035  -1.43225  3.15629  3.48672
745  -0.34303  -0.226181  3.17143  3.19794
746  -0.34303  -0.226181  3.17143  3.19794
747  -0.603728  -0.758494  2.40133  2.58963
748  -0.603728  -0.758494  2.40133  2.58963
749  -0.603728  -0.758494  2.40133  2.58963
750  -0.603728  -0.758494  2.40133  2.58963
751  -0.603728  -0.758494  2.40133  2.58963
752  -0.603728  -0.758494  2.40133  2.58963
753  -0.603728  -0.758494  2.40133  2.58963
754  -0.603728  -0.758494  2.40133  2.58963
755  -0.603728  -0.758494  2.40133  2.58963
756  -1.33208  -0.68056  3.28378  3.60843
757  0.199746  -1.72978  2.62805  3.15257
758  0.67541  -0.7335  1.8387  2.09166
759  0.67541  -0.7335  1.8387  2.09166
760  0.67541  -0.7335  1.8387  2.09166
761  0.67541  -0.7335  1.8387  2.09166
762  0.67541  -0.7335  1.8387  2.09166
763  0.67541  -0.7335  1.8387  2.09166
764  0.67541  -0.7335  1.8387  2.09166
765  2.15275  1.12412  0.889257  2.58626
766  0.0574567  3.35687  0.773517  3.44531
767  1.21421  2.09318  2.27931  3.3243
768  1.21421  2.09318  2.27931  3.3243
769  1.21421  2.09318  2.27931  3.3243
770  1.61351  3.31589  1.23812  3.88992
771  1.61351  3.31589  1.23812  3.88992
772  1.61351  3.31589  1.23812  3.88992
773  0.462092  4.36387  2.69279  5.14859
774  -0.92456  2.42724  5.44613  6.03379
775  0.286826  1.60093  3.45063  3.81473
776  1.46078  0.801398  5.48818  5.73552
777  1.46078  0.801398  5.48818  5.73552
778  1.46078  0.801398  5.48818  5.73552
779  1.46078  0.801398  5.48818  5.73552
780  0.95318  -1.48313  4.20042  4.55541
781  0.47658  -1.58675  4.166  4.48335
782  1.20783  -0.843834  3.7234  4.00432
783  -0.253757  -1.73239  3.97622  4.34464
784  -0.253757  -1.73239  3.97622  4.34464
785  -0.0942606  -3.49863  3.888  5.23123
786  -2.79924  -0.267079  4.83181  5.59047
787  -3.88874  -1.76883  5.8738  7.2631
788  -0.0921528  -1.73852  5.78353  6.03988
789  -0.0921528  -1.73852  5.78353  6.03988
790  -0.716191  -1.21241  6.76443  6.90944
791  -0.716191  -1.21241  6.76443  6.90944
792  -0.716191  -1.21241  6.76443  6.90944
793  2.00283  -3.36914  6.03263  7.19409
794  2.00283  -3.36914  6.03263  7.19409
795  2.38958  -1.16516  6.89717  7.39179
796  5.03805  0.234108  6.40714  8.15403
797  5.92367  0.27812  6.52183  8.81485
798  5.92367  0.27812  6.52183  8.81485
799  6.37424  2.66407  6.72006  9.63781
800  5.96668  -0.104999  4.79491  7.65529
801  5.96668  -0.104999  4.79491  7.65529
802  6.38637  1.77865  5.42438  8.56582
803  2.7621  0.949996  7.01514  7.59894
804  2.7621  0.949996  7.01514  7.59894
805  2.80378  -2.3121  5.39201  6.50237
806  2.80378  -2.3121  5.39201  6.50237
807  0.454231  -1.97759  6.59396  6.89909
808  0.28864  -0.977097  4.31497  4.43362
809  0.28864  -0.977097  4.31497  4.43362
810  0.660241  -0.784717  3.41525  3.56589
811  1.62903  0.0670439  6.17333  6.385
812  1.29823  2.61089  4.42499  5.29931
813  1.29823  2.61089  4.42499  5.29931
814  0.96912  3.3109  6.98145  7.78729
815  0.96912  3.3109  6.98145  7.78729
816  -0.272166  5.08325  8.44015  9.85645
817  -0.272166  5.08325  8.44015  9.85645
818  0.0545908  4.95142  7.13439  8.68442
819  -0.68833  4.19972  4.12092  5.92397
820  -0.68833  4.19972  4.12092  5.92397
821  -0.68833  4.19972  4.12092  5.92397
822  -2.11474  3.27908  3.75371  5.41432
823  -4.47892  2.60332  3.39706  6.195
824  -3.22738  -0.55491  1.31014  3.5271
825  -3.61368  -1.85713  3.57496  5.41183
826  -4.66727  -0.867606  5.45149  7.22876
827  -4.66727  -0.867606  5.45149  7.22876
828  -4.66727  -0.867606  5.45149  7.22876
829  -4.66727  -0.867606  5.45149  7.22876
830  -5.04626  -0.431584  6.16308  7.97712
831  -3.87729  -2.07748  5.10449  6.73834
832  -3.87729  -2.07748  5.10449  6.73834
833  -3.39599  -3.34373  3.73425  6.05457
834  -2.94265  -3.84055  3.48554  5.96305
835  -2.94265  -3.84055  3.48554  5.96305
836  -3.23957  -3.46147  6.64242  8.16078
837  -2.50145  -1.5752  5.53657  6.27631
838  -3.23742  -2.25569  4.2493  5.79876
839  -1.29495  -2.60175  5.4121  6.14302
840  -1.29495  -2.60175  5.4121  6.14302
841  -0.796515  -3.0091  4.22534  5.24811
842  0.0764154  -0.19775  4.65146  4.65629
843  -2.22554  -0.26712  2.86179  3.63514
844  -2.22554  -0.26712  2.86179  3.63514
845  -2.46862  0.969346  3.5698  4.44715
846  -2.10493  3.97331  5.47412  7.08406
847  -2.10493  3.97331  5.47412  7.08406
848  -2.10493  3.97331  5.47412  7.08406
849  -3.38793  4.23573  4.20885  6.86541
850  -5.83488  1.41824  -0.455792  6.02204
851  -5.83488  1.41824  -0.455792  6.02204
852  -5.29254  1.92222  3.0397  6.39888
853  -5.29254  1.92222  3.0397  6.39888
854  -4.83938  1.21344  2.20401  5.45433
855  -4.83938  1.21344  2.20401  5.45433
856  -1.56974  1.89322  0.62317  2.53707
857  -1.23444  1.87124  -3.19777  3.90527
858  -1.81787  1.12152  -4.421  4.90996
859  -1.81787  1.12152  -4.421  4.90996
860  -1.81787  1.12152  -4.421  4.90996
861  -0.818072  1.72869  -3.30844  3.82144
862  -2.1905  1.18004  -1.76058  3.04802
863  -2.1905  1.18004  -1.76058  3.04802
864  -0.744248  0.474102  -2.1197  2.29604
865  -0.744248  0.474102  -2.1197  2.29604
866  -3.48222  -0.0429391  -3.14538  4.69267
867  -1.39547  0.54442  -4.27656  4.5313
868  -2.7165  0.275442  -6.00927  6.6005
869  -2.7165  0.275442  -6.00927  6.6005
870  -2.65758  -2.5788  -7.01648  7.93372
871  -4.07451  -1.87363  -5.92898  7.43404
872  -0.851543  0.566187  -7.33547  7.4064
873  -0.410189  -2.54921  -5.73221  6.28689
874  -1.58706  -0.139553  -4.14189  4.43773
875  -1.88035  0.595184  -6.39  6.68745
876  -1.88035  0.595184  -6.39  6.68745
877  -1.88035  0.595184  -6.39  6.68745
878  -1.79681  -4.70521  -4.38768  6.67976
879  -0.515693  -2.61406  -7.11755  7.59992
880  -0.515693  -2.61406  -7.11755  7.59992
881  -0.515693  -2.61406  -7.11755  7.59992
882  -0.515693  -2.61406  -7.11755  7.59992
883  -0.515693  -2.61406  -7.11755  7.59992
884  -0.139297  -1.41649  -5.09552  5.29057
885  -0.139297  -1.41649  -5.09552  5.29057
886  -0.139297  -1.41649  -5.09552  5.29057
887  0.302519  -0.947402  -4.75213  4.85508
888  0.0457526  0.769574  -4.83501  4.89609
889  0.0457526  0.769574  -4.83501  4.89609
890  0.968852  0.719346  -2.63544  2.89857
891  0.968852  0.719346  -2.63544  2.89857
892  0.968852  0.719346  -2.63544  2.89857
893  0.968852  0.719346  -2.63544  2.89857
894  0.968852  0.719346  -2.63544  2.89857
895  0.968852  0.719346  -2.63544  2.89857
896  1.03908  0.528669  -2.76347  2.99932
897  2.14475  2.48093  -3.53359  4.82092
898  0.317465  1.471  -1.33611  2.01242
899  0.317465  1.471  -1.33611  2.01242
900  -0.0120677  2.5666  2.09704  3.31438
901  -0.0120677  2.5666  2.09704  3.31438
902  -0.0120677  2.5666  2.09704  3.31438
903  -0.0120677  2.5666  2.09704  3.31438
904  -0.0120677  2.5666  2.09704  3.31438
905  1.15166  1.74588  0.996997  2.31698
906  1.36233  4.15001  2.97502  5.28481
907  1.36233  4.15001  2.97502  5.28481
908  3.98857  1.82542  2.5819  5.08989
909  3.98857  1.82542  2.5819  5.08989
910  2.31298  1.86671  2.22975  3.71567
911  -0.677376  3.3155  1.36755  3.64988
912  -1.30179  2.77681  0.890329  3.19344
913  -3.08875  2.41861  3.49045  5.25102
914  -4.78678  -0.0802526  4.09087  6.29722
915  -5.71462  2.90601  4.55151  7.86244
916  -2.53252  4.44535  3.62781  6.27183
917  -2.65594  3.36747  3.57145  5.58114
918  -2.65594  3.36747  3.57145  5.58114
919  -2.65594  3.36747  3.57145  5.58114
920  -4.11521  1.21094  4.45839  6.18697
921  -4.11521  1.21094  4.45839  6.18697
922  -3.38855  0.0879665  3.70033  5.01821
923  -3.38855  0.0879665  3.70033  5.01821
924  -1.17968  -1.39213  2.65953  3.22534
925  -1.17968  -1.39213  2.65953  3.22534
926  -1.50556  -0.50661  4.97967  5.2269
927  -1.50556  -0.50661  4.97967  5.2269
928  -1.70589  -2.83687  6.76528  7.53173
929  0.0410628  0.813937  7.93264  7.97439
930  1.93285  -0.20869  2.1269  2.88152
931  1.93285  -0.20869  2.1269  2.88152
932  1.93285  -0.20869  2.1269  2.88152
933  2.96123  -0.207637  4.16297  5.11295
934  0.573632  -0.0497602  2.92475  2.98089
935  0.950577  0.0271548  4.92587  5.01682
936  -0.907872  0.279424  2.63644  2.80235
937  -0.907872  0.279424  2.63644  2.80235
938  -0.907872  0.279424  2.63644  2.80235
939  -0.907872  0.279424  2.63644  2.80235
940  -0.572467  -0.261055  1.83619  1.94099
941  -0.572467  -0.261055  1.83619  1.94099
942  -0.572467  -0.261055  1.83619  1.94099
943  -0.572467  -0.261055  1.83619  1.94099
944  -5.00565  0.612753  2.77276  5.75501
945  -5.00565  0.612753  2.77276  5.75501
946  -5.00565  0.612753  2.77276  5.75501
947  -1.03701  -1.32841  6.72854  6.93637
948  2.48021  -0.810148  5.35451  5.95639
949  2.48021  -0.810148  5.35451  5.95639
950  3.6136  -2.65427  5.65459  7.21648
951  1.92372  -2.48526  4.44357  5.44266
952  0.399863  -3.01472  2.34626  3.84101
953  0.942218  -3.22531  3.16032  4.61281
954  0.942218  -3.22531  3.16032  4.61281
955  0.942218  -3.22531  3.16032  4.61281
956  0.942218  -3.22531  3.16032  4.61281
957  0.942218  -3.22531  3.16032  4.61281
958  0.942218  -3.22531  3.16032  4.61281
959  -0.215191  -3.24339  1.79186  3.71169
960  -0.215191  -3.24339  1.79186  3.71169
961  -0.215191  -3.24339  1.79186  3.71169
962  -1.13701  -2.34141  1.37182  2.94226
963  -1.26438  -1.80151  -2.92851  3.66337
964  -1.26438  -1.80151  -2.92851  3.66337
965  -1.26438  -1.80151  -2.92851  3.66337
966  -1.26438  -1.80151  -2.92851  3.66337
967  -1.26438  -1.80151  -2.92851  3.66337
968  0.0747101  -3.76113  -2.75619  4.6635
969  0.3629  -3.73026  -4.58446  5.92147
970  0.3629  -3.73026  -4.58446  5.92147
971  1.12417  -1.39747  -3.41261  3.8552
972  1.12417  -1.39747  -3.41261  3.8552
973  1.12417  -1.39747  -3.41261  3.8552
974  1.12417  -1.39747  -3.41261  3.8552
975  1.12417  -1.39747  -3.41261  3.8552
976  0.718223  -4.12975  -4.42911  6.09817
977  2.42486  -3.67906  -3.03401  5.34983
978  2.42486  -3.67906  -3.03401  5.34983
979  2.42486  -3.67906  -3.03401  5.34983
980  2.42486  -3.67906  -3.03401  5.34983
981  2.42486  -3.67906  -3.03401  5.34983
982  1.23228  -5.73027  -2.99102  6.58033
983  1.23228  -5.73027  -2.99102  6.58033
984  1.23228  -5.73027  -2.99102  6.58033
985  1.23228  -5.73027  -2.99102  6.58033
986  -1.29899  -3.68299  -3.57389  5.29382
987  -1.29899  -3.68299  -3.57389  5.29382
988  -3.07487  -1.97627  -6.76696  7.69105
989  -3.07487  -1.97627  -6.76696  7.69105
990  -3.07487  -1.97627  -6.76696  7.69105
991  -3.07487  -1.97627  -6.76696  7.69105
992  -2.554  1.29895  -6.79266  7.37228
993  -2.554  1.29895  -6.79266  7.37228
994  -1.66071  0.692857  -3.60015  4.02481
995  -4.61755  -2.58733  -3.69755  6.45662
996  -3.50722  -5.33573  -3.61813  7.33904
997  -3.50722  -5.33573  -3.61813  7.33904
998  -3.50722  -5.33573  -3.61813  7.33904
999  -1.09524  -5.11684  -3.59112  6.34648
1000  -1.09524  -5.11684  -3.59112  6.34648
1001  1.05932  -2.42798  -4.48719  5.21077
1002  0.366964  -2.07526  -3.98122  4.50461
1003  0.366964  -2.07526  -3.98122  4.50461
1004  2.23995  -1.95768  -7.82888  8.37503
1005  1.07055  -0.816085  -6.27189  6.41472
1006  0.795193  2.00153  -5.61162  6.01072
1007  -1.67377  -0.372764  -4.14234  4.48324
1008  -0.0967538  -0.422156  -3.33586  3.36386
1009  -0.0967538  -0.422156  -3.33586  3.36386
1010  1.21973  -0.160798  -2.69679  2.96417
1011  1.21973  -0.160798  -2.69679  2.96417
1012  1.21973  -0.160798  -2.69679  2.96417
1013  -0.912789  -0.0643256  -4.5633  4.65414
1014  1.64866  0.232323  -3.28373  3.6817
1015  1.21981  -0.415556  -4.51636  4.69661
1016  1.38598  0.372334  -3.99337  4.24341
1017  1.41017  -0.840517  -3.22213  3.61624
1018  1.72805  -1.54502  -4.00465  4.62715
1019  -0.296779  -2.84189  -4.17617  5.06012
1020  -3.27945  0.0322169  -3.99175  5.16623
1021  -3.27945  0.0322169  -3.99175  5.16623
1022  -0.66227  0.249126  -2.73491  2.82496
1023  -0.66227  0.249126  -2.73491  2.82496
1024  -0.801342  -0.244327  1.76329  1.95219
1025  -0.801342  -0.244327  1.76329  1.95219
1026  -0.801342  -0.244327  1.76329  1.95219
1027  -0.801342  -0.244327  1.76329  1.95219
1028  -0.302223  -0.121937  1.25258  1.29428
1029  -0.302223  -0.121937  1.25258  1.29428
1030  -0.302223  -0.121937  1.25258  1.29428
1031  -0.178252  0.647915  3.71446  3.77476
1032  -1.01964  0.82499  1.33573  1.87202
1033  -1.01964  0.82499  1.33573  1.87202
1034  -0.575323  0.569785  -1.7004  1.88335
1035  -0.575323  0.569785  -1.7004  1.88335
1036  -0.575323  0.569785  -1.7004  1.88335
1037  -0.575323  0.569785  -1.7004  1.88335
1038  -0.575323  0.569785  -1.7004  1.88335
1039  -0.587334  1.23044  -2.11827  2.51913
1040  -2.37026  1.94659  -2.2194  3.7859
1041  -2.37026  1.94659  -2.2194  3.7859
1042  -2.37026  1.94659  -2.2194  3.7859
1043  -2.37026  1.94659  -2.2194  3.7859
1044  -0.486095  1.20469  -3.5668  3.796
1045  0.264167  -1.27341  -3.17494  3.43098
1046  -0.598481  -1.60777  -3.40824  3.81566
1047  -0.598481  -1.60777  -3.40824  3.81566
1048  -0.723057  -0.098473  -2.04504  2.17133
1049  -0.359429  1.90322  -2.14159  2.88754
1050  0.519526  2.49605  -3.45948  4.29747
1051  0.519526  2.49605  -3.45948  4.29747
1052  0.519526  2.49605  -3.45948  4.29747
1053  3.11701  2.04643  -2.32037  4.39178
1054  2.86684  0.683272  -2.36225  3.77702
1055  4.37435  0.869017  -2.1716  4.96044
1056  4.37435  0.869017  -2.1716  4.96044
1057  4.37435  0.869017  -2.1716  4.96044
1058  4.37435  0.869017  -2.1716  4.96044
1059  3.19877  0.974202  -4.10619  5.29546
1060  -0.447539  1.12368  -3.22062  3.44026
1061  -0.447539  1.12368  -3.22062  3.44026
1062  -0.447539  1.12368  -3.22062  3.44026
1063  -0.447539  1.12368  -3.22062  3.44026
1064  0.705086  -0.0977005  -2.06718  2.1863
1065  -2.80868  -0.0738765  -4.65338  5.43582
1066  0.0475019  -0.680309  -3.15937  3.23213
1067  0.0475019  -0.680309  -3.15937  3.23213
1068  0.0475019  -0.680309  -3.15937  3.23213
1069  -0.62422  0.0307532  -2.13177  2.2215
1070  -0.62422  0.0307532  -2.13177  2.2215
1071  0.01739  0.709426  -3.39529  3.46866
1072  0.01739  0.709426  -3.39529  3.46866
1073  0.01739  0.709426  -3.39529  3.46866
1074  1.66296  -2.23966  -4.75403  5.51201
1075  1.1383  -1.43513  -6.89102  7.13032
1076  0.74552  0.176854  -5.84724  5.89723
1077  0.74552  0.176854  -5.84724  5.89723
1078  0.74552  0.176854  -5.84724  5.89723
1079  0.0259252  1.46929  -2.93397  3.28141
1080  1.41943  2.54334  -5.15713  5.92278
1081  1.41943  2.54334  -5.15713  5.92278
1082  1.41943  2.54334  -5.15713  5.92278
1083  1.41943  2.54334  -5.15713  5.92278
1084  1.41943  2.54334  -5.15713  5.92278
1085  3.51262  1.82154  -4.89842  6.29691
1086  3.51262  1.82154  -4.89842  6.29691
1087  1.59238  -0.0699457  -3.98413  4.29114
1088  1.59238  -0.0699457  -3.98413  4.29114
1089  1.47193  0.166891  -4.89326  5.11257
1090  1.47193  0.166891  -4.89326  5.11257
1091  2.35509  -0.320465  -1.47659  2.79812
1092  2.22378  2.10739  -1.32168  3.33664
1093  1.21376  2.77339  -1.86124  3.55374
1094  -0.401223  0.969898  -1.0057  1.45366
1095  -0.416551  -1.8815  -1.18696  2.26328
1096  -0.416551  -1.8815  -1.18696  2.26328
1097  -0.0181619  -0.975825  -1.43238  1.73329
1098  -0.0181619  -0.975825  -1.43238  1.73329
1099  -0.0181619  -0.975825  -1.43238  1.73329
1100  -0.0181619  -0.975825  -1.43238  1.73329
1101  -0.0181619  -0.975825  -1.43238  1.73329
1102  -0.0181619  -0.975825  -1.43238  1.73329
1103  -0.0181619  -0.975825  -1.43238  1.73329
1104  0.150197  -0.890377  -4.53637  4.62537
1105  0.150197  -0.890377  -4.53637  4.62537
1106  0.150197  -0.890377  -4.53637  4.62537
1107  0.150197  -0.890377  -4.53637  4.62537
1108  1.37477  -0.65939  -2.742  3.13741
1109  1.37477  -0.65939  -2.742  3.13741
1110  0.415517  -0.254604  -2.02695  2.08471
1111  0.415517  -0.254604  -2.02695  2.08471
1112  2.0794  -0.606321  -3.1903  3.8561
1113  2.0794  -0.606321  -3.1903  3.8561
1114  2.0794  -0.606321  -3.1903  3.8561
1115  2.0794  -0.606321  -3.1903  3.8561
1116  2.0794  -0.606321  -3.1903  3.8561
1117  2.0794  -0.606321  -3.1903  3.8561
1118  0.68678  -2.22332  -1.40796  2.71977
1119  0.68678  -2.22332  -1.40796  2.71977
1120  2.04626  -2.13179  -1.72944  3.42384
1121  2.04626  -2.13179  -1.72944  3.42384
1122  2.04626  -2.13179  -1.72944  3.42384
1123  2.04626  -2.13179  -1.72944  3.42384
1124  2.04626  -2.13179  -1.72944  3.42384
1125  -1.8997  -3.0141  1.66462  3.93251
1126  -1.66018  -1.27406  2.41993  3.1993
1127  0.553386  -1.40111  1.09817  1.86422
1128  0.553386  -1.40111  1.09817  1.86422
1129  0.553386  -1.40111  1.09817  1.86422
1130  0.553386  -1.40111  1.09817  1.86422
1131  -1.6322  -0.634044  -2.88598  3.37564
1132  -1.6322  -0.634044  -2.88598  3.37564
1133  1.23766  1.20824  -2.033  2.66921
1134  1.23766  1.20824  -2.033  2.66921
1135  1.23766  1.20824  -2.033  2.66921
1136  1.23766  1.20824  -2.033  2.66921
1137  0.892973  -0.414975  -1.85451  2.09972
1138  0.892973  -0.414975  -1.85451  2.09972
1139  0.892973  -0.414975  -1.85451  2.09972
1140  0.892973  -0.414975  -1.85451  2.09972
1141  0.255912  0.311629  -2.50177  2.53406
1142  0.255912  0.311629  -2.50177  2.53406
1143  0.255912  0.311629  -2.50177  2.53406
1144  0.255912  0.311629  -2.50177  2.53406
1145  2.37851  0.204511  -0.614259  2.46505
1146  2.37851  0.204511  -0.614259  2.46505
1147  2.37851  0.204511  -0.614259  2.46505
1148  1.84906  1.52998  -2.10182  3.19023
1149  1.84906  1.52998  -2.10182  3.19023
1150  1.84906  1.52998  -2.10182  3.19023
1151  1.84906  1.52998  -2.10182  3.19023
1152  3.00956  1.42457  0.99129  3.47412
1153  1.39135  1.35855  2.14534  2.89551
1154  1.39135  1.35855  2.14534  2.89551
1155  1.39135  1.35855  2.14534  2.89551
1156  2.41803  0.132656  2.11838  3.21745
1157  1.51383  -0.17688  2.53081  2.95432
1158  1.05615  2.11813  3.57229  4.28523
1159  1.05615  2.11813  3.57229  4.28523
1160  1.05615  2.11813  3.57229  4.28523
1161  1.05615  2.11813  3.57229  4.28523
1162  1.05615  2.11813  3.57229  4.28523
1163  -2.91478  2.06495  1.87381  4.03374
1164  -4.67382  -0.616197  4.19752  6.31217
1165  -3.73608  0.133394  3.33341  5.00876
1166  -1.04571  -1.97562  4.81932  5.31248
1167  -1.04571  -1.97562  4.81932  5.31248
1168  -0.565814  0.372089  4.57058  4.62048
1169  -0.565814  0.372089  4.57058  4.62048
1170  -0.565814  0.372089  4.57058  4.62048
1171  0.855652  -2.01919  1.48877  2.6506
1172  0.855652  -2.01919  1.48877  2.6506
1173  0.471979  0.789449  2.31059  2.48693
1174  0.471979  0.789449  2.31059  2.48693
1175  0.471979  0.789449  2.31059  2.48693
1176  0.471979  0.789449  2.31059  2.48693
1177  2.82472  -0.944776  4.2026  5.15107
1178  0.252064  -0.831828  5.06305  5.13712
1179  -0.926431  1.12494  4.77983  4.99706
1180  1.79206  -0.294099  3.88693  4.29024
1181  1.79206  -0.294099  3.88693  4.29024
1182  1.79206  -0.294099  3.88693  4.29024
1183  1.77599  0.741454  1.96665  2.75166
1184  1.77599  0.741454  1.96665  2.75166
1185  1.77599  0.741454  1.96665  2.75166
1186  2.031  4.36799  3.93379  6.21925
1187  2.031  4.36799  3.93379  6.21925
1188  2.031  4.36799  3.93379  6.21925
1189  3.25413  5.97547  4.47781  8.14533
1190  4.84171  3.28214  5.32083  7.90733
1191  4.84171  3.28214  5.32083  7.90733
1192  5.05229  1.80821  5.29696  7.5401
1193  6.07462  0.51953  3.36275  6.96269
1194  6.07462  0.51953  3.36275  6.96269
1195  3.98408  0.471946  5.28186  6.63277
1196  3.98408  0.471946  5.28186  6.63277
1197  3.13386  1.9743  4.04603  5.48537
1198  1.40621  1.34681  2.34003  3.04418
1199  1.40621  1.34681  2.34003  3.04418
1200  0.367776  0.444916  -3.17916  3.23114
1201  0.367776  0.444916  -3.17916  3.23114
1202  0.0970874  -0.377396  -4.73055  4.74658
1203  -1.43703  0.610316  -4.55777  4.81776
1204  -2.10132  -1.15754  -4.11892  4.76665
1205  0.0529381  -1.05346  -5.51802  5.61793
1206  -0.582238  -1.30056  -3.75271  4.01414
1207  -0.582238  -1.30056  -3.75271  4.01414
1208  -0.582238  -1.30056  -3.75271  4.01414
1209  -0.582238  -1.30056  -3.75271  4.01414
1210  -0.582238  -1.30056  -3.75271  4.01414
1211  0.273738  -1.5612  -4.27435  4.55876
1212  2.12324  -1.83839  -4.5977  5.38764
1213  0.688365  -0.192006  -5.75021  5.79445
1214  0.688365  -0.192006  -5.75021  5.79445
1215  0.664704  2.20516  -5.76971  6.21241
1216  4.38072  3.70579  -7.45934  9.41091
1217  4.38072  3.70579  -7.45934  9.41091
1218  4.38072  3.70579  -7.45934  9.41091
1219  4.38072  3.70579  -7.45934  9.41091
1220  2.68291  3.97507  -8.01823  9.34297
1221  -0.430996  2.22195  -11.1953  11.4218
1222  0.649319  1.29551  -10.8933  10.9892
1223  0.649319  1.29551  -10.8933  10.9892
1224  -1.63116  0.360008  -9.28196  9.43107
1225  0.635956  -1.54957  -9.20956  9.36065
1226  1.66683  1.77307  -8.20431  8.55762
1227  3.24413  -0.324295  -10.2381  10.7447
1228  3.24413  -0.324295  -10.2381  10.7447
1229  2.72124  -0.973839  -11.2289  11.5949
1230  1.4446  -1.22769  -10.7374  10.9035
1231  2.74966  -0.285275  -11.8218  12.1407
1232  2.74966  -0.285275  -11.8218  12.1407
1233  2.11434  -3.54907  -13.55  14.1657
1234  2.11434  -3.54907  -13.55  14.1657
1235  -0.50865  -2.21889  -11.7341  11.9529
1236  -0.50865  -2.21889  -11.7341  11.9529
1237  -1.15281  -0.41704  -9.07859  9.16099
1238  -1.15281  -0.41704  -9.07859  9.16099
1239  -1.15281  -0.41704  -9.07859  9.16099
1240  -1.15281  -0.41704  -9.07859  9.16099
1241  -4.63184  0.00769227  -5.91636  7.51381
1242  -4.63184  0.00769227  -5.91636  7.51381
1243  -4.63184  0.00769227  -5.91636  7.51381
1244  -5.58494  -2.48539  -5.38237  8.14486
1245  -3.10191  -2.44802  -6.97275  8.01461
1246  -3.36624  -3.28235  -5.89012  7.53651
1247  -3.4887  -3.33173  -2.80703  5.5813
1248  -3.4887  -3.33173  -2.80703  5.5813
1249  -3.4887  -3.33173  -2.80703  5.5813
1250  -2.59502  -4.04921  -3.61374  6.01575
1251  -2.59502  -4.04921  -3.61374  6.01575
1252  -2.91693  -4.7025  -3.72528  6.67081
1253  -1.4365  -5.0739  -4.42246  6.88231
1254  -1.26535  -1.90147  -4.11157  4.70337
1255  -1.48428  -0.66237  -3.79487  4.1283
1256  -2.99894  -2.0362  -2.19986  4.24018
1257  -2.99894  -2.0362  -2.19986  4.24018
1258  -2.99894  -2.0362  -2.19986  4.24018
1259  -2.99894  -2.0362  -2.19986  4.24018
1260  -2.99894  -2.0362  -2.19986  4.24018
1261  -0.494226  -0.371667  -2.19852  2.28384
1262  -0.494226  -0.371667  -2.19852  2.28384
1263  1.67547  1.33991  -2.31515  3.15634
1264  -0.766504  -0.790071  -5.22999  5.34458
1265  -0.311895  -0.276261  -5.67204  5.68732
1266  -0.200717  -1.26972  -6.30495  6.43466
1267  -1.93612  0.472106  -5.6179  5.96089
1268  -1.93612  0.472106  -5.6179  5.96089
1269  -2.34834  1.31896  -6.65775  7.18192
1270  -2.34834  1.31896  -6.65775  7.18192
1271  -2.34834  1.31896  -6.65775  7.18192
1272  -3.19151  0.123778  -6.10027  6.88581
1273  -3.19151  0.123778  -6.10027  6.88581
1274  -3.10334  -2.59192  -4.87796  6.33587
1275  -2.92513  -4.86004  -6.44271  8.58399
1276  -2.5446  -2.2653  -6.33962  7.19704
1277  -2.5446  -2.2653  -6.33962  7.19704
1278  -1.12023  -0.48374  -1.76156  2.1429
1279  -1.12023  -0.48374  -1.76156  2.1429
1280  -1.12023  -0.48374  -1.76156  2.1429
1281  0.404469  0.0932571  2.95866  2.98763
1282  0.404469  0.0932571  2.95866  2.98763
1283  0.404469  0.0932571  2.95866  2.98763
1284  -2.59662  -0.541565  2.72179  3.80051
1285  -0.00831137  0.830454  1.115  1.3903
1286  -2.13612  1.76684  -0.734787  2.86787
1287  -2.13612  1.76684  -0.734787  2.86787
1288  -1.14768  0.579729  -0.643062  1.43763
1289  -1.14768  0.579729  -0.643062  1.43763
1290  -0.885086  1.07919  2.99812  3.30707
1291  -0.885086  1.07919  2.99812  3.30707
1292  -0.885086  1.07919  2.99812  3.30707
1293  -0.885086  1.07919  2.99812  3.30707
1294  -0.692701  0.12338  1.6013  1.74906
1295  -0.692701  0.12338  1.6013  1.74906
1296  -0.984671  0.467577  1.85458  2.1512
1297  -0.984671  0.467577  1.85458  2.1512
1298  -0.984671  0.467577  1.85458  2.1512
1299  -0.984671  0.467577  1.85458  2.1512
1300  -0.984671  0.467577  1.85458  2.1512
1301  -0.984671  0.467577  1.85458  2.1512
1302  -0.984671  0.467577  1.85458  2.1512
1303  -0.984671  0.467577  1.85458  2.1512
1304  -1.59855  3.61635  2.07559  4.46558
1305  -1.59855  3.61635  2.07559  4.46558
1306  -1.9187  -1.62581  -0.93671  2.68367
1307  -0.916072  -3.60311  -2.67954  4.58274
1308  -2.51313  -1.94661  -3.04549  4.40229
1309  -0.510127  1.15059  2.37802  2.69055
1310  -0.510127  1.15059  2.37802  2.69055
1311  -0.510127  1.15059  2.37802  2.69055
1312  -0.510127  1.15059  2.37802  2.69055
1313  -0.510127  1.15059  2.37802  2.69055
1314  -3.70775  -0.23094  3.98938  5.45123
1315  -1.95646  -1.86708  5.67581  6.28717
1316  -1.95646  -1.86708  5.67581  6.28717
1317  -1.95646  -1.86708  5.67581  6.28717
1318  -2.63425  -3.0531  4.76652  6.24343
1319  -2.63425  -3.0531  4.76652  6.24343
1320  -1.22305  -0.802847  6.58698  6.74749
1321  -1.26239  0.276497  10.3526  10.433
1322  -0.376962  1.20027  8.08732  8.18458
1323  -0.376962  1.20027  8.08732  8.18458
1324  1.05282  -1.47796  6.86778  7.10346
1325  1.85947  -3.30543  7.00324  7.96422
1326  1.24486  -1.22825  4.92399  5.22532
1327  1.18932  -0.499169  4.36394  4.55056
1328  -0.294089  -0.861936  4.12034  4.21979
1329  0.520801  -0.295605  1.76206  1.86104
1330  0.520801  -0.295605  1.76206  1.86104
1331  0.520801  -0.295605  1.76206  1.86104
1332  0.520801  -0.295605  1.76206  1.86104
1333  0.520801  -0.295605  1.76206  1.86104
1334  0.520801  -0.295605  1.76206  1.86104
1335  0.520801  -0.295605  1.76206  1.86104
1336  0.520801  -0.295605  1.76206  1.86104
1337  0.236658  1.40433  0.907673  1.6888
1338  0.556197  0.677879  -0.398151  0.963015
1339  2.41401  -0.312634  2.51468  3.49983
1340  0.674576  -0.953113  2.60559  2.85527
1341  0.674576  -0.953113  2.60559  2.85527
1342  0.674576  -0.953113  2.60559  2.85527
1343  0.674576  -0.953113  2.60559  2.85527
1344  0.674576  -0.953113  2.60559  2.85527
1345  3.26117  -0.127871  2.8211  4.31395
1346  4.11808  0.0439299  2.77917  4.96833
1347  1.4544  0.774333  3.73228  4.0798
1348  -0.150843  3.06529  2.14496  3.74428
1349  -0.150843  3.06529  2.14496  3.74428
1350  -2.22877  0.21241  4.02734  4.60782
1351  -0.604035  -1.91853  6.06605  6.39082
1352  -0.604035  -1.91853  6.06605  6.39082
1353  -0.211383  -0.208578  5.63438  5.6422
1354  -0.389759  -3.90001  4.88689  6.26448
1355  0.95926  -4.16275  2.34255  4.87198
1356  -1.44183  -3.46525  1.44978  4.02352
1357  -1.44183  -3.46525  1.44978  4.02352
1358  -0.0538193  -1.87607  4.1208  4.52808
1359  -1.35277  -0.695547  3.18876  3.53298
1360  0.423969  -0.00943192  2.32948  2.36777
1361  0.423969  -0.00943192  2.32948  2.36777
1362  0.32718  1.03195  0.933694  1.4296
1363  0.32718  1.03195  0.933694  1.4296
1364  1.49945  -1.05451  -1.45503  2.3404
1365  -0.0908638  0.983818  -2.17728  2.39096
1366  2.88324  1.07173  -3.57799  4.71844
1367  3.1701  1.90307  -5.85554  6.92521
1368  1.29304  0.582354  -7.23368  7.37138
1369  1.29304  0.582354  -7.23368  7.37138
1370  1.57685  -2.46807  -6.4011  7.03931
1371  1.57685  -2.46807  -6.4011  7.03931
1372  1.57685  -2.46807  -6.4011  7.03931
1373  1.57685  -2.46807  -6.4011  7.03931
1374  1.57685  -2.46807  -6.4011  7.03931
1375  0.8855  -2.29705  -4.05763  4.74604
1376  1.88634  -1.12637  -4.13845  4.68548
1377  2.29235  0.0415318  -1.67344  2.83849
1378  2.29235  0.0415318  -1.67344  2.83849
1379  1.1022  2.27003  -3.82288  4.58064
1380  1.1022  2.27003  -3.82288  4.58064
1381  1.1022  2.27003  -3.82288  4.58064
1382  1.1022  2.27003  -3.82288  4.58064
1383  1.1022  2.27003  -3.82288  4.58064
1384  1.45676  1.5775  -5.75319  6.14084
1385  -0.814023  1.81785  -5.03917  5.41853
1386  -0.814023  1.81785  -5.03917  5.41853
1387  -0.814023  1.81785  -5.03917  5.41853
1388  -0.798576  3.10234  -4.76242  5.73959
1389  -0.798576  3.10234  -4.76242  5.73959
1390  0.693623  2.06627  -2.20354  3.09939
1391  0.693623  2.06627  -2.20354  3.09939
1392  0.693623  2.06627  -2.20354  3.09939
1393  -0.542041  0.0698121  -1.56964  1.66206
1394  -0.169401  0.921432  1.26692  1.5757
1395  -0.169401  0.921432  1.26692  1.5757
1396  0.0212745  1.1966  3.17431  3.39242
1397  0.0212745  1.1966  3.17431  3.39242
1398  0.0212745  1.1966  3.17431  3.39242
1399  0.0212745  1.1966  3.17431  3.39242
1400  0.0212745  1.1966  3.17431  3.39242
1401  0.0212745  1.1966  3.17431  3.39242
1402  -1.07089  0.860438  4.10586  4.32958
1403  -1.07089  0.860438  4.10586  4.32958
1404  -1.07089  0.860438  4.10586  4.32958
1405  -2.53797  -2.19858  3.47091  4.82931
1406  -2.14238  -1.66768  3.57141  4.48619
1407  -2.14238  -1.66768  3.57141  4.48619
1408  -2.14238  -1.66768  3.57141  4.48619
1409  0.370609  -0.311901  1.13059  1.22998
1410  0.370609  -0.311901  1.13059  1.22998
1411  0.370609  -0.311901  1.13059  1.22998
1412  0.370609  -0.311901  1.13059  1.22998
1413  0.370609  -0.311901  1.13059  1.22998
1414  0.370609  -0.311901  1.13059  1.22998
1415  -1.51776  -0.3927  2.11952  2.63632
1416  -1.05294  0.590471  3.14401  3.36781
1417  -1.05294  0.590471  3.14401  3.36781
1418  -1.05294  0.590471  3.14401  3.36781
1419  -1.05294  0.590471  3.14401  3.36781
1420  -0.0329752  2.24656  3.05644  3.79341
1421  0.325229  2.99947  2.11171  3.68265
1422  0.325229  2.99947  2.11171  3.68265
1423  1.83172  2.4838  2.29002  3.843
1424  -0.85079  2.03934  3.42328  4.0745
1425  -0.85079  2.03934  3.42328  4.0745
1426  -0.85079  2.03934  3.42328  4.0745
1427  -1.00943  -0.0366756  4.99646  5.09754
1428  -1.00943  -0.0366756  4.99646  5.09754
1429  -1.00943  -0.0366756  4.99646  5.09754
1430  1.29097  -1.68859  4.61341  5.07951
1431  1.29097  -1.68859  4.61341  5.07951
1432  1.77391  -0.626037  3.18049  3.69515
1433  1.77391  -0.626037  3.18049  3.69515
1434  1.06856  1.31993  4.93926  5.22306
1435  -0.614242  2.7676  3.55031  4.5433
1436  -0.614242  2.7676  3.55031  4.5433
1437  -0.614242  2.7676  3.55031  4.5433
1438  -0.800843  0.0609284  4.47094  4.54251
1439  2.76604  -1.14779  1.68426  3.43586
1440  2.76604  -1.14779  1.68426  3.43586
1441  3.05639  -4.4956  -2.39529  5.94048
1442  3.05639  -4.4956  -2.39529  5.94048
1443  0.357789  -4.97121  -2.00832  5.37349
1444  1.33357  -2.99901  -1.33841  3.54454
1445  1.33357  -2.99901  -1.33841  3.54454
1446  1.33357  -2.99901  -1.33841  3.54454
1447  1.59309  -2.1004  1.19449  2.89421
1448  1.59309  -2.1004  1.19449  2.89421
1449  2.10388  -1.46782  0.500032  2.61359
1450  2.13524  -1.00242  1.51353  2.80265
1451  1.98962  -1.97484  1.73315  3.29582
1452  -0.135702  0.65054  4.78405  4.82999
1453  -0.862872  -0.241647  6.43028  6.49242
1454  -0.862872  -0.241647  6.43028  6.49242
1455  -0.862872  -0.241647  6.43028  6.49242
1456  -4.59549  -1.61286  5.35259  7.23671
1457  -3.54338  -2.10977  6.69202  7.86065
1458  -3.12431  -1.91403  6.7919  7.71717
1459  -1.91287  -3.57573  5.93053  7.18443
1460  -1.91287  -3.57573  5.93053  7.18443
1461  0.546537  -1.06388  6.88185  6.98501
1462  0.546537  -1.06388  6.88185  6.98501
1463  1.11205  -2.42669  5.39635  6.02047
1464  0.352812  -3.18392  5.89319  6.70757
1465  -2.35167  -0.683942  7.38688  7.78229
1466  -2.35167  -0.683942  7.38688  7.78229
1467  -2.33803  -0.283642  6.324  6.74832
1468  -0.376083  1.39869  5.81707  5.99467
1469  -0.376083  1.39869  5.81707  5.99467
1470  -0.376083  1.39869  5.81707  5.99467
1471  -0.140059  -0.341821  5.59307  5.60526
1472  -0.140059  -0.341821  5.59307  5.60526
1473  -0.140059  -0.341821  5.59307  5.60526
1474  -0.468696  -1.06427  5.69788  5.81534
1475  -1.52615  -0.989804  3.61042  4.04277
1476  -1.52615  -0.989804  3.61042  4.04277
1477  -1.52615  -0.989804  3.61042  4.04277
1478  -1.52615  -0.989804  3.61042  4.04277
1479  -1.09389  -2.998  2.46872  4.03474
1480  -1.20933  -3.02283  3.54286  4.81164
1481  -1.20933  -3.02283  3.54286  4.81164
1482  -1.20933  -3.02283  3.54286  4.81164
1483  -0.384507  -2.12385  3.73032  4.30974
1484  -0.384507  -2.12385  3.73032  4.30974
1485  -0.384507  -2.12385  3.73032  4.30974
1486  -0.384507  -2.12385  3.73032  4.30974
1487  1.03694  -1.12899  4.90791  5.14173
1488  1.03694  -1.12899  4.90791  5.14173
1489  0.606521  -2.44409  4.60651  5.24989
1490  1.05915  -3.44017  3.36869  4.92997
1491  1.05915  -3.44017  3.36869  4.92997
1492  1.05915  -3.44017  3.36869  4.92997
1493  -0.281221  -2.87748  3.69066  4.68828
1494  -0.281221  -2.87748  3.69066  4.68828
1495  -0.281221  -2.87748  3.69066  4.68828
1496  -0.455864  -0.529374  5.01175  5.06021
1497  -0.455864  -0.529374  5.01175  5.06021
1498  0.528064  -1.5636  5.79455  6.02499
1499  0.528064  -1.5636  5.79455  6.02499
1500  1.3398  -3.2859  5.18953  6.28677
1501  0.0847244  -2.40987  4.24037  4.87805
1502  -2.90603  -2.92375  1.61471  4.42726
1503  -0.11251  -1.43274  1.35435  1.97475
1504  -0.11251  -1.43274  1.35435  1.97475
1505  -0.11251  -1.43274  1.35435  1.97475
1506  -0.11251  -1.43274  1.35435  1.97475
1507  -1.54218  1.48999  1.62795  2.69233
1508  -1.49192  -0.290179  2.82048  3.20393
1509  -0.572387  -0.919233  3.48361  3.64803
1510  0.80243  -1.87409  1.13964  2.33557
1511  0.80243  -1.87409  1.13964  2.33557
1512  -0.300846  -0.184033  -0.487131  0.601392
1513  -1.82101  -0.868224  -1.13438  2.31446
1514  -1.82101  -0.868224  -1.13438  2.31446
1515  -1.82101  -0.868224  -1.13438  2.31446
1516  -2.55235  1.14335  -1.88789  3.37429
1517  -0.603562  3.03786  -3.40449  4.60254
1518  -0.603562  3.03786  -3.40449  4.60254
1519  -2.31984  3.66926  -2.88462  5.21211
1520  -2.31984  3.66926  -2.88462  5.21211
1521  -1.76557  -2.46549  -2.72204  4.07497
1522  -1.76557  -2.46549  -2.72204  4.07497
1523  -1.76557  -2.46549  -2.72204  4.07497
1524  -1.76557  -2.46549  -2.72204  4.07497
1525  0.433489  -2.02185  -2.49274  3.23876
1526  2.05673  -4.42404  -1.99833  5.27215
1527  2.05673  -4.42404  -1.99833  5.27215
1528  2.05673  -4.42404  -1.99833  5.27215
1529  2.05673  -4.42404  -1.99833  5.27215
1530  2.05673  -4.42404  -1.99833  5.27215
1531  2.05673  -4.42404  -1.99833  5.27215
1532  2.05673  -4.42404  -1.99833  5.27215
1533  3.71832  -0.57715  2.17242  4.34493
1534  3.71832  -0.57715  2.17242  4.34493
1535  3.02078  -0.931081  2.07707  3.78236
1536  2.46842  -1.94007  3.8231  4.94702
1537  3.0793  -0.616608  4.66806  5.62611
1538  3.0793  -0.616608  4.66806  5.62611
1539  3.0793  -0.616608  4.66806  5.62611
1540  3.0793  -0.616608  4.66806  5.62611
1541  2.33913  -1.87975  6.06608  6.76774
1542  0.724767  -1.38316  8.62969  8.76983
1543  0.628605  -1.16198  8.9435  9.04055
1544  1.62019  -4.14725  6.57712  7.94249
1545  1.62019  -4.14725  6.57712  7.94249
1546  1.62019  -4.14725  6.57712  7.94249
1547  1.62019  -4.14725  6.57712  7.94249
1548  1.62019  -4.14725  6.57712  7.94249
1549  2.0033  -1.64633  5.49515  6.07621
1550  0.816663  0.29052  7.23167  7.28344
1551  -1.00513  1.69315  7.40021  7.65769
1552  -1.00513  1.69315  7.40021  7.65769
1553  -0.765181  0.90292  8.36996  8.45322
1554  1.50179  -1.3327  6.94726  7.23159
1555  1.50179  -1.3327  6.94726  7.23159
1556  1.50179  -1.3327  6.94726  7.23159
1557  1.50179  -1.3327  6.94726  7.23159
1558  -0.843953  -0.229226  6.88938  6.94466
1559  -0.843953  -0.229226  6.88938  6.94466
1560  -0.195579  1.48799  5.97349  6.15913
1561  -0.72663  0.471825  6.31883  6.37795
1562  -0.72663  0.471825  6.31883  6.37795
1563  -0.72663  0.471825  6.31883  6.37795
1564  -0.043633  -2.39157  8.01364  8.36301
1565  -2.42277  -2.87983  8.49358  9.29
1566  -1.67766  -3.55586  7.41611  8.39389
1567  -1.67766  -3.55586  7.41611  8.39389
1568  -1.67766  -3.55586  7.41611  8.39389
1569  -1.67766  -3.55586  7.41611  8.39389
1570  -3.20667  -0.21135  3.54311  4.78341
1571  -5.7016  -0.0366463  2.33465  6.16119
1572  -5.7016  -0.0366463  2.33465  6.16119
1573  -5.7016  -0.0366463  2.33465  6.16119
1574  -5.7016  -0.0366463  2.33465  6.16119
1575  -4.17368  1.97721  4.64434  6.54972
1576  -4.17368  1.97721  4.64434  6.54972
1577  -4.7261  0.827195  3.55769  5.97306
1578  -4.7261  0.827195  3.55769  5.97306
1579  -5.40128  1.12391  4.84908  7.3451
1580  -5.40128  1.12391  4.84908  7.3451
1581  -6.86552  2.5676  4.06041  8.37943
1582  -6.86552  2.5676  4.06041  8.37943
1583  -6.86552  2.5676  4.06041  8.37943
1584  -5.79525  1.7821  5.07114  7.90426
1585  -5.79525  1.7821  5.07114  7.90426
1586  -5.79525  1.7821  5.07114  7.90426
1587  -4.90815  1.17546  3.41251  6.09237
1588  -3.39721  0.290848  6.09863  6.98706
1589  -3.39721  0.290848  6.09863  6.98706
1590  -3.39721  0.290848  6.09863  6.98706
1591  -3.39721  0.290848  6.09863  6.98706
1592  -0.848831  1.24238  5.52091  5.72228
1593  -0.387098  -1.54982  2.41039  2.89167
1594  -0.387098  -1.54982  2.41039  2.89167
1595  -0.387098  -1.54982  2.41039  2.89167
1596  -0.387098  -1.54982  2.41039  2.89167
1597  -0.387098  -1.54982  2.41039  2.89167
1598  -0.387098  -1.54982  2.41039  2.89167
1599  -0.0929656  -3.99563  2.49011  4.70896
1600  -0.0929656  -3.99563  2.49011  4.70896
1601  -0.0929656  -3.99563  2.49011  4.70896
1602  -0.0929656  -3.99563  2.49011  4.70896
1603  -0.0929656  -3.99563  2.49011  4.70896
1604  -0.0929656  -3.99563  2.49011  4.70896
1605  -0.130564  -2.93446  5.26049  6.02502
1606  1.05481  -3.61324  4.27256  5.69411
1607  1.2834  -3.47046  2.34315  4.37967
1608  3.76207  -2.98782  3.03323  5.68162
1609  3.31322  -2.83695  1.17634  4.51768
1610  3.24778  -2.29066  3.92834  5.58812
1611  3.24778  -2.29066  3.92834  5.58812
1612  -0.367149  0.0720053  3.88801  3.90597
1613  -1.30209  0.397792  3.55576  3.80751
1614  -1.30209  0.397792  3.55576  3.80751
1615  -1.30209  0.397792  3.55576  3.80751
1616  -1.30209  0.397792  3.55576  3.80751
1617  -1.61974  -1.76022  0.574255  2.46001
1618  -3.41415  0.559805  1.4355  3.74573
1619  -2.52037  -0.0895551  4.30477  4.98912
1620  -2.52037  -0.0895551  4.30477  4.98912
1621  -3.54839  -0.174366  5.45707  6.51161
1622  -2.95584  -0.714316  3.7791  4.85065
1623  -3.34906  -1.9696  5.17439  6.47069
1624  -0.715611  -1.23611  0.388085  1.4801
1625  -0.928626  -2.85782  1.19473  3.23371
1626  -0.928626  -2.85782  1.19473  3.23371
1627  -1.14706  -1.24419  -0.982704  1.9569
1628  -0.0481022  -1.06084  -4.76496  4.88186
1629  -0.0481022  -1.06084  -4.76496  4.88186
1630  0.454122  -2.33938  -7.00449  7.39877
1631  0.402316  0.13981  -4.90531  4.92376
1632  0.26935  -0.831438  -3.30166  3.41538
1633  0.26935  -0.831438  -3.30166  3.41538
1634  0.964057  -1.46152  -3.90652  4.28093
1635  0.964057  -1.46152  -3.90652  4.28093
1636  0.964057  -1.46152  -3.90652  4.28093
1637  4.95289  -1.65048  -5.16077  7.3409
1638  0.765635  0.556793  -5.10197  5.18906
1639  0.765635  0.556793  -5.10197  5.18906
1640  0.765635  0.556793  -5.10197  5.18906
1641  0.765635  0.556793  -5.10197  5.18906
1642  0.537717  -1.39618  -2.43527  2.85815
1643  0.537717  -1.39618  -2.43527  2.85815
1644  0.537717  -1.39618  -2.43527  2.85815
1645  0.537717  -1.39618  -2.43527  2.85815
1646  0.537717  -1.39618  -2.43527  2.85815
1647  0.537717  -1.39618  -2.43527  2.85815
1648  0.537717  -1.39618  -2.43527  2.85815
1649  0.537717  -1.39618  -2.43527  2.85815
1650  0.349553  -2.24402  -6.46028  6.84785
1651  -0.933403  1.35052  -4.16685  4.47859
1652  -0.933403  1.35052  -4.16685  4.47859
1653  0.714031  0.951804  -4.5105  4.6648
1654  0.714031  0.951804  -4.5105  4.6648
1655  0.714031  0.951804  -4.5105  4.6648
1656  -0.231816  0.924334  -3.13855  3.28003
1657  -0.231816  0.924334  -3.13855  3.28003
1658  -0.231816  0.924334  -3.13855  3.28003
1659  -0.231816  0.924334  -3.13855  3.28003
1660  -0.231816  0.924334  -3.13855  3.28003
1661  -0.231816  0.924334  -3.13855  3.28003
1662  -0.231816  0.924334  -3.13855  3.28003
1663  -0.231816  0.924334  -3.13855  3.28003
1664  0.486432  -4.34406  -1.49492  4.61977
1665  0.486432  -4.34406  -1.49492  4.61977
1666  1.56014  -3.86454  -2.08145  4.65845
1667  1.56014  -3.86454  -2.08145  4.65845
1668  3.17814  -3.69096  -2.67283  5.55588
1669  3.17814  -3.69096  -2.67283  5.55588
1670  0.791454  -4.03332  -4.93871  6.42534
1671  -1.11147  -1.09513  -5.7441  5.95225
1672  -1.11147  -1.09513  -5.7441  5.95225
1673  -0.265811  -0.529173  -4.02389  4.06723
1674  0.449091  0.204046  -1.26345  1.35633
1675  0.449091  0.204046  -1.26345  1.35633
1676  0.638844  -0.116975  2.2942  2.38436
1677  0.638844  -0.116975  2.2942  2.38436
1678  0.638844  -0.116975  2.2942  2.38436
1679  0.638844  -0.116975  2.2942  2.38436
1680  0.638844  -0.116975  2.2942  2.38436
1681  3.52905  0.915599  3.21167  4.85874
1682  2.87326  1.66473  4.07924  5.25996
1683  2.87326  1.66473  4.07924  5.25996
1684  3.32393  1.27977  4.96518  6.11059
1685  0.209148  -1.9833  2.27332  3.02411
1686  0.209148  -1.9833  2.27332  3.02411
1687  0.209148  -1.9833  2.27332  3.02411
1688  0.836284  -2.84616  2.52392  3.89488
1689  0.741212  -2.49508  2.77211  3.80255
1690  0.741212  -2.49508  2.77211  3.80255
1691  -1.94323  -0.763456  3.77764  4.3162
1692  -2.02434  -2.06944  3.2698  4.36717
1693  -2.02434  -2.06944  3.2698  4.36717
1694  -2.02434  -2.06944  3.2698  4.36717
1695  -1.35483  -1.29724  3.06435  3.59286
1696  1.75652  -0.891822  3.09812  3.67139
1697  1.75652  -0.891822  3.09812  3.67139
1698  1.75652  -0.891822  3.09812  3.67139
1699  1.75652  -0.891822  3.09812  3.67139
1700  1.75652  -0.891822  3.09812  3.67139
1701  1.75652  -0.891822  3.09812  3.67139
1702  1.75652  -0.891822  3.09812  3.67139
1703  1.75652  -0.891822  3.09812  3.67139
1704  -1.15977  2.09732  4.82935  5.39133
1705  1.95885  3.63225  2.67429  4.91753
1706  0.961353  3.32602  2.72106  4.4035
1707  0.961353  3.32602  2.72106  4.4035
1708  0.961353  3.32602  2.72106  4.4035
1709  -1.0982  3.85735  3.09249  5.06445
1710  -0.0188684  4.3098  2.84577  5.1646
1711  -0.0188684  4.3098  2.84577  5.1646
1712  3.59654  3.04183  5.17529  6.99796
1713  3.59654  3.04183  5.17529  6.99796
1714  4.34552  2.12447  4.14614  6.37082
1715  3.42716  1.10882  2.35727  4.30484
1716  5.75585  2.38146  3.86562  7.33104
1717  5.18349  -0.403309  4.56753  6.92051
1718  2.93665  0.704272  -0.622724  3.08345
1719  2.93665  0.704272  -0.622724  3.08345
1720  2.7026  -0.715447  0.604354  2.86027
1721  -0.527894  1.13209  -2.19098  2.52204
1722  -0.527894  1.13209  -2.19098  2.52204
1723  -0.527894  1.13209  -2.19098  2.52204
1724  0.733553  0.265103  -2.68108  2.79224
1725  0.637842  -2.59136  -1.24033  2.94285
1726  -2.1426  -1.94486  -4.74059  5.55395
1727  -2.1426  -1.94486  -4.74059  5.55395
1728  -2.1426  -1.94486  -4.74059  5.55395
1729  -1.93749  0.336042  -4.45118  4.86619
1730  0.272015  0.479261  -6.60933  6.63227
1731  0.272015  0.479261  -6.60933  6.63227
1732  0.272015  0.479261  -6.60933  6.63227
1733  0.272015  0.479261  -6.60933  6.63227
1734  0.272015  0.479261  -6.60933  6.63227
1735  -0.480831  0.455023  -6.47898  6.51271
1736  -0.480831  0.455023  -6.47898  6.51271
1737  -0.480831  0.455023  -6.47898  6.51271
1738  -0.338892  -0.471287  -7.10624  7.12991
1739  0.755184  -0.45648  -6.64958  6.70788
1740  3.28232  -0.231148  -8.48343  9.09921
1741  2.04722  -1.42996  -5.65567  6.18243
1742  2.04722  -1.42996  -5.65567  6.18243
1743  2.57237  -1.01019  -6.98835  7.51495
1744  2.57237  -1.01019  -6.98835  7.51495
1745  2.57237  -1.01019  -6.98835  7.51495
1746  2.57237  -1.01019  -6.98835  7.51495
1747  2.8691  -0.17142  -5.01239  5.778
1748  0.612144  2.8929  -6.52858  7.16701
1749  0.612144  2.8929  -6.52858  7.16701
1750  0.612144  2.8929  -6.52858  7.16701
1751  -1.98739  3.93501  -5.94909  7.40443
1752  -0.498174  3.06546  -7.07832  7.72967
1753  -0.0607753  -1.5527  -7.53191  7.69053
1754  -0.0607753  -1.5527  -7.53191  7.69053
1755  -0.0607753  -1.5527  -7.53191  7.69053
1756  -0.0607753  -1.5527  -7.53191  7.69053
1757  -0.0607753  -1.5527  -7.53191  7.69053
1758  -4.97259  -2.45894  -7.13988  9.04163
1759  -4.97259  -2.45894  -7.13988  9.04163
1760  -4.54137  -3.15443  -6.78311  8.75129
1761  -5.96549  -1.1512  -8.65386  10.5736
1762  -5.96549  -1.1512  -8.65386  10.5736
1763  -3.80773  0.663209  -11.01  11.6687
1764  -4.76422  3.92274  -9.32211  11.1798
1765  -5.03806  4.78943  -9.37522  11.6711
1766  -4.91156  0.953261  -7.61357  9.11036
1767  -4.91156  0.953261  -7.61357  9.11036
1768  -2.05677  0.779246  -8.7656  9.03732
1769  -5.3131  1.56909  -6.32918  8.41128
1770  -2.36296  0.783229  -4.33128  4.9957
1771  -2.91853  -1.55134  -5.00435  5.99733
1772  -2.91853  -1.55134  -5.00435  5.99733
1773  -2.91853  -1.55134  -5.00435  5.99733
1774  -2.91853  -1.55134  -5.00435  5.99733
1775  -0.389832  2.17723  -6.25436  6.63395
1776  -1.44271  2.12225  -6.4876  6.9767
1777  -0.744972  2.27364  -2.69551  3.60419
1778  0.836528  0.0083173  -2.19234  2.34653
1779  -1.45865  -0.604251  -2.6313  3.06864
1780  -1.45865  -0.604251  -2.6313  3.06864
1781  -0.17201  -0.793903  1.02466  1.30759
1782  -0.17201  -0.793903  1.02466  1.30759
1783  -0.17201  -0.793903  1.02466  1.30759
1784  -0.847281  -1.59769  2.51969  3.10151
1785  0.651316  1.5127  0.810147  1.83543
1786  -0.257026  2.23381  -1.88486  2.93405
1787  -0.257026  2.23381  -1.88486  2.93405
1788  0.116396  2.56952  1.18881  2.8336
1789  0.421341  2.20689  2.49113  3.35464
1790  0.421341  2.20689  2.49113  3.35464
1791  -0.608864  0.591069  1.29278  1.5464
1792  -0.796916  0.331099  -0.765361  1.15346
1793  -0.796916  0.331099  -0.765361  1.15346
1794  -0.796916  0.331099  -0.765361  1.15346
1795  -0.796916  0.331099  -0.765361  1.15346
1796  -0.058924  -1.68285  -1.999  2.6137
1797  0.348017  1.78194  -4.0853  4.47058
1798  -1.55601  1.79237  -5.50027  5.99055
1799  -1.06252  1.00644  -4.81176  5.0294
1800  0.183989  2.74341  -1.57092  3.16669
1801  0.183989  2.74341  -1.57092  3.16669
1802  0.183989  2.74341  -1.57092  3.16669
1803  -3.03248  1.65339  1.96577  3.97415
1804  -0.997244  -3.7318  5.58795  6.79308
1805  -0.997244  -3.7318  5.58795  6.79308
1806  -0.957765  -3.45566  4.3344  5.62547
1807  -0.957765  -3.45566  4.3344  5.62547
1808  -2.21081  -2.5345  4.66139  5.74803
1809  -1.87469  -2.14854  4.77257  5.55951
1810  -1.87469  -2.14854  4.77257  5.55951
1811  -0.774573  -1.29691  4.15981  4.42561
1812  -0.920421  -0.506377  4.8099  4.92328
1813  -0.920421  -0.506377  4.8099  4.92328
1814  -1.81616  1.08096  3.76647  4.31893
1815  -0.234333  1.56604  2.69779  3.12817
1816  -0.234333  1.56604  2.69779  3.12817
1817  -0.234333  1.56604  2.69779  3.12817
1818  -2.02076  1.64892  1.85987  3.20336
1819  -1.80879  2.49349  2.7936  4.15853
1820  -1.0995  1.72237  2.63101  3.33132
1821  -1.1126  1.59546  2.14764  2.89754
1822  -1.1126  1.59546  2.14764  2.89754
1823  -1.1126  1.59546  2.14764  2.89754
1824  1.06347  0.733472  1.49512  1.97594
1825  1.06347  0.733472  1.49512  1.97594
1826  1.06347  0.733472  1.49512  1.97594
1827  1.06347  0.733472  1.49512  1.97594
1828  3.76356  0.298114  2.13974  4.33956
1829  3.11895  -1.71273  2.32222  4.249
1830  0.970042  -1.08772  1.34232  1.9814
1831  0.628637  1.41113  1.50128  2.15414
1832  0.76973  0.176354  -1.65217  1.83119
1833  0.76973  0.176354  -1.65217  1.83119
1834  0.76973  0.176354  -1.65217  1.83119
1835  0.76973  0.176354  -1.65217  1.83119
1836  0.76973  0.176354  -1.65217  1.83119
1837  0.76973  0.176354  -1.65217  1.83119
1838  0.76973  0.176354  -1.65217  1.83119
1839  0.76973  0.176354  -1.65217  1.83119
1840  -0.802608  -0.945919  1.16625  1.70267
1841  1.37882  0.0655404  2.06131  2.48082
1842  -4.37331  -0.567893  3.89025  5.88068
1843  -1.92981  0.144385  4.77134  5.14886
1844  0.550413  -0.749455  4.19073  4.29266
1845  -0.332492  0.802728  3.45192  3.55959
1846  -0.238135  -0.580113  1.93251  2.03171
1847  -0.238135  -0.580113  1.93251  2.03171
1848  -0.238135  -0.580113  1.93251  2.03171
1849  -0.178201  -0.983427  4.03178  4.15381
1850  -0.178201  -0.983427  4.03178  4.15381
1851  -0.178201  -0.983427  4.03178  4.15381
1852  -0.178201  -0.983427  4.03178  4.15381
1853  -0.178201  -0.983427  4.03178  4.15381
1854  -0.178201  -0.983427  4.03178  4.15381
1855  -0.178201  -0.983427  4.03178  4.15381
1856  -0.178201  -0.983427  4.03178  4.15381
1857  -0.178201  -0.983427  4.03178  4.15381
1858  -0.215258  -0.4091  4.90813  4.92985
1859  -0.215258  -0.4091  4.90813  4.92985
1860  0.939284  -1.16358  5.70291  5.89571
1861  0.939284  -1.16358  5.70291  5.89571
1862  0.939284  -1.16358  5.70291  5.89571
1863  0.939284  -1.16358  5.70291  5.89571
1864  0.575306  -4.82025  5.50293  7.33813
1865  0.708702  -3.60839  4.88488  6.11431
1866  0.908662  -4.58026  1.86338  5.02759
1867  1.53427  -3.40413  2.1078  4.28776
1868  3.75254  -2.27518  3.0662  5.35346
1869  1.89708  -1.12742  4.24014  4.78004
1870  1.89708  -1.12742  4.24014  4.78004
1871  2.71123  1.22449  5.10445  5.9081
1872  2.71123  1.22449  5.10445  5.9081
1873  2.0828  -0.887096  4.62099  5.14573
1874  0.82378  -1.33792  2.71241  3.13461
1875  0.117645  -2.35656  3.25576  4.02085
1876  0.117645  -2.35656  3.25576  4.02085
1877  0.117645  -2.35656  3.25576  4.02085
1878  0.49154  -3.74101  2.72878  4.65651
1879  0.49154  -3.74101  2.72878  4.65651
1880  0.49154  -3.74101  2.72878  4.65651
1881  0.49154  -3.74101  2.72878  4.65651
1882  0.49154  -3.74101  2.72878  4.65651
1883  0.49154  -3.74101  2.72878  4.65651
1884  0.49154  -3.74101  2.72878  4.65651
1885  0.49154  -3.74101  2.72878  4.65651
1886  0.49154  -3.74101  2.72878  4.65651
1887  0.49154  -3.74101  2.72878  4.65651
1888  0.49154  -3.74101  2.72878  4.65651
1889  -0.297927  -3.2576  3.76101  4.98457
1890  -0.319735  -1.06765  4.32657  4.46781
1891  -0.319735  -1.06765  4.32657  4.46781
1892  -1.5965  -0.374081  3.15981  3.55994
1893  -1.5965  -0.374081  3.15981  3.55994
1894  -0.669035  -2.95359  4.28337  5.24582
1895  -1.45997  -0.756286  4.75429  5.03058
1896  -1.69791  0.283252  4.90327  5.19665
1897  -0.711566  -2.46275  4.39238  5.08571
1898  -0.0386342  -2.51952  2.02418  3.23215
1899  -0.0386342  -2.51952  2.02418  3.23215
1900  -0.0386342  -2.51952  2.02418  3.23215
1901  0.86191  -1.70559  1.40098  2.36953
1902  -0.33732  0.0156866  3.03687  3.05559
1903  -2.90081  0.00641813  2.73207  3.98484
1904  -2.90081  0.00641813  2.73207  3.98484
1905  -2.90081  0.00641813  2.73207  3.98484
1906  -2.90081  0.00641813  2.73207  3.98484
1907  -1.05176  -0.508545  6.01172  6.12418
1908  0.6912  0.668434  4.49001  4.59181
1909  0.6912  0.668434  4.49001  4.59181
1910  0.6912  0.668434  4.49001  4.59181
1911  0.6912  0.668434  4.49001  4.59181
1912  0.6912  0.668434  4.49001  4.59181
1913  -0.93142  -0.466498  0.815543  1.32298
1914  -0.93142  -0.466498  0.815543  1.32298
1915  -0.93142  -0.466498  0.815543  1.32298
1916  -0.93142  -0.466498  0.815543  1.32298
1917  -0.93142  -0.466498  0.815543  1.32298
1918  -3.86333  -0.810623  -1.56238  4.24541
1919  -2.45253  -0.896083  -2.58628  3.67515
1920  -2.3227  -0.909475  -2.56935  3.58101
1921  -2.3227  -0.909475  -2.56935  3.58101
1922  -1.4629  0.571166  -2.86733  3.26924
1923  -0.394594  -0.358253  -1.87585  1.9501
1924  0.443188  -1.09545  -2.59838  2.85447
1925  0.443188  -1.09545  -2.59838  2.85447
1926  0.443188  -1.09545  -2.59838  2.85447
1927  -0.147631  -0.668317  0.686118  0.969123
1928  -0.843576  -1.05291  1.6031  2.09528
1929  -0.843576  -1.05291  1.6031  2.09528
1930  0.903917  -0.474695  -1.57465  1.87668
1931  0.903917  -0.474695  -1.57465  1.87668
1932  0.903917  -0.474695  -1.57465  1.87668
1933  1.43935  -1.62683  -2.9879  3.69403
1934  1.43935  -1.62683  -2.9879  3.69403
1935  1.43935  -1.62683  -2.9879  3.69403
1936  2.08521  0.461026  -3.0918  3.75764
1937  2.09911  -0.360738  -5.30295  5.71469
1938  2.09911  -0.360738  -5.30295  5.71469
1939  1.2036  1.18025  -5.13714  5.40664
1940  0.659488  2.10589  -5.94411  6.34052
1941  1.33771  3.16238  -2.74001  4.39292
1942  -0.472614  3.85207  -2.37216  4.54851
1943  -0.472614  3.85207  -2.37216  4.54851
1944  -2.22238  0.834727  -1.08216  2.60899
1945  -2.01976  4.50789  -3.05787  5.80956
1946  -2.01976  4.50789  -3.05787  5.80956
1947  -2.01976  4.50789  -3.05787  5.80956
1948  -3.15486  2.74096  -2.81694  5.03996
1949  -3.09675  2.98739  0.738641  4.36577
1950  -1.43196  3.82739  1.91395  4.5125
1951  -2.70307  2.58031  2.71289  4.61783
1952  -2.90198  3.31668  3.90302  5.88688
1953  -2.38628  2.69033  3.3148  4.89082
1954  -1.66095  -1.48221  1.27624  2.56603
1955  -0.180175  0.613325  2.3246  2.41089
1956  0.663839  0.224915  2.74296  2.83109
1957  -0.0536849  0.102412  3.37403  3.37601
1958  -0.0536849  0.102412  3.37403  3.37601
1959  -0.0536849  0.102412  3.37403  3.37601
1960  -0.0536849  0.102412  3.37403  3.37601
1961  -0.200411  0.044286  2.52953  2.53784
1962  -0.611882  0.67239  2.84824  2.98981
1963  0.465543  0.836552  3.44932  3.57971
1964  0.465543  0.836552  3.44932  3.57971
1965  0.465543  0.836552  3.44932  3.57971
1966  0.465543  0.836552  3.44932  3.57971
1967  -1.21132  1.2995  1.98066  2.66064
1968  -1.21132  1.2995  1.98066  2.66064
1969  -1.21132  1.2995  1.98066  2.66064
1970  -1.21132  1.2995  1.98066  2.66064
1971  -0.702817  -1.17588  6.2467  6.39515
1972  -0.702817  -1.17588  6.2467  6.39515
1973  -1.2317  -1.10781  5.75266  5.98644
1974  -1.2317  -1.10781  5.75266  5.98644
1975  -1.2317  -1.10781  5.75266  5.98644
1976  0.783446  0.606074  6.53549  6.61013
1977  0.783446  0.606074  6.53549  6.61013
1978  -0.511931  3.79922  3.27702  5.04331
1979  -0.511931  3.79922  3.27702  5.04331
1980  1.02614  2.2285  3.77223  4.49987
1981  1.02614  2.2285  3.77223  4.49987
1982  0.590189  -0.460582  1.74982  1.90324
1983  0.590189  -0.460582  1.74982  1.90324
1984  -0.680975  -0.0519701  2.0831  2.1922
1985  -0.910374  0.222938  3.48774  3.61148
1986  -0.910374  0.222938  3.48774  3.61148
1987  -0.910374  0.222938  3.48774  3.61148
1988  -0.910374  0.222938  3.48774  3.61148
1989  -0.201385  -1.05948  2.19491  2.44555
1990  2.85563  0.841556  3.29724  4.44236
1991  2.85563  0.841556  3.29724  4.44236
1992  0.238483  0.492866  5.51833  5.54542
1993  0.238483  0.492866  5.51833  5.54542
1994  0.238483  0.492866  5.51833  5.54542
1995  -0.0200335  1.27631  3.0388  3.29601
1996  -0.0200335  1.27631  3.0388  3.29601
1997  -0.0200335  1.27631  3.0388  3.29601
1998  0.546116  0.168481  3.93976  3.981
1999  0.546116  0.168481  3.93976  3.981
2000  0.38116  -0.418146  4.7568  4.79034
