0 100  100  100  173.205
1  99.0642  99.1814  100.57  172.525
2  99.0074  99.3595  101.078  172.892
3  99.0074  99.3595  101.078  172.892
4  99.692  98.172  100.255  172.126
5  99.1445  98.2857  99.0584  171.179
6  98.0648  98.9172  98.3966  170.538
7  98.048  99.5522  98.3448  170.868
8  97.4476  98.9056  98.2749  170.107
9  97.7373  99.1052  97.2431  169.796
10  98.8083  99.7352  97.2477  170.784
11  99.2696  99.4112  97.6246  171.078
12  99.712  98.4148  96.6845  170.223
13  99.9036  99.258  95.5754  170.199
14  99.9036  99.258  95.5754  170.199
15  100.942  100.349  96.3523  171.881
16  100.034  99.2415  96.8816  171.002
17  101.238  98.9911  96.3181  171.247
18  101.333  98.4509  96.2722  170.966
19  100.625  97.2552  95.3156  169.32
20  100.028  96.3636  96.3132  169.02
21  100.028  96.3636  96.3132  169.02
22  99.2867  95.5182  96.747  168.35
23  99.0385  95.0888  97.9535  168.658
24  98.882  93.9199  98.811  168.411
25  98.882  93.9199  98.811  168.411
26  98.882  93.9199  98.811  168.411
27  99.8292  93.4002  99.5101  169.091
28  99.8292  93.4002  99.5101  169.091
29  99.235  94.2848  99.6287  169.302
30  99.235  94.2848  99.6287  169.302
31  98.8423  94.9297  98.4864  168.763
32  98.8423  94.9297  98.4864  168.763
33  97.7426  93.8827  97.462  166.932
34  98.4694  92.9128  97.0809  166.594
35  98.3244  93.9956  98.1129  167.717
36  97.2776  93.4241  99.1108  167.374
37  98.0818  93.7865  98.3356  167.588
38  96.9908  92.8734  97.1278  165.73
39  96.9908  92.8734  97.1278  165.73
40  96.9908  92.8734  97.1278  165.73
41  97.2349  92.2496  97.7684  165.901
42  97.2245  93.2106  97.4187  166.226
43  97.2245  93.2106  97.4187  166.226
44  97.2245  93.2106  97.4187  166.226
45  95.9847  93.5987  96.9137  165.427
46  96.2929  93.9236  95.9475  165.227
47  96.2929  93.9236  95.9475  165.227
48  96.2929  93.9236  95.9475  165.227
49  96.2929  93.9236  95.9475  165.227
50  96.5859  93.0549  96.0435  164.962
51  96.6855  92.7463  96.4475  165.082
52  95.8988  91.5275  96.2639  163.831
53  95.1765  90.3684  95.8333  162.509
54  95.2079  90.2925  95.8836  162.514
55  94.099  90.4629  96.885  162.557
56  93.5846  90.6965  96.2071  161.987
57  92.5322  89.7489  95.0088  160.137
58  91.6126  90.152  94.6255  159.607
59  90.5297  88.968  94.7625  158.401
60  91.1532  87.7347  94.4906  157.907
61  91.0647  86.9982  95.2845  157.926
62  91.0647  86.9982  95.2845  157.926
63  91.0647  86.9982  95.2845  157.926
64  90.6103  86.9799  95.8728  158.011
65  90.2125  86.9716  96.523  158.174
66  90.3692  86.2056  96.9378  158.098
67  89.448  86.694  96.9131  157.826
68  89.2862  87.0955  96.9309  157.966
69  89.0092  86.1251  95.7285  156.538
70  88.3329  85.99  95.3943  155.875
71  88.1041  84.981  96.4783  155.859
72  88.7851  85.3777  95.524  155.875
73  89.0349  85.102  95.6922  155.97
74  89.0349  85.102  95.6922  155.97
75  87.8195  84.7027  95.7781  155.114
76  87.8195  84.7027  95.7781  155.114
77  87.8195  84.7027  95.7781  155.114
78  87.5813  84.4257  94.9587  154.322
79  88.5115  83.9536  94.0738  154.053
80  88.5115  83.9536  94.0738  154.053
81  88.5115  83.9536  94.0738  154.053
82  88.2837  82.8381  95.0062  153.891
83  87.3895  81.6842  93.8722  152.057
84  87.3895  81.6842  93.8722  152.057
85  86.809  81.0682  94.8821  152.021
86  85.8199  80.5181  94.0199  150.625
87  85.8199  80.5181  94.0199  150.625
88  85.8199  80.5181  94.0199  150.625
89  85.6477  81.4412  93.1568  150.487
90  85.6477  81.4412  93.1568  150.487
91  85.6477  81.4412  93.1568  150.487
92  85.6732  81.1724  92.7431  150.1
93  85.6732  81.1724  92.7431  150.1
94  86.7255  81.3354  92.8478  150.856
95  86.7255  81.3354  92.8478  150.856
96  86.7255  81.3354  92.8478  150.856
97  85.7425  82.0113  92.7174  150.579
98  86.2872  81.8035  92.7424  150.793
99  85.5945  82.8389  92.0867  150.561
100  85.5945  82.8389  92.0867  150.561
101  84.9507  83.5427  93.096  151.205
102  84.1858  82.5411  94.2452  150.939
103  85.026  82.6998  93.0396  150.748
104  85.4882  82.5632  93.4684  151.199
105  85.3619  81.5062  94.6642  151.298
106  85.3619  81.5062  94.6642  151.298
107  86.5959  81.46  94.0921  151.618
108  87.4844  80.4219  93.1945  151.018
109  87.6278  79.5225  92.1603  149.987
110  86.5771  80.4792  91.8202  149.678
111  86.0043  79.8984  92.232  149.289
112  86.3466  79.2676  91.1475  148.482
113  86.3307  79.2642  90.3418  147.978
114  87.342  78.5021  89.8024  147.837
115  87.6782  78.2331  89.8326  147.911
116  87.6782  78.2331  89.8326  147.911
117  87.1669  77.3859  88.8835  146.584
118  86.2937  77.1526  89.8715  146.547
119  86.2811  78.122  90.3389  147.338
120  86.2372  77.5451  90.6558  147.202
121  86.5602  77.5559  89.5789  146.738
122  86.5602  77.5559  89.5789  146.738
123  86.3503  77.694  88.5916  146.086
124  85.517  78.0519  88.1304  145.507
125  86.0035  79.111  87.477  145.971
126  85.5346  78.8013  88.1897  145.956
127  84.8978  77.9394  88.6926  145.425
128  84.6805  77.9088  88.4252  145.119
129  84.6805  77.9088  88.4252  145.119
130  84.6805  77.9088  88.4252  145.119
131  84.6805  77.9088  88.4252  145.119
132  85.1607  78.6265  87.3739  145.151
133  85.3586  78.9856  86.8443  145.144
134  84.4733  77.8907  85.8939  143.459
135  85.2544  78.903  85.5183  144.248
136  86.3287  78.204  84.8218  144.095
137  85.0899  78.1813  83.6489  142.653
138  86.2605  78.8942  83.8237  143.846
139  85.1803  80.0066  84.6712  144.312
140  84.1033  80.0687  84.0122  143.326
141  83.6123  80.2125  83.6625  142.914
142  83.937  79.1603  83.9449  142.683
143  84.0248  78.1331  82.7684  141.476
144  84.5915  78.4615  81.7856  141.424
145  85.6649  77.5165  82.8876  142.189
146  85.9411  76.8029  82.7043  141.861
147  85.9397  75.8743  83.4374  141.79
148  86.1222  75.9335  83.1694  141.775
149  86.1222  75.9335  83.1694  141.775
150  85.6388  76.4694  82.8672  141.593
151  84.9631  77.689  82.1792  141.449
152  84.1611  77.8188  82.615  141.294
153  83.1746  77.7845  82.4394  140.587
154  84.2172  78.3823  81.3131  140.883
155  84.2172  78.3823  81.3131  140.883
156  83.022  77.8457  80.8316  139.594
157  83.4427  76.9853  80.3031  139.061
158  83.4427  76.9853  80.3031  139.061
159  83.961  75.7512  80.1327  138.596
160  83.9951  75.7312  81.1596  139.202
161  82.8971  75.4139  81.9481  138.833
162  82.8971  75.4139  81.9481  138.833
163  83.2843  74.6055  82.378  138.883
164  83.2843  74.6055  82.378  138.883
165  83.2843  74.6055  82.378  138.883
166  83.6538  75.3971  81.345  138.923
167  83.1885  75.7398  81.7094  139.044
168  83.1885  75.7398  81.7094  139.044
169  84.3195  76.683  81.9493  140.377
170  84.8323  76.3572  81.1229  140.028
171  84.8323  76.3572  81.1229  140.028
172  85.5415  76.9761  80.0634  140.189
173  85.0378  77.1076  80.5177  140.215
174  85.9992  76.2565  79.5822  139.801
175  85.8226  75.0681  79.4691  138.982
176  86.1043  73.8646  80.2437  138.957
177  86.1043  73.8646  80.2437  138.957
178  85.6579  72.8905  79.4128  137.683
179  86.5572  71.9905  79.1556  137.624
180  87.2013  70.8694  77.9431  136.754
181  86.6706  69.904  76.9696  135.361
182  86.6914  68.7951  77.7533  135.254
183  85.6387  69.323  78.2501  135.14
184  86.1172  68.3079  78.3892  135.007
185  86.1172  68.3079  78.3892  135.007
186  86.3186  68.737  77.9489  135.099
187  85.1941  68.5944  79.155  135.014
188  85.1941  68.5944  79.155  135.014
189  85.7479  69.2188  79.7359  136.021
190  85.7479  69.2188  79.7359  136.021
191  85.7479  69.2188  79.7359  136.021
192  84.9077  68.1388  78.5917  134.272
193  84.6674  67.6247  77.418  133.174
194  84.6674  67.6247  77.418  133.174
195  84.6674  67.6247  77.418  133.174
196  83.6222  68.5742  77.8147  133.23
197  82.488  67.4809  76.9764  131.466
198  82.4057  67.02  76.6851  131.008
199  82.9644  66.2711  76.2855  130.746
200  83.4586  66.5004  75.243  130.572
201  83.4586  66.5004  75.243  130.572
202  82.8664  66.9688  75.2308  130.427
203  82.8664  66.9688  75.2308  130.427
204  82.8664  66.9688  75.2308  130.427
205  82.8664  66.9688  75.2308  130.427
206  82.3937  66.9965  75.6753  130.399
207  82.3937  66.9965  75.6753  130.399
208  82.3937  66.9965  75.6753  130.399
209  82.3274  66.1999  76.4701  130.414
210  82.3274  66.1999  76.4701  130.414
211  81.9048  66.1621  77.4832  130.727
212  81.9048  66.1621  77.4832  130.727
213  81.9048  66.1621  77.4832  130.727
214  82.6233  65.3645  77.1211  130.563
215  83.7321  65.2176  75.9572  130.514
216  83.7321  65.2176  75.9572  130.514
217  84.0723  65.0466  76.2665  130.827
218  84.6635  63.9898  75.4627  130.22
219  84.6635  63.9898  75.4627  130.22
220  84.6635  63.9898  75.4627  130.22
221  84.6635  63.9898  75.4627  130.22
222  83.7457  64.2706  75.0631  129.532
223  82.6703  64.4396  74.3599  128.515
224  82.1358  65.5669  73.2716  128.117
225  81.3111  64.6728  74.3072  127.733
226  81.3111  64.6728  74.3072  127.733
227  80.6599  65.2222  73.5446  127.156
228  79.7811  65.9072  72.6966  126.466
229  79.8488  66.1863  72.4546  126.515
230  79.4915  67.0946  71.4795  126.214
231  79.4915  67.0946  71.4795  126.214
232  79.4915  67.0946  71.4795  126.214
233  79.4915  67.0946  71.4795  126.214
234  79.4915  67.0946  71.4795  126.214
235  79.6264  68.0019  70.873  126.442
236  80.4966  67.6357  71.0598  126.901
237  80.2729  67.6966  70.2554  126.342
238  80.2729  67.6966  70.2554  126.342
239  79.1177  68.3379  70.9317  126.337
240  80.0752  67.3804  70.681  126.285
241  80.0752  67.3804  70.681  126.285
242  79.7458  68.5188  71.1556  126.954
243  80.4661  68.0801  70.7351  126.938
244  81.1823  68.4509  69.9021  127.131
245  81.424  69.5919  69.6386  127.759
246  80.4057  70.1138  69.3009  127.215
247  80.127  69.8659  68.8428  126.653
248  79.7299  69.3094  69.4322  126.418
249  78.631  68.5549  68.6204  124.865
250  78.631  68.5549  68.6204  124.865
251  78.631  68.5549  68.6204  124.865
252  78.9465  67.3964  67.4508  123.792
253  79.1534  66.5676  67.6608  123.59
254  78.6953  67.359  66.4907  123.09
255  79.3919  66.8884  66.8621  123.481
256  78.7116  66.8816  67.1216  123.183
257  78.0909  67.5967  66.3701  122.77
258  78.3352  66.616  65.3258  121.826
259  79.1016  65.456  65.8654  121.983
260  79.1016  65.456  65.8654  121.983
261  79.9612  64.7796  65.2308  121.841
262  80.9303  63.8436  64.5741  121.637
263  80.9303  63.8436  64.5741  121.637
264  80.9303  63.8436  64.5741  121.637
265  82.1267  64.5084  65.7829  123.424
266  83.1671  65.2505  64.6669  123.92
267  82.7991  66.0416  63.8338  123.661
268  81.56  66.5348  62.8892  122.613
269  80.8217  65.5865  63.7266  122.044
270  81.0432  64.6264  64.7523  122.219
271  81.3223  64.3645  64.4743  122.119
272  81.3223  64.3645  64.4743  122.119
273  81.27  65.2816  63.3085  121.961
274  80.4161  64.456  64.4547  121.555
275  79.7542  65.299  64.1477  121.407
276  80.3021  64.3012  63.3902  120.836
277  81.3587  64.0028  62.4954  120.919
278  80.2898  62.9115  63.1392  119.962
279  80.0221  63.1365  62.2992  119.461
280  78.7957  62.9208  62.4523  118.609
281  77.7726  63.6356  61.7742  117.958
282  77.0663  63.4316  62.8047  117.929
283  77.0663  63.4316  62.8047  117.929
284  77.6725  63.1514  62.1852  117.848
285  77.6725  63.1514  62.1852  117.848
286  77.6725  63.1514  62.1852  117.848
287  77.9557  62.7814  62.0822  117.783
288  78.0842  62.9092  63.1534  118.503
289  79.1758  62.7448  62.1911  118.632
290  79.088  63.8954  61.0806  118.61
291  79.1433  64.164  61.6136  119.067
292  79.5934  63.0091  60.4985  118.175
293  78.4466  63.1452  61.4481  117.971
294  78.4466  63.1452  61.4481  117.971
295  78.4466  63.1452  61.4481  117.971
296  78.4466  63.1452  61.4481  117.971
297  78.4466  63.1452  61.4481  117.971
298  78.4466  63.1452  61.4481  117.971
299  78.4466  63.1452  61.4481  117.971
300  78.4466  63.1452  61.4481  117.971
301  77.7517  62.8812  60.606  116.929
302  77.7517  62.8812  60.606  116.929
303  76.9467  63.3427  59.7345  116.195
304  77.2691  62.1961  60.3374  116.101
305  77.7461  61.1811  60.1054  115.759
306  77.6819  61.499  59.9067  115.782
307  77.8216  60.7398  60.6229  115.848
308  76.6943  61.6458  60.832  115.684
309  75.5062  61.0199  61.6866  115.021
310  76.5564  60.6933  61.2161  115.291
311  76.5564  60.6933  61.2161  115.291
312  75.783  61.0912  62.1806  115.506
313  75.8651  60.256  62.6923  115.398
314  75.8651  60.256  62.6923  115.398
315  76.7025  60.525  62.8918  116.198
316  77.3315  59.6572  63.3245  116.401
317  77.3315  59.6572  63.3245  116.401
318  76.1206  58.8996  64.2093  115.699
319  74.9194  59.0767  65.3148  115.624
320  75.831  58.9205  64.7158  115.802
321  75.831  58.9205  64.7158  115.802
322  75.119  58.7973  63.8756  114.805
323  73.9675  57.7317  62.7818  112.897
324  73.852  56.8517  62.3795  112.149
325  73.852  56.8517  62.3795  112.149
326  72.9696  57.0583  63.4338  112.268
327  73.1267  57.6287  63.379  112.63
328  72.2965  56.7333  63.8872  111.924
329  72.2965  56.7333  63.8872  111.924
330  72.2965  56.7333  63.8872  111.924
331  72.2965  56.7333  63.8872  111.924
332  71.9527  57.8121  63.9212  112.274
333  73.0564  57.482  63.775  112.733
334  74.0674  56.8329  63.2607  112.774
335  74.0674  56.8329  63.2607  112.774
336  73.0665  56.6389  63.2848  112.034
337  73.0665  56.6389  63.2848  112.034
338  73.0665  56.6389  63.2848  112.034
339  72.773  56.5195  63.6625  111.997
340  73.0401  55.2928  62.7665  111.049
341  72.2497  55.4526  63.7857  111.192
342  71.4907  55.3165  64.907  111.282
343  70.7351  54.4967  64.5755  110.197
344  70.7351  54.4967  64.5755  110.197
345  70.7623  55.6988  63.6308  110.266
346  70.8831  56.3713  63.1571  110.413
347  70.8831  56.3713  63.1571  110.413
348  70.9164  57.5385  62.3944  110.602
349  70.3164  57.1411  61.1848  109.33
350  69.8085  56.1061  62.0951  108.981
351  69.8085  56.1061  62.0951  108.981
352  70.1245  57.0296  61.0155  109.054
353  69.2245  57.5489  60.8002  108.63
354  68.5593  56.479  61.4812  108.029
355  67.659  57.5106  60.5425  107.474
356  66.4586  56.4172  60.4311  106.073
357  65.2685  56.7508  59.4575  104.956
358  65.0157  55.8609  59.9222  104.586
359  65.0157  55.8609  59.9222  104.586
360  65.0157  55.8609  59.9222  104.586
361  65.1274  54.6491  59.4208  103.725
362  65.1274  54.6491  59.4208  103.725
363  64.9028  54.248  60.1158  103.774
364  64.2659  53.8913  61.2938  103.881
365  63.4756  53.2029  61.9367  103.421
366  63.4161  53.82  61.7556  103.595
367  63.4161  53.82  61.7556  103.595
368  62.4722  52.9699  61.7699  102.587
369  61.4908  52.3394  61.7277  101.641
370  61.4908  52.3394  61.7277  101.641
371  61.4908  52.3394  61.7277  101.641
372  60.8355  53.0962  61.1038  101.261
373  61.4064  54.2993  60.1118  101.649
374  61.605  54.809  59.1233  101.463
375  61.7154  55.7332  58.5731  101.714
376  61.7154  55.7332  58.5731  101.714
377  61.1292  55.8897  59.4947  101.981
378  61.1292  55.8897  59.4947  101.981
379  61.1292  55.8897  59.4947  101.981
380  61.9184  57.0457  58.5243  102.534
381  60.9462  57.839  58.6166  102.448
382  61.0165  57.9015  58.1874  102.281
383  61.072  57.1351  58.2424  101.914
384  61.072  57.1351  58.2424  101.914
385  61.0514  57.7762  59.006  102.699
386  61.0514  57.7762  59.006  102.699
387  61.1899  57.6709  57.9756  102.134
388  61.4833  57.7512  57.5482  102.114
389  60.6423  56.9595  58.279  101.579
390  60.6423  56.9595  58.279  101.579
391  60.6423  56.9595  58.279  101.579
392  59.5131  56.4716  58.3109  100.653
393  59.4895  55.8616  57.471  99.8121
394  59.4895  55.8616  57.471  99.8121
395  59.9942  55.3064  57.6657  99.9171
396  59.9942  55.3064  57.6657  99.9171
397  60.9003  54.6925  57.1442  99.8277
398  62.112  53.9099  56.4492  99.7531
399  63.0334  53.9626  55.508  99.8314
400  61.9841  53.5116  56.302  99.3752
401  62.4368  52.8025  55.6755  98.9253
402  62.6068  52.0285  55.8107  98.6986
403  62.6442  51.0726  56.1816  98.4331
404  62.7755  51.628  55.4427  98.3875
405  62.7755  51.628  55.4427  98.3875
406  63.4022  50.6553  56.6  98.9412
407  62.6165  50.191  56.5547  98.1753
408  61.4858  49.7384  55.8965  96.8444
409  61.4858  49.7384  55.8965  96.8444
410  60.4909  50.2275  56.4005  96.7624
411  60.4909  50.2275  56.4005  96.7624
412  59.774  50.625  56.2861  96.457
413  59.9049  50.3556  56.8943  96.7535
414  58.7464  50.8519  56.5176  96.0796
415  57.9161  50.3002  56.5405  95.2954
416  57.7241  51.2516  55.8908  95.3026
417  57.7241  51.2516  55.8908  95.3026
418  57.7241  51.2516  55.8908  95.3026
419  57.7241  51.2516  55.8908  95.3026
420  57.7241  51.2516  55.8908  95.3026
421  57.7161  52.2529  54.9162  95.2749
422  58.3758  52.1215  55.1659  95.7479
423  58.6477  52.0069  55.7102  96.166
424  59.2143  51.6897  55.8708  96.4349
425  58.8098  52.4217  55.7982  96.5405
426  58.8098  52.4217  55.7982  96.5405
427  58.8098  52.4217  55.7982  96.5405
428  59.2623  51.8248  55.8126  96.5033
429  59.2623  51.8248  55.8126  96.5033
430  58.4163  51.7342  55.4035  95.6997
431  57.5301  51.0625  55.0393  94.5855
432  58.0956  51.6103  54.0178  94.6395
433  57.5978  51.7825  54.2036  94.5355
434  56.6713  50.5711  55.3915  94.0068
435  56.6713  50.5711  55.3915  94.0068
436  57.3915  50.151  55.3877  94.2162
437  56.8455  50.5357  55.5643  94.1948
438  56.0173  49.5207  56.4601  93.6909
439  56.1209  49.347  57.1986  94.1083
440  55.6182  49.3918  58.2325  94.4667
441  55.7798  48.3775  57.9785  93.879
442  54.5463  48.5184  59.0973  93.9246
443  53.3128  47.3158  57.9839  91.8867
444  53.3128  47.3158  57.9839  91.8867
445  52.0783  46.4248  57.4624  90.3844
446  51.7489  45.1856  57.4012  89.5242
447  50.6982  45.9156  57.6381  89.4467
448  50.6982  45.9156  57.6381  89.4467
449  50.5055  46.7431  56.5608  89.0778
450  51.7245  46.1138  55.4039  88.7215
451  52.5881  46.3007  55.0663  89.1155
452  51.9907  45.8605  54.134  87.9585
453  51.2838  46.0364  54.9404  88.1353
454  50.6436  46.7977  55.4528  88.4862
455  50.6436  46.7977  55.4528  88.4862
456  51.6127  46.2223  54.6179  88.2241
457  51.6127  46.2223  54.6179  88.2241
458  50.6644  45.3685  54.1713  86.9466
459  50.7457  46.1274  53.0166  86.6811
460  50.4993  46.6509  53.1193  86.8801
461  51.4017  45.827  51.9723  86.275
462  51.4017  45.827  51.9723  86.275
463  50.8981  44.6827  51.5834  85.1352
464  49.7219  45.5795  52.336  85.3746
465  49.7219  45.5795  52.336  85.3746
466  49.7219  45.5795  52.336  85.3746
467  49.7219  45.5795  52.336  85.3746
468  49.9691  44.9371  51.491  84.6615
469  49.9691  44.9371  51.491  84.6615
470  49.9691  44.9371  51.491  84.6615
471  49.6597  45.098  51.3107  84.4553
472  48.9385  44.1678  52.2141  84.0957
473  49.0339  43.7512  51.7086  83.6198
474  48.7555  43.313  52.3231  83.6111
475  48.7555  43.313  52.3231  83.6111
476  47.6362  44.2976  51.2263  82.7987
477  46.472  43.3195  51.7234  81.9239
478  45.5764  44.4884  52.9601  82.8323
479  44.8792  43.676  52.3425  81.6178
480  44.8792  43.676  52.3425  81.6178
481  43.9613  43.6807  52.6326  81.3068
482  43.9613  43.6807  52.6326  81.3068
483  43.2231  43.1512  53.6395  81.2863
484  43.3558  42.1726  54.6796  81.536
485  43.0343  41.8891  53.8964  80.6936
486  42.9075  41.2263  52.978  79.6701
487  42.8748  41.584  53.6217  80.2669
488  42.8748  41.584  53.6217  80.2669
489  41.9928  42.365  53.6577  80.2329
490  41.6947  42.0137  52.49  79.1126
491  41.7912  42.2433  52.0217  78.9763
492  41.7485  41.2547  52.9434  79.0436
493  40.5828  41.5346  53.9164  79.2405
494  40.5828  41.5346  53.9164  79.2405
495  41.4902  41.6576  53.6853  79.6172
496  42.5545  42.5352  54.0114  80.854
497  41.7543  42.9545  54.536  81.0104
498  40.7168  43.0992  53.766  80.0386
499  41.4173  42.7382  54.8472  80.933
500  42.3221  41.6354  53.7102  80.059
501  42.5832  40.9185  53.5643  79.7295
502  42.1493  41.1214  53.2947  79.422
503  42.3367  40.8639  52.7096  78.9972
504  42.3367  40.8639  52.7096  78.9972
505  42.9823  41.5784  52.4861  79.5678
506  42.9823  41.5784  52.4861  79.5678
507  42.9823  41.5784  52.4861  79.5678
508  42.9823  41.5784  52.4861  79.5678
509  42.2111  40.8653  52.9718  79.106
510  42.9978  40.2417  52.3924  78.8236
511  43.9802  39.4113  52.9287  79.3029
512  44.9005  39.3211  51.7697  79.0083
513  45.3367  38.5656  52.7959  79.5621
514  45.7003  38.0977  52.4355  79.306
515  45.7003  38.0977  52.4355  79.306
516  44.5217  37.4893  53.2738  78.9033
517  44.5217  37.4893  53.2738  78.9033
518  45.0924  38.0254  52.4991  78.9646
519  45.6383  37.354  53.1023  79.3602
520  45.6383  37.354  53.1023  79.3602
521  45.7534  36.912  52.0831  78.5399
522  45.9311  36.1579  51.4212  77.8537
523  45.6082  35.2813  51.1442  77.0753
524  44.6525  34.6837  51.5257  76.4965
525  44.6525  34.6837  51.5257  76.4965
526  44.6525  34.6837  51.5257  76.4965
527  43.7291  35.0641  52.2385  76.6198
528  43.0252  34.7315  52.787  76.4455
529  43.0252  34.7315  52.787  76.4455
530  43.871  34.3526  52.8157  76.7741
531  43.871  34.3526  52.8157  76.7741
532  43.9094  33.8467  51.9479  75.9751
533  44.2833  33.8602  51.1265  75.6402
534  44.2833  33.8602  51.1265  75.6402
535  44.2833  33.8602  51.1265  75.6402
536  43.0597  32.6296  50.5534  73.9897
537  42.5329  31.5517  50.1368  72.9263
538  41.5399  31.1585  49.8764  72.0005
539  40.3267  32.0762  49.8599  71.7017
540  39.6147  32.3831  50.2139  71.6898
541  40.4036  31.6743  50.2038  71.8063
542  40.4036  31.6743  50.2038  71.8063
543  40.5623  32.3833  49.7464  71.8936
544  41.3433  32.9497  48.5614  71.7855
545  41.3433  32.9497  48.5614  71.7855
546  40.741  33.0734  47.4369  70.7385
547  40.1139  33.5161  48.2818  71.1589
548  40.2492  32.5368  48.7804  71.1208
549  40.0616  31.4806  49.8044  71.2491
550  40.1999  30.2679  50.7883  71.4957
551  39.438  29.4019  49.5663  69.8329
552  39.438  29.4019  49.5663  69.8329
553  39.0825  28.307  49.3545  69.0261
554  38.1382  28.8624  48.6636  68.2327
555  38.1382  28.8624  48.6636  68.2327
556  38.1382  28.8624  48.6636  68.2327
557  38.0883  29.861  48.1113  68.2429
558  38.0883  29.861  48.1113  68.2429
559  39.1279  29.7859  49.2719  69.6126
560  38.6214  29.9304  48.0757  68.5472
561  38.3589  30.5453  47.0053  67.9259
562  39.3916  30.7627  46.6625  68.3772
563  39.7444  29.6965  46.4465  67.9616
564  39.7444  29.6965  46.4465  67.9616
565  38.5612  28.6462  46.8539  67.1033
566  37.9115  29.7035  46.0377  66.6262
567  37.1812  28.9042  45.9704  65.8116
568  36.271  29.9196  45.1654  65.1973
569  35.471  28.7823  44.9933  64.1172
570  36.0455  28.6295  44.1333  63.7705
571  35.305  29.0963  44.0225  63.4903
572  34.7045  29.1381  44.9502  63.8275
573  35.5984  29.4538  44.0436  63.8326
574  36.726  29.0513  44.2726  64.4426
575  37.0823  28.4196  44.9394  64.8253
576  36.9186  28.3735  45.001  64.7544
577  37.3145  28.084  44.6965  64.6441
578  37.3145  28.084  44.6965  64.6441
579  36.0907  28.5658  45.3318  64.6027
580  36.8071  28.1191  45.1975  64.7167
581  36.8071  28.1191  45.1975  64.7167
582  36.4001  28.2934  44.6632  64.1894
583  36.8817  27.4477  43.533  63.3148
584  36.1075  28.6363  43.4608  63.3453
585  35.3318  28.0541  42.5033  61.9831
586  35.3318  28.0541  42.5033  61.9831
587  35.3318  28.0541  42.5033  61.9831
588  34.3557  27.4477  42.9421  61.4631
589  33.9884  26.8648  42.8257  60.9177
590  33.6274  25.6488  43.4212  60.6141
591  33.6274  25.6488  43.4212  60.6141
592  32.4391  24.4622  43.6071  59.6009
593  32.5607  24.5349  42.7609  59.0818
594  31.4135  24.0754  42.8017  58.296
595  31.4135  24.0754  42.8017  58.296
596  31.4135  24.0754  42.8017  58.296
597  31.4135  24.0754  42.8017  58.296
598  31.4135  24.0754  42.8017  58.296
599  31.208  24.3553  43.8149  59.0497
600  30.0293  24.0172  44.7347  58.9896
601  29.5332  24.7687  43.8939  58.4155
602  28.4935  23.5484  44.8863  58.1479
603  28.4935  23.5484  44.8863  58.1479
604  29.3979  23.0162  44.7937  58.3134
605  29.3979  23.0162  44.7937  58.3134
606  29.3979  23.0162  44.7937  58.3134
607  28.9863  23.9807  44.8048  58.5043
608  28.3235  23.6821  44.5353  57.8486
609  27.9687  22.61  44.6727  57.3508
610  27.2218  22.2107  45.2515  57.2891
611  27.9908  21.3425  45.9289  57.8658
612  27.9908  21.3425  45.9289  57.8658
613  27.5527  22.4176  45.0327  57.3554
614  26.8902  22.3776  45.5339  57.4211
615  28.117  21.4439  44.6256  56.9372
616  28.117  21.4439  44.6256  56.9372
617  29.0326  21.0962  43.5172  56.4065
618  29.9761  20.0876  43.8846  56.8149
619  28.7679  20.9651  44.2795  56.8137
620  29.0437  21.2818  44.6354  57.3478
621  29.0437  21.2818  44.6354  57.3478
622  29.0437  21.2818  44.6354  57.3478
623  28.0754  21.2507  45.2162  57.3091
624  28.0754  21.2507  45.2162  57.3091
625  27.7317  21.5105  46.3763  58.1593
626  28.0193  20.3993  45.9238  57.5344
627  28.0193  20.3993  45.9238  57.5344
628  28.0193  20.3993  45.9238  57.5344
629  28.0193  20.3993  45.9238  57.5344
630  28.3244  20.5511  45.5697  57.4562
631  27.5423  20.7723  45.0834  56.7678
632  27.5423  20.7723  45.0834  56.7678
633  26.676  20.9795  44.7817  56.1885
634  26.7066  21.3633  45.2762  56.7412
635  27.2646  20.7354  44.3518  56.0392
636  27.4262  20.8539  43.7833  55.7141
637  28.2679  20.1052  42.5579  54.9042
638  28.6222  20.7881  41.9955  54.9089
639  28.6222  20.7881  41.9955  54.9089
640  28.6222  20.7881  41.9955  54.9089
641  27.4733  19.6288  41.0708  53.1684
642  27.4733  19.6288  41.0708  53.1684
643  27.4733  19.6288  41.0708  53.1684
644  27.4733  19.6288  41.0708  53.1684
645  28.033  19.4011  39.8574  52.4487
646  29.2084  19.1929  38.9558  52.336
647  29.2084  19.1929  38.9558  52.336
648  29.4941  19.7722  37.9459  51.9686
649  28.9127  20.7033  38.3285  52.2843
650  28.3625  21.6414  38.4323  52.4388
651  28.8436  22.3561  37.7888  52.5332
652  29.0429  22.8752  36.8921  52.2283
653  28.5388  23.7114  35.7412  51.5182
654  28.5388  23.7114  35.7412  51.5182
655  28.0173  23.734  35.2364  50.8908
656  28.0173  23.734  35.2364  50.8908
657  28.0173  23.734  35.2364  50.8908
658  28.0173  23.734  35.2364  50.8908
659  28.24  24.5158  34.4116  50.8201
660  28.24  24.5158  34.4116  50.8201
661  28.24  24.5158  34.4116  50.8201
662  29.2003  23.6247  34.8219  51.2186
663  28.6373  23.7189  35.3275  51.2905
664  27.8966  23.077  34.2929  49.8675
665  27.8966  23.077  34.2929  49.8675
666  27.4987  22.1933  35.0888  49.799
667  27.4987  22.1933  35.0888  49.799
668  26.6046  23.0088  34.8074  49.485
669  26.6046  23.0088  34.8074  49.485
670  26.6046  23.0088  34.8074  49.485
671  25.6277  22.7871  35.9313  49.6698
672  24.4162  22.4322  35.4797  48.5609
673  23.3157  22.2311  34.7337  47.3738
674  23.2744  21.0283  34.0244  46.2768
675  23.2744  21.0283  34.0244  46.2768
676  23.2744  21.0283  34.0244  46.2768
677  23.2744  21.0283  34.0244  46.2768
678  23.2744  21.0283  34.0244  46.2768
679  23.2744  21.0283  34.0244  46.2768
680  22.7297  20.7405  33.6284  45.5815
681  21.6959  20.4881  32.905  44.4208
682  20.5175  19.5355  33.5385  43.9026
683  20.5175  19.5355  33.5385  43.9026
684  20.5175  19.5355  33.5385  43.9026
685  20.0695  19.2811  34.0884  44.0064
686  19.7351  18.0506  33.8054  43.1057
687  18.9596  18.6928  33.1529  42.5206
688  18.5013  17.6387  33.2662  41.9531
689  18.5013  17.6387  33.2662  41.9531
690  18.5013  17.6387  33.2662  41.9531
691  18.5013  17.6387  33.2662  41.9531
692  18.5013  17.6387  33.2662  41.9531
693  18.5013  17.6387  33.2662  41.9531
694  18.5013  17.6387  33.2662  41.9531
695  18.5013  17.6387  33.2662  41.9531
696  18.2578  16.6754  32.1349  40.5471
697  17.0682  16.6579  32.3039  40.1541
698  17.4047  16.2546  31.1971  39.2478
699  16.6299  15.4733  30.4387  37.9802
700  16.4532  15.4664  30.2816  37.7743
701  16.4532  15.4664  30.2816  37.7743
702  16.5328  15.4874  29.1818  36.9427
703  16.5328  15.4874  29.1818  36.9427
704  16.5328  15.4874  29.1818  36.9427
705  17.0937  16.4152  29.1355  37.557
706  16.5363  16.3336  29.5142  37.5676
707  16.5363  16.3336  29.5142  37.5676
708  17.6028  15.2763  29.6975  37.7513
709  17.6028  15.2763  29.6975  37.7513
710  17.8414  15.2507  28.6066  37.0032
711  17.8414  15.2507  28.6066  37.0032
712  17.8414  15.2507  28.6066  37.0032
713  18.3016  15.2621  27.83  36.6386
714  18.9304  14.814  27.407  36.4548
715  18.9304  14.814  27.407  36.4548
716  18.2248  15.1398  27.8565  36.5697
717  17.5565  14.4451  27.4796  35.6654
718  16.9939  14.159  26.5828  34.582
719  16.9939  14.159  26.5828  34.582
720  16.9939  14.159  26.5828  34.582
721  16.9939  14.159  26.5828  34.582
722  17.0107  14.3414  25.5152  33.8536
723  17.3573  13.8553  25.5765  33.8733
724  16.1745  13.5198  24.8348  32.5755
725  16.344  12.7251  25.1615  32.5907
726  15.6886  13.7891  24.0101  31.8239
727  15.6886  13.7891  24.0101  31.8239
728  16.492  13.2927  23.5331  31.6621
729  16.4164  12.6952  22.4476  30.5705
730  15.2918  11.7871  21.2521  28.7129
731  15.3926  12.3999  21.5324  29.229
732  15.3926  12.3999  21.5324  29.229
733  16.0579  12.487  21.3552  29.4928
734  16.5661  11.6237  22.0461  29.9262
735  17.5593  11.4707  21.1312  29.7731
736  16.4693  11.4992  21.8296  29.6648
737  15.535  11.4715  22.0742  29.3292
738  14.9265  12.4464  22.6071  29.8127
739  14.7546  12.0852  22.0955  29.1884
740  14.7546  12.0852  22.0955  29.1884
741  14.7546  12.0852  22.0955  29.1884
742  13.6843  11.5119  22.137  28.4576
743  13.49  11.7815  22.456  28.7238
744  13.3299  12.8424  21.7496  28.5597
745  13.3299  12.8424  21.7496  28.5597
746  13.5185  12.8564  22.4739  29.2081
747  13.5185  12.8564  22.4739  29.2081
748  12.9323  11.632  22.505  28.4433
749  11.8333  12.016  23.1515  28.6426
750  12.821  10.9832  22.7177  28.3037
751  12.821  10.9832  22.7177  28.3037
752  13.0984  10.4283  21.8549  27.531
753  14.2719  11.2372  21.6438  28.2562
754  13.3063  10.4123  20.7268  26.7409
755  13.3063  10.4123  20.7268  26.7409
756  14.1185  10.5052  19.6644  26.389
757  14.1185  10.5052  19.6644  26.389
758  14.1185  10.5052  19.6644  26.389
759  13.2983  10.7572  20.3397  26.5757
760  13.1717  9.60081  19.6453  25.5266
761  12.2598  8.84105  20.1701  25.2051
762  12.5159  8.60247  20.1156  25.2049
763  12.5159  8.60247  20.1156  25.2049
764  13.0024  8.14328  19.9015  25.1286
765  12.1735  7.3062  20.5378  24.9675
766  11.0819  8.35622  20.8297  25.0302
767  11.6342  8.43747  20.5127  25.0463
768  11.5026  7.35488  21.4447  25.422
769  12.5014  7.937  21.2067  25.8651
770  12.085  8.84432  21.2833  26.024
771  11.9228  9.57894  21.5911  26.4591
772  11.1224  8.3489  21.2758  25.4179
773  11.3888  7.39095  20.541  24.6224
774  10.6242  6.68893  20.6649  24.1796
775  10.5639  5.93646  20.8429  24.1094
776  11.4091  5.96402  20.5006  24.2077
777  12.2948  5.59375  19.4708  23.6973
778  13.2763  4.68504  19.4007  23.9707
779  12.3171  3.66861  18.4731  22.5039
780  11.4874  2.51411  17.3912  20.9936
781  11.4874  2.51411  17.3912  20.9936
782  10.7779  1.52798  18.0836  21.1072
783  10.7779  1.52798  18.0836  21.1072
784  10.7779  1.52798  18.0836  21.1072
785  10.116  1.28216  16.9064  19.7434
786  10.116  1.28216  16.9064  19.7434
787  8.99987  2.03798  17.4465  19.7365
788  9.20775  0.815204  16.2786  18.72
789  8.66798  0.112505  16.3812  18.5335
790  8.66798  0.112505  16.3812  18.5335
791  8.66798  0.112505  16.3812  18.5335
792  8.66798  0.112505  16.3812  18.5335
793  9.45789  -0.320045  15.2842  17.9767
794  9.45789  -0.320045  15.2842  17.9767
795  9.98212  -0.619397  14.8319  17.8889
796  11.1565  0.269252  13.8365  17.776
797  11.5983  1.39405  13.0847  17.5406
798  11.3103  1.28385  13.1003  17.3548
799  10.5189  0.583347  13.9476  17.4793
800  11.4829  -0.478872  12.7137  17.1384
801  10.5176  -0.721984  12.1956  16.1206
802  9.44823  -0.46664  10.994  14.5036
803  9.76908  -0.0146256  10.028  13.9999
804  9.76908  -0.0146256  10.028  13.9999
805  9.76908  -0.0146256  10.028  13.9999
806  10.2771  1.0576  8.82529  13.5876
807  9.15595  2.20438  8.22904  12.5063
808  9.14838  1.13038  7.56766  11.9264
809  9.14838  1.13038  7.56766  11.9264
810  8.4534  -0.00830644  8.33522  11.8716
811  8.90772  -1.18106  8.56266  12.4121
812  8.90457  -0.137179  8.39404  12.2381
813  8.90457  -0.137179  8.39404  12.2381
814  8.90457  -0.137179  8.39404  12.2381
815  8.90457  -0.137179  8.39404  12.2381
816  8.56196  0.674382  8.46854  12.0614
817  7.86813  1.33633  8.07018  11.3499
818  7.71159  2.06946  9.04833  12.0675
819  8.71587  1.00443  9.53423  12.9567
820  7.95129  1.70138  9.46271  12.4764
821  7.38299  1.92324  8.66051  11.5417
822  8.24276  2.96161  7.65145  11.6301
823  8.24276  2.96161  7.65145  11.6301
824  8.00469  2.79504  8.25918  11.8364
825  8.00469  2.79504  8.25918  11.8364
826  6.96013  2.38831  8.35125  11.1306
827  7.72524  2.62079  7.14218  10.8424
828  6.95499  2.50298  8.03236  10.9158
829  6.49199  1.97053  8.14141  10.5977
830  6.36991  2.8285  8.28994  10.8305
831  6.78645  1.6689  8.7278  11.181
832  5.76945  2.24662  7.77843  9.94173
833  7.00219  2.33764  7.79336  10.7346
834  6.97564  3.33988  7.00121  10.4322
835  6.33549  2.51231  5.97523  9.06386
836  5.50074  2.63938  6.27996  8.7557
837  6.64279  2.97265  5.14786  8.91425
838  7.35322  2.26063  4.59791  8.9622
839  7.41408  3.15481  3.92022  8.96045
840  7.41408  3.15481  3.92022  8.96045
841  7.90043  3.04931  4.2121  9.45817
842  7.90043  3.04931  4.2121  9.45817
843  7.90043  3.04931  4.2121  9.45817
844  6.80524  4.12389  3.36703  8.64029
845  6.59461  3.19476  3.92844  8.31432
846  5.41691  2.01618  4.59463  7.38366
847  5.08068  1.73675  3.57263  6.44929
848  4.64307  2.14412  3.0627  5.96117
849  4.24804  2.95005  4.04723  6.56724
850  4.24804  2.95005  4.04723  6.56724
851  4.24804  2.95005  4.04723  6.56724
852  4.79612  2.11797  2.97694  6.02916
853  4.79612  2.11797  2.97694  6.02916
854  3.57186  1.62877  2.60217  4.70981
855  3.01933  1.04851  2.9249  4.33252
856  2.53741  1.66748  2.57424  3.98067
857  3.31808  0.657376  3.05152  4.55561
858  2.81676  -0.480729  2.29947  3.6678
859  2.81676  -0.480729  2.29947  3.6678
860  3.25557  0.133993  2.79815  4.29492
861  4.47987  0.719198  2.1005  4.99986
862  5.30688  0.953787  1.82636  5.69282
863  6.1859  0.090927  1.1375  6.29027
864  6.44567  0.444654  0.990467  6.53647
865  6.44567  0.444654  0.990467  6.53647
866  6.44567  0.444654  0.990467  6.53647
867  6.44567  0.444654  0.990467  6.53647
868  5.34597  -0.524828  0.780296  5.42805
869  5.31535  -0.909632  0.589696  5.42477
870  5.31535  -0.909632  0.589696  5.42477
871  5.31535  -0.909632  0.589696  5.42477
872  5.31535  -0.909632  0.589696  5.42477
873  5.39608  -1.11798  -0.634475  5.54708
874  4.90919  -0.958402  -0.232773  5.00728
875  4.90919  -0.958402  -0.232773  5.00728
876  4.90919  -0.958402  -0.232773  5.00728
877  3.71564  -0.397297  -0.649354  3.79282
878  2.77241  0.00636712  0.228622  2.78183
879  2.52078  0.0837078  1.43835  2.90348
880  2.85829  -0.871565  0.849041  3.1065
881  2.6671  -0.529373  0.997304  2.89625
882  3.13787  0.24696  0.393246  3.17205
883  2.33696  -0.816383  1.49295  2.8908
884  1.65349  -0.328838  0.443556  1.74324
885  0.968568  0.508042  0.399783  1.1645
886  -0.167437  1.43338  -0.761642  1.63178
887  -0.363869  0.477669  -1.04062  1.20144
888  -1.16126  1.19665  -1.66702  2.35785
889  -1.17062  0.933039  -1.2005  1.91889
890  -0.208124  0.140361  -2.19655  2.21085
891  0.913193  0.0640752  -1.48758  1.74669
892  0.913193  0.0640752  -1.48758  1.74669
893  0.587196  -1.11995  -1.28742  1.80459
894  1.12433  -1.01715  -1.5008  2.13333
895  1.12433  -1.01715  -1.5008  2.13333
896  1.4959  -0.441417  -0.828219  1.76593
897  1.4959  -0.441417  -0.828219  1.76593
898  1.92006  0.633087  0.313046  2.04583
899  0.894657  1.54197  0.659222  1.9007
900  0.894657  1.54197  0.659222  1.9007
901  1.63663  0.434879  -0.470245  1.7575
902  1.49722  -0.10532  -1.47488  2.10429
903  1.49722  -0.10532  -1.47488  2.10429
904  2.46562  0.531978  -0.64043  2.60239
905  2.77341  1.06338  0.480027  3.00882
906  2.77341  1.06338  0.480027  3.00882
907  1.92654  0.99609  0.180496  2.17631
908  1.92654  0.99609  0.180496  2.17631
909  1.10333  1.75029  1.12176  2.35355
910  1.10333  1.75029  1.12176  2.35355
911  0.944571  2.7932  0.354924  2.96988
912  0.391631  3.11534  1.00755  3.29756
913  0.465868  2.78946  1.80994  3.35767
914  0.799897  3.65706  1.34189  3.97676
915  0.534952  3.61102  1.52179  3.95494
916  0.658662  2.59084  1.89429  3.27637
917  0.658662  2.59084  1.89429  3.27637
918  0.658662  2.59084  1.89429  3.27637
919  1.12991  3.34484  1.14597  3.71186
920  1.12991  3.34484  1.14597  3.71186
921  1.30082  2.34971  0.946053  2.84751
922  1.30082  2.34971  0.946053  2.84751
923  0.736479  2.20924  1.50855  2.77468
924  0.219872  1.77824  0.358107  1.82721
925  0.219872  1.77824  0.358107  1.82721
926  0.738084  2.53213  -0.453266  2.67617
927  0.738084  2.53213  -0.453266  2.67617
928  1.77168  1.80421  0.282966  2.54443
929  1.77168  1.80421  0.282966  2.54443
930  0.804732  2.0744  1.26557  2.55976
931  0.804732  2.0744  1.26557  2.55976
932  0.36923  1.50702  0.276543  1.57604
933  0.141436  1.50895  -0.174884  1.52562
934  1.10444  0.518633  0.442707  1.29798
935  1.10444  0.518633  0.442707  1.29798
936  1.10444  0.518633  0.442707  1.29798
937  1.10444  0.518633  0.442707  1.29798
938  1.10444  0.518633  0.442707  1.29798
939  1.10444  0.518633  0.442707  1.29798
940  0.768375  -0.648591  -0.434527  1.09539
941  0.461349  0.385492  0.738039  0.951918
942  0.461349  0.385492  0.738039  0.951918
943  0.204186  0.494144  0.565399  0.778169
944  0.465041  0.253197  0.992281  1.12472
945  1.13996  -0.449373  0.0763855  1.22772
946  1.13996  -0.449373  0.0763855  1.22772
947  2.18454  -0.387879  0.575397  2.29211
948  1.32444  -1.2276  -0.286284  1.82842
949  0.493227  -0.42501  -1.35625  1.50443
950  0.135805  -0.0672491  -1.78192  1.78836
951  -0.586831  -0.854464  -1.86351  2.1324
952  -0.586831  -0.854464  -1.86351  2.1324
953  -0.662521  -0.929519  -0.80531  1.39695
954  -0.662521  -0.929519  -0.80531  1.39695
955  -0.662521  -0.929519  -0.80531  1.39695
956  -0.662521  -0.929519  -0.80531  1.39695
957  -0.662521  -0.929519  -0.80531  1.39695
958  -0.275403  -0.397262  -0.461826  0.668541
959  -0.275403  -0.397262  -0.461826  0.668541
960  -0.275403  -0.397262  -0.461826  0.668541
961  -0.275403  -0.397262  -0.461826  0.668541
962  -0.275403  -0.397262  -0.461826  0.668541
963  -0.275403  -0.397262  -0.461826  0.668541
964  -0.117461  0.226343  -0.335151  0.421135
965  -0.117461  0.226343  -0.335151  0.421135
966  -0.117461  0.226343  -0.335151  0.421135
967  -0.117461  0.226343  -0.335151  0.421135
968  -0.117461  0.226343  -0.335151  0.421135
969  -0.117461  0.226343  -0.335151  0.421135
970  -0.117461  0.226343  -0.335151  0.421135
971  -0.117461  0.226343  -0.335151  0.421135
972  0.0297372  -0.302167  -0.187717  0.356969
973  1.05762  -0.0407981  0.893075  1.38485
974  1.05762  -0.0407981  0.893075  1.38485
975  0.612435  0.717163  1.49369  1.7665
976  -0.198445  0.238007  2.04787  2.07118
977  -1.14174  -0.116795  1.26123  1.70526
978  -0.966977  0.546506  1.05941  1.53495
979  -1.04582  0.0747583  1.9579  2.22097
980  -0.0281176  0.775774  1.88556  2.0391
981  0.14892  1.65487  0.647206  1.78316
982  -0.56247  1.70368  0.255001  1.81216
983  -0.56247  1.70368  0.255001  1.81216
984  0.0879435  1.8533  -0.857629  2.04401
985  0.0879435  1.8533  -0.857629  2.04401
986  -0.0583323  0.863804  -1.16567  1.45202
987  -0.0583323  0.863804  -1.16567  1.45202
988  -0.0583323  0.863804  -1.16567  1.45202
989  -0.0583323  0.863804  -1.16567  1.45202
990  -0.0583323  0.863804  -1.16567  1.45202
991  -0.0583323  0.863804  -1.16567  1.45202
992  -0.0583323  0.863804  -1.16567  1.45202
993  -0.0583323  0.863804  -1.16567  1.45202
994  -0.0338432  1.45072  -0.425103  1.5121
995  -0.0338432  1.45072  -0.425103  1.5121
996  -0.979003  1.8219  0.483987  2.12415
997  -0.979003  1.8219  0.483987  2.12415
998  -1.88161  0.814054  0.583434  2.13156
999  -1.88161  0.814054  0.583434  2.13156
1000  -1.29859  0.338628  0.665557  1.49799
1001  -2.23169  0.652104  1.25015  2.6398
1002  -2.24704  0.0808436  0.76066  2.37367
1003  -1.97937  1.06936  1.68839  2.81284
1004  -1.97937  1.06936  1.68839  2.81284
1005  -1.66971  0.647746  0.758618  1.94499
1006  -1.66971  0.647746  0.758618  1.94499
1007  -1.66971  0.647746  0.758618  1.94499
1008  -1.57218  1.47156  1.5586  2.65829
1009  -1.57218  1.47156  1.5586  2.65829
1010  -1.57218  1.47156  1.5586  2.65829
1011  -1.5058  1.57244  1.53953  2.66649
1012  -0.438785  2.32811  1.11122  2.61676
1013  -1.48981  1.74989  0.590218  2.37276
1014  -0.92144  2.50816  -0.137332  2.67559
1015  0.13071  2.11273  -0.852388  2.28195
1016  0.329077  1.95488  -0.482543  2.04027
1017  -0.594683  1.93101  0.583835  2.10317
1018  -0.292893  2.2127  1.10614  2.49106
1019  -0.276462  1.46565  0.942251  1.7642
1020  -0.276462  1.46565  0.942251  1.7642
1021  0.323338  0.787683  0.830571  1.18947
1022  1.20432  0.811623  1.12778  1.83875
1023  1.36057  -0.421567  1.52716  2.08832
1024  0.497658  0.270673  2.36963  2.4364
1025  0.497658  0.270673  2.36963  2.4364
1026  1.40396  1.36638  1.39325  2.40401
1027  1.40396  1.36638  1.39325  2.40401
1028  1.40396  1.36638  1.39325  2.40401
1029  2.27429  2.04027  0.541248  3.10291
1030  2.27429  2.04027  0.541248  3.10291
1031  2.27429  2.04027  0.541248  3.10291
1032  2.65705  2.23938  1.74497  3.8884
1033  3.80563  2.15062  0.927874  4.46866
1034  3.55596  1.65828  1.39009  4.16258
1035  3.55596  1.65828  1.39009  4.16258
1036  3.55596  1.65828  1.39009  4.16258
1037  4.13271  1.43247  0.751089  4.43795
1038  3.70304  2.28451  0.0574484  4.35141
1039  3.70304  2.28451  0.0574484  4.35141
1040  2.66522  1.1047  -0.293039  2.89993
1041  1.8829  1.6277  -0.295305  2.50638
1042  1.8829  1.6277  -0.295305  2.50638
1043  1.10786  1.51637  -0.930231  2.09573
1044  0.777916  0.280817  -0.702024  1.08483
1045  0.00836999  -0.907054  -0.799775  1.20932
1046  0.00836999  -0.907054  -0.799775  1.20932
1047  -0.632263  -0.735318  -0.432538  1.06186
1048  -0.632263  -0.735318  -0.432538  1.06186
1049  0.167679  -0.215957  0.666664  0.720552
1050  0.467213  0.772937  0.563473  1.06453
1051  0.467213  0.772937  0.563473  1.06453
1052  0.467213  0.772937  0.563473  1.06453
1053  0.467213  0.772937  0.563473  1.06453
1054  -0.0430588  0.949558  -0.53323  1.08988
1055  1.08493  0.448447  0.131133  1.18126
1056  0.240705  -0.47843  -0.449356  0.69911
1057  0.240705  -0.47843  -0.449356  0.69911
1058  0.240705  -0.47843  -0.449356  0.69911
1059  -0.547163  -0.0950131  0.397239  0.682798
1060  -0.547163  -0.0950131  0.397239  0.682798
1061  -0.547163  -0.0950131  0.397239  0.682798
1062  -0.547163  -0.0950131  0.397239  0.682798
1063  -0.547163  -0.0950131  0.397239  0.682798
1064  -0.547163  -0.0950131  0.397239  0.682798
1065  -0.547163  -0.0950131  0.397239  0.682798
1066  -0.283956  -0.195861  1.1733  1.22295
1067  -0.283956  -0.195861  1.1733  1.22295
1068  -0.283956  -0.195861  1.1733  1.22295
1069  -0.283956  -0.195861  1.1733  1.22295
1070  -0.283956  -0.195861  1.1733  1.22295
1071  -0.283956  -0.195861  1.1733  1.22295
1072  -0.283956  -0.195861  1.1733  1.22295
1073  -0.399597  0.0149759  0.614528  0.733176
1074  -0.399597  0.0149759  0.614528  0.733176
1075  -0.399597  0.0149759  0.614528  0.733176
1076  -0.399597  0.0149759  0.614528  0.733176
1077  -0.399597  0.0149759  0.614528  0.733176
1078  -0.053338  0.314304  0.782512  0.84496
1079  0.37878  -0.279364  -0.23692  0.526925
1080  0.37878  -0.279364  -0.23692  0.526925
1081  0.37878  -0.279364  -0.23692  0.526925
1082  0.37878  -0.279364  -0.23692  0.526925
1083  0.37878  -0.279364  -0.23692  0.526925
1084  0.37878  -0.279364  -0.23692  0.526925
1085  0.37878  -0.279364  -0.23692  0.526925
1086  0.842654  -0.25407  0.189763  0.900348
1087  0.842654  -0.25407  0.189763  0.900348
1088  0.617413  0.487488  -0.762335  1.09544
1089  0.617413  0.487488  -0.762335  1.09544
1090  1.32928  -0.265972  0.361693  1.40305
1091  1.18687  -0.0577622  -0.744822  1.40241
1092  1.18687  -0.0577622  -0.744822  1.40241
1093  1.18687  -0.0577622  -0.744822  1.40241
1094  1.18687  -0.0577622  -0.744822  1.40241
1095  1.18687  -0.0577622  -0.744822  1.40241
1096  1.18687  -0.0577622  -0.744822  1.40241
1097  1.18687  -0.0577622  -0.744822  1.40241
1098  0.241543  -0.852129  -1.48912  1.73261
1099  0.241543  -0.852129  -1.48912  1.73261
1100  0.241543  -0.852129  -1.48912  1.73261
1101  1.06361  -0.0703443  -1.07295  1.51242
1102  1.06361  -0.0703443  -1.07295  1.51242
1103  0.386346  -0.330863  -1.0782  1.19216
1104  -0.426781  0.880849  -0.848975  1.29568
1105  -0.426781  0.880849  -0.848975  1.29568
1106  0.558242  -0.117334  -0.646765  0.862384
1107  0.664643  0.0727864  -0.202589  0.698634
1108  -0.0575927  -0.539324  -0.349698  0.645349
1109  -0.0575927  -0.539324  -0.349698  0.645349
1110  -0.351471  -1.36033  0.400619  1.461
1111  -0.351471  -1.36033  0.400619  1.461
1112  -1.3933  -1.08577  -0.201205  1.77782
1113  -1.3933  -1.08577  -0.201205  1.77782
1114  -0.956312  -0.54963  -0.602689  1.25692
1115  -0.956312  -0.54963  -0.602689  1.25692
1116  -0.956312  -0.54963  -0.602689  1.25692
1117  -0.956312  -0.54963  -0.602689  1.25692
1118  -0.956312  -0.54963  -0.602689  1.25692
1119  -0.956312  -0.54963  -0.602689  1.25692
1120  -0.956312  -0.54963  -0.602689  1.25692
1121  -0.956312  -0.54963  -0.602689  1.25692
1122  -0.956312  -0.54963  -0.602689  1.25692
1123  -1.00621  -0.638849  -0.252189  1.21827
1124  -0.398263  0.180232  -0.592455  0.736274
1125  -0.398263  0.180232  -0.592455  0.736274
1126  -0.398263  0.180232  -0.592455  0.736274
1127  -0.398263  0.180232  -0.592455  0.736274
1128  -0.398263  0.180232  -0.592455  0.736274
1129  -0.398263  0.180232  -0.592455  0.736274
1130  -0.398263  0.180232  -0.592455  0.736274
1131  -0.398263  0.180232  -0.592455  0.736274
1132  -0.0927514  0.0173494  -0.396521  0.407594
1133  -0.0891837  0.0275669  0.638441  0.645229
1134  -0.0891837  0.0275669  0.638441  0.645229
1135  -0.0891837  0.0275669  0.638441  0.645229
1136  0.857146  -1.05648  0.141947  1.36784
1137  1.96456  -0.0451379  0.611564  2.05805
1138  1.96456  -0.0451379  0.611564  2.05805
1139  2.5137  -0.384538  0.763893  2.6552
1140  2.41715  0.616179  0.308591  2.51346
1141  2.41715  0.616179  0.308591  2.51346
1142  1.43031  -0.520582  1.52533  2.15487
1143  1.43031  -0.520582  1.52533  2.15487
1144  1.43031  -0.520582  1.52533  2.15487
1145  0.202385  -0.963161  1.28512  1.61869
1146  0.580854  -1.30089  0.810759  1.63922
1147  0.580854  -1.30089  0.810759  1.63922
1148  -0.563  -0.336739  0.00677548  0.656055
1149  -0.132502  0.293468  0.502118  0.596492
1150  -0.132502  0.293468  0.502118  0.596492
1151  0.625035  0.53438  0.341815  0.890543
1152  -0.0870613  -0.475417  0.413453  0.636038
1153  -0.780434  -0.106063  0.00119488  0.787609
1154  -0.780434  -0.106063  0.00119488  0.787609
1155  -0.780434  -0.106063  0.00119488  0.787609
1156  0.265782  -1.00597  0.0182702  1.04065
1157  0.0337622  -1.39451  0.0336773  1.39533
1158  -0.556806  -2.59668  -0.0526716  2.65623
1159  -0.655374  -2.80563  1.06663  3.07226
1160  -0.655374  -2.80563  1.06663  3.07226
1161  -0.655374  -2.80563  1.06663  3.07226
1162  -1.80332  -2.15735  0.635811  2.88277
1163  -1.25816  -1.36782  -0.49011  1.922
1164  -0.317538  -1.3278  0.675478  1.52321
1165  -0.317538  -1.3278  0.675478  1.52321
1166  -0.317538  -1.3278  0.675478  1.52321
1167  -0.317538  -1.3278  0.675478  1.52321
1168  -0.317538  -1.3278  0.675478  1.52321
1169  -0.317538  -1.3278  0.675478  1.52321
1170  -0.68379  -0.221659  0.9839  1.21851
1171  -0.68379  -0.221659  0.9839  1.21851
1172  -0.808904  0.512314  1.75016  1.99495
1173  -0.908921  -0.408988  1.14321  1.51669
1174  -0.840028  -0.455717  0.168827  0.970478
1175  -0.840028  -0.455717  0.168827  0.970478
1176  -1.47713  -1.24742  -0.99091  2.17253
1177  -1.2748  -1.5492  -1.78198  2.68339
1178  -0.251603  -0.582561  -0.555207  0.843171
1179  0.0539917  -1.12661  -0.503997  1.23539
1180  0.0539917  -1.12661  -0.503997  1.23539
1181  0.422877  -0.398031  -1.67029  1.76837
1182  -0.509419  -0.5805  -1.23961  1.46052
1183  -0.509419  -0.5805  -1.23961  1.46052
1184  -1.06787  -1.25696  -0.450571  1.70977
1185  -0.921897  -0.960287  -1.30254  1.86243
1186  0.108701  -1.67499  -0.323581  1.70942
1187  0.0302256  -0.988869  -1.45156  1.75665
1188  0.0302256  -0.988869  -1.45156  1.75665
1189  0.0302256  -0.988869  -1.45156  1.75665
1190  -0.00303621  -0.704773  -1.01932  1.23925
1191  -0.00303621  -0.704773  -1.01932  1.23925
1192  -1.17429  0.401011  -1.0205  1.6066
1193  -1.17429  0.401011  -1.0205  1.6066
1194  -0.315405  -0.799728  -0.923034  1.26136
1195  -0.957359  -0.91993  -0.146257  1.33574
1196  -0.18017  0.13678  -0.380038  0.442266
1197  -0.18017  0.13678  -0.380038  0.442266
1198  -0.287678  -0.299187  0.31289  0.519781
1199  -0.287678  -0.299187  0.31289  0.519781
1200  -0.287678  -0.299187  0.31289  0.519781
1201  -0.287678  -0.299187  0.31289  0.519781
1202  -0.287678  -0.299187  0.31289  0.519781
1203  0.781314  -1.40374  -0.479709  1.67662
1204  0.781314  -1.40374  -0.479709  1.67662
1205  -0.0405662  -1.18534  0.474005  1.27725
1206  0.377479  -0.663184  1.04933  1.29746
1207  0.377479  -0.663184  1.04933  1.29746
1208  0.92166  -0.257784  1.62363  1.8847
1209  2.14256  -0.321416  1.50062  2.63548
1210  1.37743  -1.0129  2.7098  3.20411
1211  1.37743  -1.0129  2.7098  3.20411
1212  1.37743  -1.0129  2.7098  3.20411
1213  1.48306  -0.459098  1.54463  2.19001
1214  1.92051  -0.0630861  2.49696  3.15073
1215  1.92051  -0.0630861  2.49696  3.15073
1216  1.22497  0.157605  2.76884  3.03181
1217  0.466774  0.97121  2.86695  3.06277
1218  -0.420671  0.353453  1.72973  1.8149
1219  -0.420671  0.353453  1.72973  1.8149
1220  -1.33246  0.281634  0.730874  1.54562
1221  -1.33246  0.281634  0.730874  1.54562
1222  -1.33246  0.281634  0.730874  1.54562
1223  -1.33246  0.281634  0.730874  1.54562
1224  -0.769103  0.152484  0.395558  0.878201
1225  -0.105118  0.344769  -0.326341  0.486224
1226  -0.368989  0.329655  -0.115907  0.508193
1227  -0.368989  0.329655  -0.115907  0.508193
1228  -0.368989  0.329655  -0.115907  0.508193
1229  -0.368989  0.329655  -0.115907  0.508193
1230  -0.50687  -0.595968  -0.898732  1.19156
1231  -0.50687  -0.595968  -0.898732  1.19156
1232  -0.50687  -0.595968  -0.898732  1.19156
1233  -0.50687  -0.595968  -0.898732  1.19156
1234  0.480862  0.391965  -1.17772  1.33113
1235  1.65042  -0.720528  -0.308348  1.82706
1236  2.46291  -0.370365  0.570278  2.55506
1237  2.46291  -0.370365  0.570278  2.55506
1238  2.78654  0.549458  0.229609  2.84946
1239  2.78654  0.549458  0.229609  2.84946
1240  2.78654  0.549458  0.229609  2.84946
1241  2.78654  0.549458  0.229609  2.84946
1242  2.78654  0.549458  0.229609  2.84946
1243  2.59007  1.18531  1.00765  3.02139
1244  2.46155  0.193905  0.550672  2.52983
1245  2.77318  0.594302  -0.656957  2.91124
1246  2.79028  1.57078  -0.409677  3.22814
1247  3.55959  1.72899  -0.775033  4.03246
1248  2.75583  2.17828  -0.330745  3.5283
1249  2.75583  2.17828  -0.330745  3.5283
1250  2.04949  2.89456  -1.46651  3.83791
1251  2.62226  1.99917  -1.81472  3.7638
1252  2.62226  1.99917  -1.81472  3.7638
1253  3.3126  1.17499  -0.955087  3.64226
1254  2.25432  0.743538  0.215174  2.3835
1255  2.25432  0.743538  0.215174  2.3835
1256  2.25432  0.743538  0.215174  2.3835
1257  1.41152  1.10125  -0.865105  1.98835
1258  2.53482  1.78879  -1.37622  3.39398
1259  2.69065  1.36512  -2.34573  3.82172
1260  2.93541  1.50652  -1.27486  3.53716
1261  2.60899  2.29502  -0.456745  3.50465
1262  2.60899  2.29502  -0.456745  3.50465
1263  2.82385  1.56282  -0.676022  3.2975
1264  2.82385  1.56282  -0.676022  3.2975
1265  2.35238  1.88868  -0.907642  3.15034
1266  1.31031  1.85026  -1.00895  2.4816
1267  0.673318  0.804129  -0.9727  1.43043
1268  0.673318  0.804129  -0.9727  1.43043
1269  0.429869  0.710516  -0.666089  1.06456
1270  0.429869  0.710516  -0.666089  1.06456
1271  -0.572057  0.554216  -0.780372  1.11507
1272  -0.572057  0.554216  -0.780372  1.11507
1273  -1.31422  -0.050119  -0.985714  1.64357
1274  -1.50469  -0.985787  -0.414197  1.84592
1275  -1.73755  0.196962  0.547704  1.83245
1276  -1.2703  0.775538  0.514807  1.57485
1277  -0.909721  -0.177375  1.7031  1.93897
1278  -0.871144  -0.987892  1.23326  1.80437
1279  -1.56697  -0.579077  0.306859  1.6985
1280  -1.10756  -0.348695  -0.610529  1.31188
1281  -1.10756  -0.348695  -0.610529  1.31188
1282  -1.10756  -0.348695  -0.610529  1.31188
1283  -1.10756  -0.348695  -0.610529  1.31188
1284  -0.425508  -0.426662  -0.7954  0.997877
1285  -0.425508  -0.426662  -0.7954  0.997877
1286  -0.425508  -0.426662  -0.7954  0.997877
1287  -0.382976  0.489076  -1.54161  1.66205
1288  0.494226  0.617899  -1.78613  1.95354
1289  0.278064  1.29128  -2.92136  3.2061
1290  0.278064  1.29128  -2.92136  3.2061
1291  0.938994  0.741149  -2.05986  2.38202
1292  0.938994  0.741149  -2.05986  2.38202
1293  0.938994  0.741149  -2.05986  2.38202
1294  -0.2652  1.59737  -1.62443  2.29362
1295  -0.2652  1.59737  -1.62443  2.29362
1296  0.297385  1.79478  -2.30719  2.93817
1297  -0.580465  0.679766  -1.19789  1.49464
1298  0.281192  -0.0426897  -1.20676  1.23982
1299  1.19999  -0.317707  -0.450858  1.32068
1300  1.19999  -0.317707  -0.450858  1.32068
1301  0.559042  0.73934  -0.127965  0.935695
1302  0.559042  0.73934  -0.127965  0.935695
1303  0.044606  0.110253  0.273397  0.298147
1304  0.044606  0.110253  0.273397  0.298147
1305  0.044606  0.110253  0.273397  0.298147
1306  0.044606  0.110253  0.273397  0.298147
1307  0.044606  0.110253  0.273397  0.298147
1308  0.044606  0.110253  0.273397  0.298147
1309  0.044606  0.110253  0.273397  0.298147
1310  0.044606  0.110253  0.273397  0.298147
1311  0.044606  0.110253  0.273397  0.298147
1312  0.044606  0.110253  0.273397  0.298147
1313  0.044606  0.110253  0.273397  0.298147
1314  0.044606  0.110253  0.273397  0.298147
1315  0.044606  0.110253  0.273397  0.298147
1316  0.044606  0.110253  0.273397  0.298147
1317  0.044606  0.110253  0.273397  0.298147
1318  0.044606  0.110253  0.273397  0.298147
1319  0.044606  0.110253  0.273397  0.298147
1320  -0.106044  0.547061  0.760801  0.943048
1321  0.489235  0.491538  0.584155  0.906751
1322  0.422935  -0.175041  0.186613  0.494305
1323  0.422935  -0.175041  0.186613  0.494305
1324  0.422935  -0.175041  0.186613  0.494305
1325  0.422935  -0.175041  0.186613  0.494305
1326  -0.325631  0.171242  0.956598  1.02491
1327  -0.708958  -0.0539619  2.15863  2.27271
1328  -1.66302  -0.266143  2.69459  3.17762
1329  -0.72951  -1.15987  2.52013  2.86855
1330  -1.52405  -1.09342  2.15152  2.85436
1331  -0.559572  -1.81445  1.85888  2.65722
1332  -0.337537  -2.16483  1.29023  2.54265
1333  -1.00727  -2.29282  0.902955  2.66214
1334  -1.00727  -2.29282  0.902955  2.66214
1335  0.0241081  -2.81354  0.205794  2.82116
1336  0.0241081  -2.81354  0.205794  2.82116
1337  -1.14421  -3.55044  0.412773  3.75303
1338  -1.14421  -3.55044  0.412773  3.75303
1339  -0.230255  -3.03046  -0.816675  3.14701
1340  -0.14008  -1.96817  -1.65125  2.57293
1341  0.465898  -2.78143  -2.43645  3.7269
1342  0.0955074  -2.4806  -2.82936  3.76401
1343  -0.859085  -2.96363  -1.78708  3.56578
1344  -0.859085  -2.96363  -1.78708  3.56578
1345  -0.859085  -2.96363  -1.78708  3.56578
1346  -0.101997  -3.13735  -2.44985  3.98185
1347  0.665345  -3.02633  -3.28496  4.51579
1348  0.665345  -3.02633  -3.28496  4.51579
1349  -0.50946  -1.94293  -3.98154  4.4595
1350  -0.50946  -1.94293  -3.98154  4.4595
1351  -0.50946  -1.94293  -3.98154  4.4595
1352  -0.50946  -1.94293  -3.98154  4.4595
1353  -1.09815  -3.13066  -2.88701  4.39793
1354  -0.629052  -3.07428  -2.66574  4.11741
1355  0.250147  -1.95816  -3.43599  3.9627
1356  -0.59387  -2.24631  -3.59661  4.28184
1357  0.145207  -1.74625  -4.37968  4.71721
1358  0.145207  -1.74625  -4.37968  4.71721
1359  -0.33191  -2.85383  -4.43934  5.28794
1360  -0.991114  -3.7639  -3.46338  5.21001
1361  -0.991114  -3.7639  -3.46338  5.21001
1362  -1.17888  -2.65871  -3.14265  4.28191
1363  -1.17888  -2.65871  -3.14265  4.28191
1364  -1.17888  -2.65871  -3.14265  4.28191
1365  -1.35749  -1.49137  -2.62556  3.31067
1366  -0.92853  -2.04412  -2.63169  3.45924
1367  -0.471544  -1.42888  -1.76861  2.32207
1368  0.301912  -2.41785  -0.743539  2.54755
1369  0.526704  -2.0505  -1.03473  2.3564
1370  -0.237165  -2.35104  0.114765  2.36576
1371  -0.729297  -1.65523  -0.134185  1.81375
1372  -0.729297  -1.65523  -0.134185  1.81375
1373  -0.729297  -1.65523  -0.134185  1.81375
1374  -0.729297  -1.65523  -0.134185  1.81375
1375  -0.601133  -0.724172  -1.14941  1.48557
1376  -0.601133  -0.724172  -1.14941  1.48557
1377  -0.601133  -0.724172  -1.14941  1.48557
1378  -1.69172  0.443536  -0.18898  1.75908
1379  -1.06382  0.107084  0.411102  1.14551
1380  -0.00832373  -0.0935662  1.05788  1.06204
1381  -0.00832373  -0.0935662  1.05788  1.06204
1382  0.54314  -0.123889  0.341432  0.653396
1383  1.25352  -0.16345  0.856629  1.52703
1384  1.25352  -0.16345  0.856629  1.52703
1385  1.25352  -0.16345  0.856629  1.52703
1386  1.25352  -0.16345  0.856629  1.52703
1387  1.25352  -0.16345  0.856629  1.52703
1388  0.461149  -0.521039  -0.0162235  0.695991
1389  0.461149  -0.521039  -0.0162235  0.695991
1390  0.461149  -0.521039  -0.0162235  0.695991
1391  0.461149  -0.521039  -0.0162235  0.695991
1392  -0.550731  0.120173  -1.02669  1.17125
1393  -0.550731  0.120173  -1.02669  1.17125
1394  -0.550731  0.120173  -1.02669  1.17125
1395  -0.550731  0.120173  -1.02669  1.17125
1396  -0.550731  0.120173  -1.02669  1.17125
1397  0.491889  -0.897719  -2.19516  2.42211
1398  0.662352  0.260379  -1.94743  2.0734
1399  -0.0738252  -0.0161181  -1.4144  1.41642
1400  0.252439  0.573689  -1.06129  1.23255
1401  0.252439  0.573689  -1.06129  1.23255
1402  1.41691  0.854309  -0.671311  1.78554
1403  0.662568  0.735918  0.402976  1.06909
1404  0.662568  0.735918  0.402976  1.06909
1405  -0.000427318  0.372701  -0.0903001  0.383485
1406  -0.000427318  0.372701  -0.0903001  0.383485
1407  -0.000427318  0.372701  -0.0903001  0.383485
1408  -0.000427318  0.372701  -0.0903001  0.383485
1409  -0.000427318  0.372701  -0.0903001  0.383485
1410  -0.000427318  0.372701  -0.0903001  0.383485
1411  -0.000427318  0.372701  -0.0903001  0.383485
1412  -0.000427318  0.372701  -0.0903001  0.383485
1413  -0.000427318  0.372701  -0.0903001  0.383485
1414  -0.000427318  0.372701  -0.0903001  0.383485
1415  -0.541092  -0.599854  0.711346  1.07639
1416  -0.541092  -0.599854  0.711346  1.07639
1417  0.167276  0.593567  0.0770183  0.621478
1418  -0.0372856  -0.557376  -0.202663  0.594247
1419  -0.0358782  0.218393  0.522092  0.567065
1420  -0.0358782  0.218393  0.522092  0.567065
1421  -0.0358782  0.218393  0.522092  0.567065
1422  0.471537  0.570798  0.988049  1.23467
1423  0.471537  0.570798  0.988049  1.23467
1424  0.471537  0.570798  0.988049  1.23467
1425  0.471537  0.570798  0.988049  1.23467
1426  0.471537  0.570798  0.988049  1.23467
1427  0.134395  -0.110264  0.833027  0.850972
1428  -1.01119  -0.403544  -0.147252  1.09865
1429  -0.692961  0.819766  -0.686082  1.27394
1430  -0.843291  0.111257  -0.793493  1.16325
1431  -0.154993  0.123304  -0.19685  0.279243
1432  -0.154993  0.123304  -0.19685  0.279243
1433  -0.154993  0.123304  -0.19685  0.279243
1434  -0.285724  0.447257  -0.000339223  0.530732
1435  -0.285724  0.447257  -0.000339223  0.530732
1436  0.256508  1.57668  0.532673  1.68388
1437  0.789928  0.918931  -0.261674  1.23972
1438  0.600007  0.258542  -0.591272  0.881167
1439  0.600007  0.258542  -0.591272  0.881167
1440  0.600007  0.258542  -0.591272  0.881167
1441  -0.245078  0.830159  0.195947  0.88748
1442  -0.245078  0.830159  0.195947  0.88748
1443  -0.245078  0.830159  0.195947  0.88748
1444  0.0362161  -0.209379  0.367328  0.42436
1445  0.0362161  -0.209379  0.367328  0.42436
1446  0.0362161  -0.209379  0.367328  0.42436
1447  0.0362161  -0.209379  0.367328  0.42436
1448  0.0362161  -0.209379  0.367328  0.42436
1449  0.0362161  -0.209379  0.367328  0.42436
1450  0.0362161  -0.209379  0.367328  0.42436
1451  0.0362161  -0.209379  0.367328  0.42436
1452  -0.518286  -1.23035  -0.477509  1.41789
1453  -0.518286  -1.23035  -0.477509  1.41789
1454  -0.447375  -0.924138  -1.07272  1.48489
1455  -0.447375  -0.924138  -1.07272  1.48489
1456  0.0837443  -0.218549  -1.37242  1.39223
1457  0.0837443  -0.218549  -1.37242  1.39223
1458  0.623858  -0.650678  -0.33907  0.963093
1459  0.623858  -0.650678  -0.33907  0.963093
1460  0.623858  -0.650678  -0.33907  0.963093
1461  -0.314649  -0.899768  -0.503332  1.07793
1462  0.462697  -0.0643491  0.0838941  0.474624
1463  0.462697  -0.0643491  0.0838941  0.474624
1464  0.429088  0.692616  0.356609  0.889384
1465  -0.393003  0.592866  0.64537  0.960439
1466  -0.393003  0.592866  0.64537  0.960439
1467  -0.00846418  0.83485  0.449567  0.948238
1468  -0.63757  1.35725  0.525931  1.5891
1469  -1.54421  0.96585  -0.68435  1.94571
1470  -1.54421  0.96585  -0.68435  1.94571
1471  -1.76277  1.68857  -0.595581  2.51264
1472  -2.03302  1.33952  -0.221247  2.44467
1473  -2.99605  1.78296  0.969487  3.61872
1474  -2.0128  1.56295  1.11399  2.78122
1475  -2.0128  1.56295  1.11399  2.78122
1476  -2.0128  1.56295  1.11399  2.78122
1477  -2.0128  1.56295  1.11399  2.78122
1478  -0.833154  2.16422  1.46897  2.74515
1479  -1.58048  3.02163  0.400794  3.43348
1480  -1.58048  3.02163  0.400794  3.43348
1481  -0.448992  2.16027  -0.37943  2.23883
1482  -1.28561  1.25157  -0.573358  1.88361
1483  -0.0733841  0.675312  0.398836  0.787719
1484  -0.0733841  0.675312  0.398836  0.787719
1485  -0.0193978  0.290803  -0.666611  0.727539
1486  -0.0193978  0.290803  -0.666611  0.727539
1487  -0.0193978  0.290803  -0.666611  0.727539
1488  -0.0193978  0.290803  -0.666611  0.727539
1489  1.10353  1.23011  -1.13183  2.00299
1490  2.1439  0.104719  -0.0318229  2.14669
1491  1.38628  1.11574  -1.05418  2.06832
1492  2.23161  1.33064  -0.467201  2.63988
1493  2.06134  1.31347  0.137317  2.4481
1494  2.06134  1.31347  0.137317  2.4481
1495  2.52199  1.54173  0.39315  2.98194
1496  2.52199  1.54173  0.39315  2.98194
1497  2.80169  2.41444  -0.659864  3.75691
1498  3.64895  2.13585  -0.879597  4.31861
1499  3.64895  2.13585  -0.879597  4.31861
1500  3.64895  2.13585  -0.879597  4.31861
1501  3.21894  1.27986  -1.2004  3.66614
1502  3.19931  0.441221  -0.353904  3.24892
1503  3.19931  0.441221  -0.353904  3.24892
1504  2.45975  0.708466  0.395898  2.59018
1505  2.45975  0.708466  0.395898  2.59018
1506  2.19606  -0.132775  -0.20845  2.20992
1507  2.39317  -0.936834  -0.402299  2.6013
1508  2.39317  -0.936834  -0.402299  2.6013
1509  1.56425  -1.44359  -1.44033  2.57009
1510  1.56425  -1.44359  -1.44033  2.57009
1511  0.587758  -2.04293  -2.64103  3.39028
1512  0.725825  -2.02805  -2.08479  2.99769
1513  0.725825  -2.02805  -2.08479  2.99769
1514  0.163941  -1.64313  -0.84744  1.85605
1515  0.275287  -2.02589  -1.34775  2.44876
1516  0.275287  -2.02589  -1.34775  2.44876
1517  0.0813483  -1.28626  -2.04357  2.41604
1518  0.0813483  -1.28626  -2.04357  2.41604
1519  -0.503554  -1.58695  -2.1756  2.73956
1520  -1.62228  -1.21797  -2.02416  2.86574
1521  -1.62228  -1.21797  -2.02416  2.86574
1522  -0.993499  -0.0337489  -1.63454  1.91308
1523  -0.993499  -0.0337489  -1.63454  1.91308
1524  -0.993499  -0.0337489  -1.63454  1.91308
1525  -0.993499  -0.0337489  -1.63454  1.91308
1526  0.193922  -0.0175935  -1.28328  1.29797
1527  0.0451216  -0.724338  -0.363864  0.811849
1528  0.0451216  -0.724338  -0.363864  0.811849
1529  0.0451216  -0.724338  -0.363864  0.811849
1530  1.09041  -0.502946  -0.0802757  1.20349
1531  0.672828  0.294849  0.969382  1.21628
1532  -0.0233202  0.896041  0.859211  1.24164
1533  -1.00405  -0.243062  -0.338078  1.08697
1534  -0.128778  -0.0449986  -1.01379  1.02293
1535  -0.128778  -0.0449986  -1.01379  1.02293
1536  -0.128778  -0.0449986  -1.01379  1.02293
1537  0.871381  -1.07978  -1.61825  2.13166
1538  1.66026  -0.204562  -0.504058  1.74711
1539  0.565957  0.554881  0.643001  1.02061
1540  0.354831  -0.278501  0.0887781  0.459728
1541  0.354831  -0.278501  0.0887781  0.459728
1542  0.354831  -0.278501  0.0887781  0.459728
1543  0.354831  -0.278501  0.0887781  0.459728
1544  0.354831  -0.278501  0.0887781  0.459728
1545  0.354831  -0.278501  0.0887781  0.459728
1546  0.291545  -0.0668892  -0.591008  0.662392
1547  0.291545  -0.0668892  -0.591008  0.662392
1548  0.291545  -0.0668892  -0.591008  0.662392
1549  0.128537  -0.507302  -0.701058  0.874848
1550  0.582074  0.248011  -0.635403  0.896692
1551  0.582074  0.248011  -0.635403  0.896692
1552  -0.482497  -0.651999  -1.82217  1.99454
1553  -1.1946  0.0778008  -1.23251  1.7182
1554  -0.33308  0.373832  -0.625033  0.800849
1555  -0.33308  0.373832  -0.625033  0.800849
1556  -0.33308  0.373832  -0.625033  0.800849
1557  -0.33308  0.373832  -0.625033  0.800849
1558  -0.33308  0.373832  -0.625033  0.800849
1559  0.201647  0.357001  0.0776745  0.417307
1560  0.515236  0.393381  1.15672  1.32598
1561  0.515236  0.393381  1.15672  1.32598
1562  0.894658  0.0786622  0.551864  1.05411
1563  0.894658  0.0786622  0.551864  1.05411
1564  0.894658  0.0786622  0.551864  1.05411
1565  -0.170414  -0.680471  -0.155944  0.71861
1566  0.648837  -0.233086  0.311417  0.756505
1567  0.483152  -0.198563  -0.32086  0.613037
1568  0.483152  -0.198563  -0.32086  0.613037
1569  0.483152  -0.198563  -0.32086  0.613037
1570  0.483152  -0.198563  -0.32086  0.613037
1571  0.483152  -0.198563  -0.32086  0.613037
1572  0.483152  -0.198563  -0.32086  0.613037
1573  0.377666  -0.112607  0.492823  0.63102
1574  0.377666  -0.112607  0.492823  0.63102
1575  0.377666  -0.112607  0.492823  0.63102
1576  0.377666  -0.112607  0.492823  0.63102
1577  -0.0920283  0.115661  -0.230264  0.27362
1578  -0.0920283  0.115661  -0.230264  0.27362
1579  -0.0920283  0.115661  -0.230264  0.27362
1580  -0.0920283  0.115661  -0.230264  0.27362
1581  -0.0920283  0.115661  -0.230264  0.27362
1582  -0.0920283  0.115661  -0.230264  0.27362
1583  -0.0920283  0.115661  -0.230264  0.27362
1584  -0.680089  -0.170098  -0.56837  0.902496
1585  -0.00501572  0.742849  0.323341  0.810185
1586  -0.00501572  0.742849  0.323341  0.810185
1587  -0.00501572  0.742849  0.323341  0.810185
1588  -0.00501572  0.742849  0.323341  0.810185
1589  0.127978  0.580985  -0.218886  0.633903
1590  0.127978  0.580985  -0.218886  0.633903
1591  0.135474  0.358327  0.340862  0.512775
1592  -0.00347968  -0.717342  -0.30256  0.778546
1593  0.537058  -0.86034  0.238951  1.04198
1594  -0.0380379  0.291891  0.314236  0.430571
1595  -0.0380379  0.291891  0.314236  0.430571
1596  -0.527672  0.707367  0.866389  1.2367
1597  -0.704179  0.887108  -0.275698  1.16569
1598  -0.704179  0.887108  -0.275698  1.16569
1599  -0.970468  1.4336  -0.0440082  1.73175
1600  -0.144344  0.947199  -0.89617  1.31192
1601  -0.144344  0.947199  -0.89617  1.31192
1602  -0.144344  0.947199  -0.89617  1.31192
1603  -0.144344  0.947199  -0.89617  1.31192
1604  -0.144344  0.947199  -0.89617  1.31192
1605  -0.144344  0.947199  -0.89617  1.31192
1606  -0.144344  0.947199  -0.89617  1.31192
1607  -0.144344  0.947199  -0.89617  1.31192
1608  -0.144344  0.947199  -0.89617  1.31192
1609  0.270187  0.602483  -1.13659  1.31447
1610  0.270187  0.602483  -1.13659  1.31447
1611  -0.423733  0.538574  -0.958167  1.178
1612  0.437621  0.335206  -1.81151  1.89353
1613  -0.773665  0.711221  -1.35883  1.71779
1614  -0.303183  0.0986875  -1.59553  1.62708
1615  -0.606614  0.36808  -0.890149  1.13834
1616  -0.606614  0.36808  -0.890149  1.13834
1617  -0.606614  0.36808  -0.890149  1.13834
1618  -0.800129  -0.777171  -0.120152  1.12189
1619  0.129534  -0.135171  0.941496  0.95993
1620  0.443914  -0.307067  0.140015  0.557633
1621  0.443914  -0.307067  0.140015  0.557633
1622  0.443914  -0.307067  0.140015  0.557633
1623  0.443914  -0.307067  0.140015  0.557633
1624  0.359745  0.623625  -0.671094  0.984222
1625  0.0773146  1.72694  0.248032  1.74637
1626  0.0773146  1.72694  0.248032  1.74637
1627  1.2051  0.828573  0.265064  1.48629
1628  1.22757  1.17941  -0.23575  1.71858
1629  1.22757  1.17941  -0.23575  1.71858
1630  1.22757  1.17941  -0.23575  1.71858
1631  1.22757  1.17941  -0.23575  1.71858
1632  1.06488  0.347075  -1.21064  1.64926
1633  1.06488  0.347075  -1.21064  1.64926
1634  1.06488  0.347075  -1.21064  1.64926
1635  0.659405  -0.545272  -1.51736  1.74199
1636  -0.56135  0.206531  -1.29817  1.42934
1637  -1.74621  -0.0616814  -1.24572  2.1459
1638  -1.03801  0.461828  -0.974323  1.49668
1639  -1.41956  1.0768  -2.17466  2.81137
1640  -0.969702  2.1013  -1.72505  2.88645
1641  -0.969702  2.1013  -1.72505  2.88645
1642  -0.969702  2.1013  -1.72505  2.88645
1643  -0.857129  2.1391  -1.3929  2.6927
1644  -0.739173  1.01586  -2.25444  2.58087
1645  -0.697309  0.419659  -1.86384  2.03378
1646  -1.38764  -0.143581  -0.869258  1.6437
1647  -0.783377  0.0939757  -0.808591  1.12975
1648  -0.783377  0.0939757  -0.808591  1.12975
1649  -0.754577  1.10271  -0.108372  1.34056
1650  -0.754577  1.10271  -0.108372  1.34056
1651  0.481255  2.20063  -0.174408  2.25938
1652  1.56441  1.29314  -1.26417  2.39117
1653  1.56441  1.29314  -1.26417  2.39117
1654  2.07814  0.175714  -0.705324  2.20159
1655  1.48379  0.882893  -0.203947  1.7386
1656  1.48379  0.882893  -0.203947  1.7386
1657  2.30317  0.491869  0.9309  2.53241
1658  2.30317  0.491869  0.9309  2.53241
1659  2.30317  0.491869  0.9309  2.53241
1660  3.51376  0.400432  2.13911  4.13312
1661  2.3331  -0.141036  2.93993  3.75585
1662  3.11298  0.0925867  2.64313  4.08477
1663  3.11298  0.0925867  2.64313  4.08477
1664  1.89251  1.02693  3.82211  4.38688
1665  1.57684  0.979249  4.13163  4.52942
1666  2.07374  1.44976  3.83416  4.5938
1667  3.02586  2.12481  2.97901  4.74817
1668  3.02586  2.12481  2.97901  4.74817
1669  3.82519  1.53375  3.35799  5.31607
1670  3.82519  1.53375  3.35799  5.31607
1671  2.62581  0.508799  4.51008  5.24353
1672  3.62279  0.174074  4.07806  5.45761
1673  3.62279  0.174074  4.07806  5.45761
1674  3.14775  1.29377  3.55238  4.91951
1675  3.14775  1.29377  3.55238  4.91951
1676  2.19485  2.51233  3.39629  4.76067
1677  2.54344  2.31234  2.93286  4.51859
1678  1.88468  2.92714  3.48689  4.92733
1679  1.15259  3.93253  2.38934  4.74365
1680  1.15259  3.93253  2.38934  4.74365
1681  1.15259  3.93253  2.38934  4.74365
1682  0.974741  3.79272  1.35276  4.14304
1683  0.654053  3.32328  2.20554  4.04182
1684  0.670135  4.23431  1.08415  4.42198
1685  0.670135  4.23431  1.08415  4.42198
1686  1.53534  4.08491  0.166305  4.36709
1687  1.53534  4.08491  0.166305  4.36709
1688  0.33956  4.34421  -0.342453  4.3709
1689  1.56922  4.70023  -0.740071  5.01022
1690  1.44286  5.30562  -0.290388  5.50598
1691  1.44286  5.30562  -0.290388  5.50598
1692  1.36654  5.70545  -1.26089  6.00079
1693  1.36654  5.70545  -1.26089  6.00079
1694  1.01097  4.972  -1.93458  5.43005
1695  -0.19435  3.89744  -1.9082  4.34385
1696  -0.455812  3.8017  -1.75836  4.21337
1697  -1.50291  3.11523  -2.05095  4.02117
1698  -1.50291  3.11523  -2.05095  4.02117
1699  -1.27923  4.20557  -2.77647  5.19923
1700  -1.65541  4.49629  -2.02848  5.20305
1701  -1.65759  4.08378  -1.72767  4.73388
1702  -1.65759  4.08378  -1.72767  4.73388
1703  -1.60355  4.47317  -1.28552  4.92272
1704  -1.96419  3.55107  -2.35197  4.69041
1705  -0.871618  3.86815  -1.20336  4.14371
1706  -0.299337  2.83402  -1.49446  3.21787
1707  -1.10636  1.81036  -1.90534  2.85162
1708  -1.51497  2.01931  -1.45126  2.91186
1709  -1.90671  0.828902  -0.743122  2.20791
1710  -0.891948  0.0724808  0.13752  0.905393
1711  -0.0346793  -0.514765  0.429741  0.671463
1712  -0.0512051  0.701339  0.265165  0.751539
1713  0.310685  0.56737  -0.636801  0.907716
1714  0.310685  0.56737  -0.636801  0.907716
1715  0.310685  0.56737  -0.636801  0.907716
1716  -0.610334  0.143849  -1.13153  1.29366
1717  -1.03187  -0.901964  -1.48516  2.02089
1718  -1.20355  -0.781746  -1.27785  1.9216
1719  -1.20355  -0.781746  -1.27785  1.9216
1720  -0.306827  -0.831934  -0.311162  0.939723
1721  -0.306827  -0.831934  -0.311162  0.939723
1722  -0.162462  -0.610945  0.280072  0.691439
1723  -0.162462  -0.610945  0.280072  0.691439
1724  0.439256  -0.342338  0.328736  0.646691
1725  0.283868  0.235679  -0.581071  0.688309
1726  0.283868  0.235679  -0.581071  0.688309
1727  0.283868  0.235679  -0.581071  0.688309
1728  0.283868  0.235679  -0.581071  0.688309
1729  1.07774  1.23651  -0.844584  1.84494
1730  1.07774  1.23651  -0.844584  1.84494
1731  1.07774  1.23651  -0.844584  1.84494
1732  1.07774  1.23651  -0.844584  1.84494
1733  1.07774  1.23651  -0.844584  1.84494
1734  1.07774  1.23651  -0.844584  1.84494
1735  1.91318  0.312958  -0.0039871  1.93862
1736  1.91318  0.312958  -0.0039871  1.93862
1737  1.43615  0.476507  -0.251814  1.53395
1738  0.793777  1.04022  0.0597369  1.30985
1739  0.0225549  0.899731  -0.440894  1.0022
1740  0.0225549  0.899731  -0.440894  1.0022
1741  0.0225549  0.899731  -0.440894  1.0022
1742  0.0225549  0.899731  -0.440894  1.0022
1743  -0.294149  0.431315  -1.08021  1.19976
1744  -0.294149  0.431315  -1.08021  1.19976
1745  -0.911538  0.208619  -0.529597  1.07466
1746  -0.911538  0.208619  -0.529597  1.07466
1747  -0.461428  0.846805  -0.10259  0.969804
1748  -0.461428  0.846805  -0.10259  0.969804
1749  -0.461428  0.846805  -0.10259  0.969804
1750  -0.461428  0.846805  -0.10259  0.969804
1751  -0.454354  -0.295244  1.05167  1.18305
1752  -1.29002  -0.549965  1.1694  1.82595
1753  -1.29002  -0.549965  1.1694  1.82595
1754  -0.545528  -0.802171  0.841416  1.28416
1755  -0.545528  -0.802171  0.841416  1.28416
1756  -0.545528  -0.802171  0.841416  1.28416
1757  0.107384  0.353873  1.10416  1.16444
1758  0.107384  0.353873  1.10416  1.16444
1759  0.107384  0.353873  1.10416  1.16444
1760  0.107384  0.353873  1.10416  1.16444
1761  0.107384  0.353873  1.10416  1.16444
1762  0.277057  0.264014  1.73066  1.77247
1763  -0.356166  -0.0939394  2.78788  2.81211
1764  -0.356166  -0.0939394  2.78788  2.81211
1765  -0.356166  -0.0939394  2.78788  2.81211
1766  -0.356166  -0.0939394  2.78788  2.81211
1767  -1.18209  -1.24353  1.95659  2.6023
1768  -1.18209  -1.24353  1.95659  2.6023
1769  -0.856703  -0.901706  2.45261  2.74996
1770  -1.41416  -2.06627  1.58644  2.96414
1771  -0.820673  -1.75939  1.7242  2.5965
1772  -0.797125  -1.63449  0.586316  1.91069
1773  -0.996699  -1.75741  -0.311238  2.0442
1774  0.236686  -0.693124  -0.958327  1.20616
1775  0.236686  -0.693124  -0.958327  1.20616
1776  -0.157079  -1.16047  -0.0830206  1.17399
1777  -0.157079  -1.16047  -0.0830206  1.17399
1778  -0.157079  -1.16047  -0.0830206  1.17399
1779  -0.157079  -1.16047  -0.0830206  1.17399
1780  -1.11252  -0.153366  0.354948  1.1778
1781  -2.00573  -0.366806  0.828534  2.2009
1782  -2.00573  -0.366806  0.828534  2.2009
1783  -2.72058  -0.369815  0.416413  2.777
1784  -2.46609  0.470463  0.649691  2.59327
1785  -1.47409  -0.750162  -0.325467  1.68571
1786  -1.47409  -0.750162  -0.325467  1.68571
1787  -1.32005  0.341053  0.908866  1.63856
1788  -1.32005  0.341053  0.908866  1.63856
1789  -0.458361  0.867342  1.54697  1.8318
1790  -1.25319  1.84844  1.32009  2.59419
1791  -0.781836  1.66064  0.727896  1.97454
1792  -0.781836  1.66064  0.727896  1.97454
1793  -1.15686  1.87767  -0.311329  2.22731
1794  -1.15686  1.87767  -0.311329  2.22731
1795  -0.943001  0.8777  -0.5072  1.38451
1796  -0.943001  0.8777  -0.5072  1.38451
1797  -0.114361  1.67631  0.0541232  1.68107
1798  0.978249  1.4825  0.77533  1.93802
1799  0.978249  1.4825  0.77533  1.93802
1800  1.95252  1.96469  1.0768  2.97184
1801  0.80484  2.96804  0.896369  3.2032
1802  0.80484  2.96804  0.896369  3.2032
1803  0.291244  2.44314  1.49013  2.8765
1804  0.291244  2.44314  1.49013  2.8765
1805  -0.315643  1.75154  1.83956  2.5596
1806  -0.96553  2.78979  2.22265  3.69531
1807  -0.000195792  2.17115  2.75559  3.50816
1808  -0.233832  2.69266  3.49572  4.41872
1809  -0.233832  2.69266  3.49572  4.41872
1810  -0.233832  2.69266  3.49572  4.41872
1811  -0.233832  2.69266  3.49572  4.41872
1812  0.796627  3.69331  3.46605  5.12725
1813  1.42624  3.86674  2.31426  4.7267
1814  1.42624  3.86674  2.31426  4.7267
1815  2.55172  3.11401  2.49236  4.73499
1816  1.6405  3.30057  1.66811  4.04569
1817  1.87687  3.3194  1.55898  4.11964
1818  1.38393  4.10833  1.00979  4.45121
1819  1.38393  4.10833  1.00979  4.45121
1820  0.630412  2.90511  1.5049  3.33194
1821  1.51734  2.96914  0.539742  3.37779
1822  1.51734  2.96914  0.539742  3.37779
1823  1.80837  2.85493  1.17992  3.57953
1824  1.85347  2.86856  0.405086  3.4392
1825  2.74624  2.21322  0.625343  3.58207
1826  2.74624  2.21322  0.625343  3.58207
1827  2.74222  1.55228  0.552007  3.19907
1828  1.94702  0.660862  0.896315  2.24299
1829  1.07858  -0.106966  0.25923  1.11444
1830  0.817289  -1.28968  0.497923  1.60598
1831  0.817289  -1.28968  0.497923  1.60598
1832  -0.230432  -1.84379  1.61672  2.46302
1833  0.379261  -2.51315  1.03294  2.74349
1834  0.379261  -2.51315  1.03294  2.74349
1835  -0.799545  -3.54588  0.867179  3.73692
1836  -1.28313  -2.94966  -0.034458  3.21685
1837  -1.28313  -2.94966  -0.034458  3.21685
1838  -1.28313  -2.94966  -0.034458  3.21685
1839  -0.75875  -3.08843  -0.134915  3.18313
1840  -0.185444  -3.31743  -0.886814  3.43892
1841  0.865027  -2.80187  -1.82994  3.4565
1842  1.20451  -1.65772  -2.99563  3.62942
1843  1.20451  -1.65772  -2.99563  3.62942
1844  0.627278  -2.22986  -2.83203  3.65871
1845  0.251375  -2.51279  -2.89048  3.83825
1846  0.317954  -3.1647  -2.3587  3.95978
1847  -0.757953  -2.99042  -1.47559  3.41972
1848  -0.0399275  -2.73235  -1.39956  3.07019
1849  -0.0399275  -2.73235  -1.39956  3.07019
1850  -0.0399275  -2.73235  -1.39956  3.07019
1851  -0.0399275  -2.73235  -1.39956  3.07019
1852  -0.789347  -3.04596  -1.28529  3.39896
1853  -0.789347  -3.04596  -1.28529  3.39896
1854  -1.51254  -2.1837  -1.27641  2.94712
1855  -1.51254  -2.1837  -1.27641  2.94712
1856  -1.3005  -2.28969  -0.38569  2.66134
1857  -1.34224  -1.08383  -0.0362009  1.72557
1858  -0.485484  -1.28862  -0.514773  1.47011
1859  -0.870577  -0.0833471  -0.946444  1.28865
1860  -0.870577  -0.0833471  -0.946444  1.28865
1861  -1.26801  0.448318  -0.169479  1.35557
1862  -1.26801  0.448318  -0.169479  1.35557
1863  -0.460395  0.445713  -0.352985  0.731589
1864  -0.460395  0.445713  -0.352985  0.731589
1865  0.491425  -0.251974  -0.784689  0.959544
1866  -0.428867  -0.000890375  -0.454234  0.624705
1867  -0.10801  0.196944  -0.495775  0.544285
1868  -0.10801  0.196944  -0.495775  0.544285
1869  -0.10801  0.196944  -0.495775  0.544285
1870  -0.10801  0.196944  -0.495775  0.544285
1871  0.408163  0.957358  -0.0353442  1.04134
1872  0.408163  0.957358  -0.0353442  1.04134
1873  0.408163  0.957358  -0.0353442  1.04134
1874  0.580648  0.226152  -0.42615  0.754918
1875  0.580648  0.226152  -0.42615  0.754918
1876  0.580648  0.226152  -0.42615  0.754918
1877  0.580648  0.226152  -0.42615  0.754918
1878  0.580648  0.226152  -0.42615  0.754918
1879  0.580648  0.226152  -0.42615  0.754918
1880  0.580648  0.226152  -0.42615  0.754918
1881  0.580648  0.226152  -0.42615  0.754918
1882  -0.558522  0.347643  0.128203  0.670253
1883  -0.558522  0.347643  0.128203  0.670253
1884  -0.558522  0.347643  0.128203  0.670253
1885  -0.558522  0.347643  0.128203  0.670253
1886  -0.558522  0.347643  0.128203  0.670253
1887  -0.558522  0.347643  0.128203  0.670253
1888  -0.558522  0.347643  0.128203  0.670253
1889  0.670883  -0.222766  1.22433  1.41375
1890  1.70132  0.0366519  1.42937  2.22237
1891  1.70132  0.0366519  1.42937  2.22237
1892  1.70132  0.0366519  1.42937  2.22237
1893  0.47633  1.00802  0.297516  1.15391
1894  0.47633  1.00802  0.297516  1.15391
1895  0.47633  1.00802  0.297516  1.15391
1896  0.47633  1.00802  0.297516  1.15391
1897  -0.0272361  0.146078  0.219619  0.265166
1898  -0.0272361  0.146078  0.219619  0.265166
1899  -0.0272361  0.146078  0.219619  0.265166
1900  -0.0272361  0.146078  0.219619  0.265166
1901  -0.477576  0.384986  0.222342  0.652479
1902  -0.728306  0.414629  1.05147  1.34459
1903  0.214474  0.720549  0.129139  0.762802
1904  0.214474  0.720549  0.129139  0.762802
1905  -0.111083  0.126935  -0.847117  0.863747
1906  -0.111083  0.126935  -0.847117  0.863747
1907  -0.111083  0.126935  -0.847117  0.863747
1908  0.342418  0.314028  -0.323954  0.5664
1909  0.342418  0.314028  -0.323954  0.5664
1910  -0.196791  -0.456633  0.253405  0.558082
1911  -0.196791  -0.456633  0.253405  0.558082
1912  0.863702  -0.98323  -0.560589  1.42372
1913  -0.23568  -0.756839  -0.557162  0.968906
1914  -0.445254  -0.901173  -0.368878  1.07072
1915  -0.445254  -0.901173  -0.368878  1.07072
1916  0.0625941  -0.996531  0.0207618  0.998711
1917  0.12589  -0.998258  -0.715107  1.2344
1918  0.12589  -0.998258  -0.715107  1.2344
1919  -0.849635  -0.195698  -0.849052  1.21699
1920  -0.508492  -0.77948  -1.90159  2.11712
1921  -1.73964  -0.409848  -1.46857  2.31323
1922  -2.01039  0.0302001  -0.387942  2.0477
1923  -1.38223  0.134827  -0.981667  1.7007
1924  -1.38223  0.134827  -0.981667  1.7007
1925  -1.38223  0.134827  -0.981667  1.7007
1926  -0.400883  -0.531578  -0.626979  0.914541
1927  0.250522  0.603537  -1.02202  1.21307
1928  0.135228  -0.041059  -1.0215  1.03123
1929  -0.205101  1.0226  -0.758611  1.28968
1930  -0.205101  1.0226  -0.758611  1.28968
1931  0.318427  0.28163  -1.4315  1.49329
1932  0.318427  0.28163  -1.4315  1.49329
1933  0.318427  0.28163  -1.4315  1.49329
1934  0.318427  0.28163  -1.4315  1.49329
1935  0.318427  0.28163  -1.4315  1.49329
1936  0.0309962  1.25807  -1.24834  1.77258
1937  0.739323  1.3357  -0.864219  1.7543
1938  0.479584  0.727977  0.156053  0.885609
1939  0.479584  0.727977  0.156053  0.885609
1940  0.593245  1.40788  0.524728  1.61537
1941  0.258166  0.490579  0.889053  1.04773
1942  0.776504  -0.451154  0.0956554  0.903133
1943  0.776504  -0.451154  0.0956554  0.903133
1944  0.0727683  -0.430176  -0.129423  0.455079
1945  0.0727683  -0.430176  -0.129423  0.455079
1946  -0.49994  0.0678338  -0.587715  0.774565
1947  -0.49994  0.0678338  -0.587715  0.774565
1948  -0.760093  0.920508  0.524083  1.30374
1949  -1.64496  0.838558  0.687911  1.97035
1950  -1.64496  0.838558  0.687911  1.97035
1951  -1.64496  0.838558  0.687911  1.97035
1952  -0.581075  1.49427  -0.38403  1.64863
1953  -0.581075  1.49427  -0.38403  1.64863
1954  -0.866364  1.33558  -0.0127642  1.59202
1955  -0.866364  1.33558  -0.0127642  1.59202
1956  -0.866364  1.33558  -0.0127642  1.59202
1957  -1.76101  0.716416  0.753188  2.04492
1958  -1.79055  0.30116  -0.190207  1.82563
1959  -1.05508  0.543244  -1.03345  1.57364
1960  -0.420441  1.26381  -0.45168  1.40641
1961  -0.420441  1.26381  -0.45168  1.40641
1962  -0.420441  1.26381  -0.45168  1.40641
1963  -0.446171  1.32439  0.155342  1.40613
1964  -1.50877  2.52012  0.782789  3.03976
1965  -1.50877  2.52012  0.782789  3.03976
1966  -1.65312  2.64016  1.73433  3.56527
1967  -2.7733  2.39924  1.23515  3.86952
1968  -1.79178  2.3355  0.254774  2.95465
1969  -1.01704  3.51137  -0.393607  3.67683
1970  0.144753  3.25215  -1.4772  3.57485
1971  1.21195  2.69115  -1.47392  3.29902
1972  1.21195  2.69115  -1.47392  3.29902
1973  1.21195  2.69115  -1.47392  3.29902
1974  1.21195  2.69115  -1.47392  3.29902
1975  1.54284  1.54057  -2.43831  3.27094
1976  2.46492  0.371868  -1.24823  2.78786
1977  1.96885  0.831042  -1.78343  2.78346
1978  1.54704  1.69861  -1.19536  2.58988
1979  0.761473  2.59338  -0.00556921  2.70287
1980  0.761473  2.59338  -0.00556921  2.70287
1981  0.761473  2.59338  -0.00556921  2.70287
1982  0.761473  2.59338  -0.00556921  2.70287
1983  -0.235696  3.81997  0.626035  3.8781
1984  -0.13832  4.60826  -0.423848  4.62978
1985  0.968106  3.91624  -0.598832  4.07833
1986  1.5253  2.70738  -0.958106  3.25183
1987  1.5253  2.70738  -0.958106  3.25183
1988  1.94992  2.78564  -2.03489  3.96267
1989  1.23254  2.27211  -2.30257  3.46171
1990  0.609873  1.60246  -2.97251  3.43157
1991  1.84038  1.67947  -3.11089  3.98563
1992  1.84038  1.67947  -3.11089  3.98563
1993  1.82899  1.18741  -2.67971  3.45485
1994  1.82899  1.18741  -2.67971  3.45485
1995  1.50433  1.97979  -1.72808  3.02801
1996  0.53184  1.67098  -2.40787  2.97874
1997  -0.0609529  1.232  -1.92151  2.28336
1998  -0.0609529  1.232  -1.92151  2.28336
1999  0.629546  0.962878  -2.83431  3.05888
2000  0.913895  -0.114385  -2.34095  2.51562
