0 -10  -10  -10  17.3205
1  -10  -10  -10  17.3205
2  -10.1865  -11.1864  -9.75501  18.0017
3  -10.6174  -11.7993  -9.8829  18.6982
4  -10.6174  -11.7993  -9.8829  18.6982
5  -10.5762  -12.5678  -10.8402  19.6804
6  -10.5762  -12.5678  -10.8402  19.6804
7  -10.3178  -11.5974  -11.0107  19.0313
8  -8.8877  -11.5115  -10.6974  18.0538
9  -7.24199  -10.0734  -10.2977  16.1233
10  -6.85895  -10.1869  -10.8816  16.4082
11  -5.95408  -9.64112  -11.2528  15.9696
12  -5.59882  -9.61323  -11.2644  15.8318
13  -5.31254  -8.52401  -11.6351  15.3707
14  -5.31254  -8.52401  -11.6351  15.3707
15  -4.60249  -7.93397  -9.90058  13.4964
16  -4.47211  -7.87684  -10.0128  13.5019
17  -4.09083  -7.03022  -10.763  13.4908
18  -5.12732  -5.73619  -10.5132  13.0277
19  -3.62051  -5.49818  -10.2126  12.1505
20  -3.83635  -6.85932  -8.60858  11.6566
21  -3.83635  -6.85932  -8.60858  11.6566
22  -3.26805  -6.44063  -8.16184  10.8985
23  -3.13831  -4.46076  -8.31437  9.94365
24  -3.13831  -4.46076  -8.31437  9.94365
25  -3.13831  -4.46076  -8.31437  9.94365
26  -3.13831  -4.46076  -8.31437  9.94365
27  -2.99501  -3.69998  -7.47423  8.86138
28  -2.49253  -3.99639  -7.00791  8.44362
29  -2.49253  -3.99639  -7.00791  8.44362
30  -2.29825  -4.08905  -6.95277  8.38709
31  -2.10639  -5.01875  -7.71571  9.44229
32  -1.26351  -5.07401  -7.56064  9.19267
33  -1.03222  -5.20066  -7.77759  9.41293
34  -0.54402  -5.35931  -7.76946  9.45424
35  -0.54402  -5.35931  -7.76946  9.45424
36  -0.54402  -5.35931  -7.76946  9.45424
37  -0.54402  -5.35931  -7.76946  9.45424
38  -1.42348  -5.61496  -7.30383  9.32202
39  -1.42348  -5.61496  -7.30383  9.32202
40  -1.04621  -5.5093  -7.87228  9.66539
41  -1.04621  -5.5093  -7.87228  9.66539
42  -1.04621  -5.5093  -7.87228  9.66539
43  -2.39732  -5.56844  -7.97286  10.016
44  -1.38066  -4.39459  -7.91285  9.15598
45  -1.99439  -4.14502  -8.50261  9.66712
46  -1.06953  -4.72835  -7.97665  9.33425
47  -0.56651  -3.95912  -8.78849  9.65573
48  -0.364011  -2.75178  -8.36841  8.81675
49  -0.370346  -4.18412  -8.43267  9.42093
50  -0.370346  -4.18412  -8.43267  9.42093
51  0.189397  -3.60173  -8.14387  8.90679
52  0.676395  -3.81494  -7.13303  8.11735
53  -0.0570809  -4.07057  -6.6284  7.77872
54  -0.0570809  -4.07057  -6.6284  7.77872
55  1.75073  -3.14861  -6.17305  7.1474
56  1.75073  -3.14861  -6.17305  7.1474
57  1.75073  -3.14861  -6.17305  7.1474
58  1.89001  -1.99541  -5.99257  6.59278
59  1.89001  -1.99541  -5.99257  6.59278
60  1.49086  -2.68936  -5.68523  6.46353
61  1.49086  -2.68936  -5.68523  6.46353
62  1.73656  -2.47882  -6.51918  7.18748
63  1.50004  -2.24169  -6.48745  7.02583
64  1.18744  -3.32623  -5.9397  6.91042
65  0.265919  -3.07239  -5.33204  6.15962
66  -0.319827  -3.8576  -4.66336  6.06055
67  -1.09479  -3.49886  -4.83974  6.07155
68  -1.09479  -3.49886  -4.83974  6.07155
69  -1.09479  -3.49886  -4.83974  6.07155
70  -1.09479  -3.49886  -4.83974  6.07155
71  -1.09479  -3.49886  -4.83974  6.07155
72  -0.942204  -3.70884  -4.66145  6.03094
73  -0.942204  -3.70884  -4.66145  6.03094
74  -0.411163  -3.0827  -4.44265  5.42303
75  -0.411163  -3.0827  -4.44265  5.42303
76  -0.411163  -3.0827  -4.44265  5.42303
77  -0.00155459  -3.46471  -3.22618  4.73418
78  0.330701  -3.35797  -2.73344  4.34247
79  0.169649  -2.86509  -1.73632  3.35444
80  1.21856  -2.62446  -1.64116  3.32657
81  0.592593  -3.05862  -0.649658  3.18251
82  -0.233338  -2.72824  -0.765802  2.84328
83  -0.115912  -1.38183  1.13192  1.79001
84  -0.603791  -1.74482  1.24759  2.22832
85  -0.603791  -1.74482  1.24759  2.22832
86  -0.603791  -1.74482  1.24759  2.22832
87  -0.873152  -2.21093  1.07903  2.61054
88  -0.873152  -2.21093  1.07903  2.61054
89  -0.873152  -2.21093  1.07903  2.61054
90  -0.873152  -2.21093  1.07903  2.61054
91  -1.58967  -0.969743  0.377947  1.90007
92  -0.80102  -0.584146  0.693365  1.2098
93  -0.80102  -0.584146  0.693365  1.2098
94  -0.80102  -0.584146  0.693365  1.2098
95  0.69798  -0.10281  0.393166  0.807667
96  0.69798  -0.10281  0.393166  0.807667
97  0.69798  -0.10281  0.393166  0.807667
98  0.69798  -0.10281  0.393166  0.807667
99  0.69798  -0.10281  0.393166  0.807667
100  0.69798  -0.10281  0.393166  0.807667
101  0.69798  -0.10281  0.393166  0.807667
102  0.38071  0.0888264  0.969502  1.04535
103  0.38071  0.0888264  0.969502  1.04535
104  0.38071  0.0888264  0.969502  1.04535
105  0.38071  0.0888264  0.969502  1.04535
106  0.38071  0.0888264  0.969502  1.04535
107  0.407101  -0.139442  -0.138613  0.452094
108  0.912334  -0.408807  -0.269035  1.03531
109  0.912334  -0.408807  -0.269035  1.03531
110  0.912334  -0.408807  -0.269035  1.03531
111  0.912334  -0.408807  -0.269035  1.03531
112  0.912334  -0.408807  -0.269035  1.03531
113  0.912334  -0.408807  -0.269035  1.03531
114  0.649371  -0.686864  -0.782334  1.22699
115  0.649371  -0.686864  -0.782334  1.22699
116  0.649371  -0.686864  -0.782334  1.22699
117  0.649371  -0.686864  -0.782334  1.22699
118  0.429411  -1.09354  -1.39253  1.82192
119  0.429411  -1.09354  -1.39253  1.82192
120  0.641856  -0.0485283  -1.07615  1.25397
121  0.641856  -0.0485283  -1.07615  1.25397
122  0.641856  -0.0485283  -1.07615  1.25397
123  0.641856  -0.0485283  -1.07615  1.25397
124  0.641856  -0.0485283  -1.07615  1.25397
125  0.641856  -0.0485283  -1.07615  1.25397
126  0.296745  0.35804  -0.485776  0.67248
127  -0.995872  0.0423412  -1.09019  1.47718
128  -0.781795  -0.121635  0.730758  1.07704
129  -0.781795  -0.121635  0.730758  1.07704
130  -0.781795  -0.121635  0.730758  1.07704
131  -0.781795  -0.121635  0.730758  1.07704
132  -0.781795  -0.121635  0.730758  1.07704
133  0.0696318  -0.45316  -1.24727  1.32887
134  0.0696318  -0.45316  -1.24727  1.32887
135  0.0696318  -0.45316  -1.24727  1.32887
136  0.503539  -0.116673  -0.128904  0.532711
137  0.503539  -0.116673  -0.128904  0.532711
138  0.503539  -0.116673  -0.128904  0.532711
139  0.503539  -0.116673  -0.128904  0.532711
140  0.503539  -0.116673  -0.128904  0.532711
141  0.503539  -0.116673  -0.128904  0.532711
142  0.503539  -0.116673  -0.128904  0.532711
143  0.503539  -0.116673  -0.128904  0.532711
144  -0.707989  -0.925516  0.0720415  1.16748
145  -0.180405  -0.274023  0.36129  0.488021
146  0.104761  -0.675162  0.450856  0.81859
147  0.104761  -0.675162  0.450856  0.81859
148  0.431357  0.0702158  0.409946  0.599212
149  0.431357  0.0702158  0.409946  0.599212
150  0.431357  0.0702158  0.409946  0.599212
151  0.431357  0.0702158  0.409946  0.599212
152  0.431357  0.0702158  0.409946  0.599212
153  0.740275  0.32055  0.40327  0.90188
154  0.996678  0.527463  -0.618378  1.28607
155  0.161365  -0.329452  -0.329284  0.492956
156  0.161365  -0.329452  -0.329284  0.492956
157  0.161365  -0.329452  -0.329284  0.492956
158  -0.13568  -0.207266  0.303154  0.391498
159  -0.13568  -0.207266  0.303154  0.391498
160  -0.13568  -0.207266  0.303154  0.391498
161  -0.13568  -0.207266  0.303154  0.391498
162  -0.13568  -0.207266  0.303154  0.391498
163  -0.13568  -0.207266  0.303154  0.391498
164  -0.13568  -0.207266  0.303154  0.391498
165  -0.13568  -0.207266  0.303154  0.391498
166  -0.13568  -0.207266  0.303154  0.391498
167  -0.968728  0.960123  0.0872837  1.36671
168  -0.968728  0.960123  0.0872837  1.36671
169  0.289997  0.86054  1.43973  1.70219
170  0.289997  0.86054  1.43973  1.70219
171  1.0979  -0.500057  0.20319  1.22341
172  1.0979  -0.500057  0.20319  1.22341
173  -0.586719  -1.62521  0.0114471  1.72791
174  -1.06917  -1.63472  -0.270925  1.97201
175  -1.06917  -1.63472  -0.270925  1.97201
176  -0.944034  -0.226593  -1.636  1.90238
177  -0.944034  -0.226593  -1.636  1.90238
178  -0.785865  1.04352  -1.08585  1.6987
179  -0.785865  1.04352  -1.08585  1.6987
180  -1.72818  1.74104  -2.03242  3.18568
181  -0.951531  0.943504  -0.657148  1.49247
182  0.167751  1.26655  0.585203  1.40526
183  -0.947029  -0.199367  -0.0166829  0.967931
184  -0.872641  0.235128  0.44068  1.00548
185  -0.680167  0.0688051  0.972262  1.18855
186  -0.680167  0.0688051  0.972262  1.18855
187  -0.179236  -0.0587808  1.85982  1.86937
188  -0.29995  0.134951  2.12909  2.15435
189  -0.29995  0.134951  2.12909  2.15435
190  -0.29995  0.134951  2.12909  2.15435
191  0.524187  0.2619  1.50856  1.61837
192  -0.815699  0.786901  0.683228  1.3234
193  -0.815699  0.786901  0.683228  1.3234
194  -1.79326  0.287929  0.03362  1.81654
195  -1.79326  0.287929  0.03362  1.81654
196  -0.974312  0.768041  -0.287723  1.27356
197  -0.784237  -0.453866  0.65283  1.11679
198  -0.784237  -0.453866  0.65283  1.11679
199  -1.56612  0.478301  0.232582  1.65397
200  -0.848385  0.215756  0.452754  0.985542
201  -0.848385  0.215756  0.452754  0.985542
202  -0.47169  -0.846052  0.558698  1.11823
203  -1.82125  -0.475593  0.430857  1.931
204  -2.0861  0.0622268  1.30592  2.46193
205  -1.58336  0.153037  0.085022  1.593
206  -1.05669  -0.604026  -0.70219  1.40517
207  -1.05669  -0.604026  -0.70219  1.40517
208  -0.921078  -0.593806  0.0300504  1.09631
209  -0.921078  -0.593806  0.0300504  1.09631
210  -0.60364  0.507116  0.449931  0.907737
211  -0.60364  0.507116  0.449931  0.907737
212  0.792088  0.790753  0.177802  1.13327
213  0.988816  1.37974  1.45097  2.2331
214  0.988816  1.37974  1.45097  2.2331
215  0.353279  1.19892  0.987781  1.59309
216  0.353279  1.19892  0.987781  1.59309
217  0.470574  0.576839  2.41366  2.52586
218  0.664169  -0.846031  1.91091  2.19282
219  0.664169  -0.846031  1.91091  2.19282
220  -0.797313  -1.74667  2.38455  3.06148
221  -0.271592  -0.996995  1.41366  1.75106
222  -0.271592  -0.996995  1.41366  1.75106
223  -0.271592  -0.996995  1.41366  1.75106
224  0.00404617  0.367146  0.744252  0.829894
225  0.00404617  0.367146  0.744252  0.829894
226  -0.198112  -0.19226  0.833174  0.877719
227  -0.198112  -0.19226  0.833174  0.877719
228  -0.198112  -0.19226  0.833174  0.877719
229  -0.329333  0.920136  1.10098  1.47216
230  -1.14852  0.44004  0.101584  1.23412
231  -1.14852  0.44004  0.101584  1.23412
232  -0.391521  0.470581  0.470619  0.772151
233  -0.584682  -0.0339808  0.373034  0.694379
234  -0.584682  -0.0339808  0.373034  0.694379
235  -0.584682  -0.0339808  0.373034  0.694379
236  -0.584682  -0.0339808  0.373034  0.694379
237  -0.647653  0.205528  0.291343  0.739309
238  -0.647653  0.205528  0.291343  0.739309
239  -0.647653  0.205528  0.291343  0.739309
240  -0.647653  0.205528  0.291343  0.739309
241  0.113913  -0.0545078  -0.981199  0.989292
242  -0.23859  -0.220253  -1.07459  1.12258
243  0.775142  -0.0197228  -0.758988  1.08503
244  0.0428676  0.989995  -1.24363  1.59014
245  -0.0272593  0.711078  -0.797464  1.0688
246  0.797039  0.26214  -0.44112  0.947932
247  0.367604  0.0303068  -0.391539  0.537917
248  0.367604  0.0303068  -0.391539  0.537917
249  0.367604  0.0303068  -0.391539  0.537917
250  0.170248  -1.00892  0.554779  1.16391
251  0.170248  -1.00892  0.554779  1.16391
252  0.170248  -1.00892  0.554779  1.16391
253  0.170248  -1.00892  0.554779  1.16391
254  0.170248  -1.00892  0.554779  1.16391
255  -0.15686  -0.253198  -0.332995  0.446766
256  -0.15686  -0.253198  -0.332995  0.446766
257  0.258361  0.0266281  -0.276031  0.379015
258  0.258361  0.0266281  -0.276031  0.379015
259  0.258361  0.0266281  -0.276031  0.379015
260  0.258361  0.0266281  -0.276031  0.379015
261  0.258361  0.0266281  -0.276031  0.379015
262  0.258361  0.0266281  -0.276031  0.379015
263  0.258361  0.0266281  -0.276031  0.379015
264  0.258361  0.0266281  -0.276031  0.379015
265  0.258361  0.0266281  -0.276031  0.379015
266  0.258361  0.0266281  -0.276031  0.379015
267  0.258361  0.0266281  -0.276031  0.379015
268  0.258361  0.0266281  -0.276031  0.379015
269  0.258361  0.0266281  -0.276031  0.379015
270  0.258361  0.0266281  -0.276031  0.379015
271  -0.376854  -0.321282  -1.08935  1.19663
272  -0.376854  -0.321282  -1.08935  1.19663
273  -0.221733  0.890101  -0.664348  1.13261
274  -0.221733  0.890101  -0.664348  1.13261
275  -0.160432  0.473419  0.422488  0.654492
276  -0.160432  0.473419  0.422488  0.654492
277  0.630754  0.488166  -0.149651  0.811512
278  0.630754  0.488166  -0.149651  0.811512
279  0.630754  0.488166  -0.149651  0.811512
280  -0.814259  0.254065  0.582091  1.03266
281  -0.814259  0.254065  0.582091  1.03266
282  -0.814259  0.254065  0.582091  1.03266
283  -0.814259  0.254065  0.582091  1.03266
284  -0.814259  0.254065  0.582091  1.03266
285  -0.814259  0.254065  0.582091  1.03266
286  -0.557271  0.51157  0.253081  0.797687
287  0.240891  -0.098417  -0.522497  0.58371
288  0.170851  0.353667  0.103633  0.406214
289  0.170851  0.353667  0.103633  0.406214
290  0.170851  0.353667  0.103633  0.406214
291  0.170851  0.353667  0.103633  0.406214
292  0.109485  0.690649  0.00375656  0.699283
293  0.109485  0.690649  0.00375656  0.699283
294  -0.302007  0.273657  -0.289271  0.499774
295  -0.302007  0.273657  -0.289271  0.499774
296  0.398012  0.0853913  0.189742  0.449118
297  0.398012  0.0853913  0.189742  0.449118
298  0.398012  0.0853913  0.189742  0.449118
299  -0.11891  0.544858  0.00286554  0.55769
300  -0.11891  0.544858  0.00286554  0.55769
301  -0.11891  0.544858  0.00286554  0.55769
302  0.00453417  0.408985  -0.234693  0.471561
303  0.00453417  0.408985  -0.234693  0.471561
304  0.02013  -0.506744  0.15413  0.530048
305  0.02013  -0.506744  0.15413  0.530048
306  1.13739  -0.0741317  1.60205  1.96614
307  1.68163  0.52232  2.31034  2.90489
308  1.11099  1.55804  0.715784  2.04307
309  1.11099  1.55804  0.715784  2.04307
310  1.11099  1.55804  0.715784  2.04307
311  0.434095  1.3614  0.552779  1.53213
312  0.434095  1.3614  0.552779  1.53213
313  0.434095  1.3614  0.552779  1.53213
314  -0.695026  1.62618  -0.326  1.79828
315  -0.695026  1.62618  -0.326  1.79828
316  -1.07062  1.03309  -0.561824  1.59033
317  -1.13551  0.535377  0.395816  1.31632
318  -1.13551  0.535377  0.395816  1.31632
319  -1.13551  0.535377  0.395816  1.31632
320  -0.263603  0.457111  1.3995  1.49567
321  -0.273813  0.425159  -0.100303  0.515553
322  -0.302592  0.16799  -0.767105  0.841566
323  -0.302592  0.16799  -0.767105  0.841566
324  -0.302592  0.16799  -0.767105  0.841566
325  0.0529477  -0.292208  -0.289997  0.415075
326  -0.0606364  0.192616  0.107065  0.228562
327  -0.0606364  0.192616  0.107065  0.228562
328  0.676363  0.684563  -0.492624  1.0811
329  0.676363  0.684563  -0.492624  1.0811
330  0.538458  0.127784  0.225417  0.59756
331  0.538458  0.127784  0.225417  0.59756
332  0.538458  0.127784  0.225417  0.59756
333  -0.107744  -0.192414  0.883432  0.91054
334  -0.107744  -0.192414  0.883432  0.91054
335  -0.493744  0.429839  1.16696  1.33803
336  -0.493744  0.429839  1.16696  1.33803
337  -0.493744  0.429839  1.16696  1.33803
338  -1.71158  1.07294  1.8626  2.74772
339  -2.66397  0.0928142  1.40504  3.01322
340  -2.66397  0.0928142  1.40504  3.01322
341  -2.66397  0.0928142  1.40504  3.01322
342  -1.50782  -1.36953  0.129688  2.04106
343  0.219073  -1.48527  -0.73982  1.67372
344  0.974543  -0.754209  -0.659063  1.39747
345  0.974543  -0.754209  -0.659063  1.39747
346  0.440511  -0.596249  -0.136682  0.75382
347  0.248704  -0.050478  -1.04308  1.0735
348  0.248704  -0.050478  -1.04308  1.0735
349  -0.0303449  0.539076  -0.195857  0.574355
350  -0.0303449  0.539076  -0.195857  0.574355
351  0.244309  -0.0332319  -0.288882  0.379794
352  0.244309  -0.0332319  -0.288882  0.379794
353  0.244309  -0.0332319  -0.288882  0.379794
354  0.244309  -0.0332319  -0.288882  0.379794
355  0.244309  -0.0332319  -0.288882  0.379794
356  0.244309  -0.0332319  -0.288882  0.379794
357  0.244309  -0.0332319  -0.288882  0.379794
358  0.244309  -0.0332319  -0.288882  0.379794
359  0.244309  -0.0332319  -0.288882  0.379794
360  0.244309  -0.0332319  -0.288882  0.379794
361  -0.183216  -0.2398  0.180579  0.351683
362  -0.183216  -0.2398  0.180579  0.351683
363  -0.183216  -0.2398  0.180579  0.351683
364  -0.31266  0.161008  0.705152  0.787984
365  -0.31266  0.161008  0.705152  0.787984
366  0.912696  -1.5122  1.59839  2.38214
367  0.912696  -1.5122  1.59839  2.38214
368  0.912696  -1.5122  1.59839  2.38214
369  -0.152445  -1.62069  -0.245372  1.64623
370  -0.152445  -1.62069  -0.245372  1.64623
371  0.141818  -1.18057  -1.2646  1.73582
372  -1.42377  -1.23682  -1.18169  2.22559
373  -1.6869  -1.07495  -0.836614  2.16819
374  -1.6869  -1.07495  -0.836614  2.16819
375  -1.09689  0.309462  -0.463423  1.23032
376  -1.09689  0.309462  -0.463423  1.23032
377  -0.676471  0.121855  -0.546423  0.878089
378  0.956766  0.113287  0.116142  0.970425
379  -0.0714905  -0.499672  0.0604957  0.508373
380  -0.0714905  -0.499672  0.0604957  0.508373
381  -0.0714905  -0.499672  0.0604957  0.508373
382  -0.0714905  -0.499672  0.0604957  0.508373
383  -0.345179  0.883757  -0.71499  1.18802
384  -0.345179  0.883757  -0.71499  1.18802
385  -0.579844  0.697973  0.188896  0.926858
386  -0.333919  -0.69666  -0.229545  0.805933
387  -0.333919  -0.69666  -0.229545  0.805933
388  -0.333919  -0.69666  -0.229545  0.805933
389  -0.811848  -0.426629  -0.493668  1.04155
390  0.812094  -0.413228  -1.19861  1.50563
391  0.812094  -0.413228  -1.19861  1.50563
392  0.671621  -0.502456  -1.25094  1.50611
393  0.700244  -0.26419  -0.638294  0.983645
394  0.731788  0.543708  0.498566  1.03909
395  0.731788  0.543708  0.498566  1.03909
396  0.731788  0.543708  0.498566  1.03909
397  0.731788  0.543708  0.498566  1.03909
398  0.731788  0.543708  0.498566  1.03909
399  -0.277948  -0.0420408  0.751779  0.802617
400  -0.104449  -1.18326  -0.102188  1.19225
401  -0.104449  -1.18326  -0.102188  1.19225
402  -0.104449  -1.18326  -0.102188  1.19225
403  1.14904  -0.28917  -0.135821  1.19263
404  0.640365  -0.43992  0.294689  0.830926
405  0.640365  -0.43992  0.294689  0.830926
406  -0.309209  0.411839  0.4476  0.682325
407  -0.309209  0.411839  0.4476  0.682325
408  0.0526842  0.442718  0.115956  0.460674
409  0.0526842  0.442718  0.115956  0.460674
410  0.156222  0.12106  -0.0811375  0.213644
411  0.156222  0.12106  -0.0811375  0.213644
412  0.156222  0.12106  -0.0811375  0.213644
413  0.156222  0.12106  -0.0811375  0.213644
414  0.156222  0.12106  -0.0811375  0.213644
415  0.156222  0.12106  -0.0811375  0.213644
416  0.156222  0.12106  -0.0811375  0.213644
417  0.105577  0.0883888  0.0815319  0.160021
418  0.105577  0.0883888  0.0815319  0.160021
419  0.105577  0.0883888  0.0815319  0.160021
420  0.105577  0.0883888  0.0815319  0.160021
421  0.105577  0.0883888  0.0815319  0.160021
422  0.0890783  -0.276864  -0.383531  0.481336
423  0.0890783  -0.276864  -0.383531  0.481336
424  0.0890783  -0.276864  -0.383531  0.481336
425  0.0890783  -0.276864  -0.383531  0.481336
426  0.0890783  -0.276864  -0.383531  0.481336
427  0.0890783  -0.276864  -0.383531  0.481336
428  0.000448227  0.735554  -0.306158  0.796726
429  0.000448227  0.735554  -0.306158  0.796726
430  0.000448227  0.735554  -0.306158  0.796726
431  0.669139  0.925391  0.102409  1.14655
432  0.669139  0.925391  0.102409  1.14655
433  0.669139  0.925391  0.102409  1.14655
434  1.43607  1.07501  -1.02934  2.06821
435  1.43607  1.07501  -1.02934  2.06821
436  0.640259  1.48473  -2.12267  2.66835
437  0.157082  1.68573  -1.87406  2.52556
438  1.70705  0.362714  -2.01061  2.66235
439  1.70705  0.362714  -2.01061  2.66235
440  0.646876  0.0108795  -3.56437  3.62261
441  0.888431  0.77197  -3.07105  3.28885
442  0.161738  0.883316  -2.7705  2.9124
443  0.617832  1.17899  -1.78742  2.22858
444  0.00646007  1.41368  -1.15489  1.82545
445  1.12864  0.533057  -0.828081  1.49789
446  1.12864  0.533057  -0.828081  1.49789
447  1.12864  0.533057  -0.828081  1.49789
448  1.12864  0.533057  -0.828081  1.49789
449  1.12864  0.533057  -0.828081  1.49789
450  2.0273  0.245998  -1.05174  2.29709
451  2.0273  0.245998  -1.05174  2.29709
452  1.83902  -0.188116  -1.17977  2.193
453  2.30741  1.24419  -1.84714  3.20688
454  1.04408  0.220731  -2.10845  2.36313
455  1.04408  0.220731  -2.10845  2.36313
456  1.68533  -1.06339  -2.97893  3.58401
457  1.78641  -2.07704  -1.48856  3.11788
458  1.78641  -2.07704  -1.48856  3.11788
459  1.64746  -2.53659  -1.72823  3.48356
460  1.64746  -2.53659  -1.72823  3.48356
461  2.77176  -2.62965  -1.48747  4.10003
462  1.19476  -2.59888  -1.49483  3.2274
463  1.95161  -2.06056  -0.655992  2.9129
464  1.95161  -2.06056  -0.655992  2.9129
465  0.560412  -0.476257  -1.24211  1.44351
466  0.560412  -0.476257  -1.24211  1.44351
467  0.560412  -0.476257  -1.24211  1.44351
468  1.6696  -0.0739518  -1.34281  2.14387
469  1.76945  -0.297138  -1.87412  2.59452
470  1.76945  -0.297138  -1.87412  2.59452
471  1.76945  -0.297138  -1.87412  2.59452
472  2.52395  0.551938  -2.56966  3.64391
473  1.32959  0.634361  -3.05901  3.39525
474  0.898229  0.011407  -3.28267  3.40336
475  1.85142  1.16024  -2.72172  3.49023
476  1.85142  1.16024  -2.72172  3.49023
477  2.60604  1.65223  -2.4266  3.92552
478  3.30641  0.935689  -0.90824  3.55426
479  3.30641  0.935689  -0.90824  3.55426
480  3.53478  0.872267  -0.328344  3.65559
481  2.35877  1.94737  -1.88041  3.59054
482  2.43781  2.35944  -0.904256  3.51106
483  1.98375  2.93666  -0.0440404  3.54418
484  2.00441  2.24927  0.621683  3.07626
485  2.00441  2.24927  0.621683  3.07626
486  2.00441  2.24927  0.621683  3.07626
487  2.00441  2.24927  0.621683  3.07626
488  2.00441  2.24927  0.621683  3.07626
489  1.94042  2.27637  0.619919  3.05473
490  2.06551  2.1531  0.437402  3.01554
491  2.04859  1.25225  -0.279127  2.41718
492  1.65185  1.55203  -0.0271046  2.26674
493  0.412529  2.27223  0.868118  2.46716
494  0.157151  1.21666  1.19958  1.71579
495  0.157151  1.21666  1.19958  1.71579
496  0.157151  1.21666  1.19958  1.71579
497  0.157151  1.21666  1.19958  1.71579
498  0.244492  0.972552  0.292273  1.04454
499  0.0976354  0.130887  0.318417  0.357845
500  -0.437332  0.0770305  0.566598  0.719879
501  -0.437332  0.0770305  0.566598  0.719879
502  0.101915  0.785282  -0.452529  0.912051
503  0.101915  0.785282  -0.452529  0.912051
504  -0.945728  0.340572  -0.510948  1.12759
505  -0.501126  1.44315  -0.696422  1.67893
506  -0.379805  -0.0534937  -0.434607  0.579653
507  -0.179672  0.567062  0.120923  0.607012
508  -0.157022  0.225443  -0.178697  0.327739
509  -0.157022  0.225443  -0.178697  0.327739
510  -0.392929  1.74079  -0.98888  2.04025
511  -0.960205  0.528595  -1.80439  2.11122
512  -0.960205  0.528595  -1.80439  2.11122
513  -1.32303  0.701293  -0.728411  1.66517
514  -0.699833  -0.312407  -0.306674  0.825478
515  -0.389014  1.02366  -0.468682  1.19116
516  -0.389014  1.02366  -0.468682  1.19116
517  -0.316224  0.437318  -0.714655  0.895531
518  0.13906  -0.0310571  0.288292  0.321581
519  0.13906  -0.0310571  0.288292  0.321581
520  0.13906  -0.0310571  0.288292  0.321581
521  0.13906  -0.0310571  0.288292  0.321581
522  0.13906  -0.0310571  0.288292  0.321581
523  0.13906  -0.0310571  0.288292  0.321581
524  0.13906  -0.0310571  0.288292  0.321581
525  0.339144  0.109301  0.690943  0.777411
526  -0.46057  1.11108  -0.0924517  1.2063
527  -0.931852  -1.27724  -0.847839  1.79402
528  -1.05599  -1.78751  -0.163812  2.08258
529  -0.0289589  -1.50431  0.249216  1.52509
530  -0.0880924  -1.55607  0.931155  1.81554
531  -1.49835  -1.6259  1.49768  2.67052
532  -0.637935  -1.82311  0.799132  2.09028
533  -0.730934  -1.46869  -0.00998024  1.64055
534  -0.497096  -1.47091  -0.581271  1.65788
535  -0.497096  -1.47091  -0.581271  1.65788
536  -0.13781  -0.635442  1.67825  1.79981
537  -0.13781  -0.635442  1.67825  1.79981
538  -0.418088  1.10134  1.36759  1.80501
539  -0.418088  1.10134  1.36759  1.80501
540  -0.795116  1.21381  1.74382  2.26858
541  -0.765939  1.84898  -0.0154729  2.0014
542  -0.765939  1.84898  -0.0154729  2.0014
543  -0.707398  1.3921  -0.348038  1.59984
544  -0.707398  1.3921  -0.348038  1.59984
545  -1.58088  -0.328781  -0.496078  1.68919
546  0.41156  0.64757  0.97587  1.24139
547  0.41156  0.64757  0.97587  1.24139
548  -0.39494  -0.414834  0.910827  1.07595
549  -0.39494  -0.414834  0.910827  1.07595
550  -0.39494  -0.414834  0.910827  1.07595
551  -0.39494  -0.414834  0.910827  1.07595
552  -0.39494  -0.414834  0.910827  1.07595
553  -0.39494  -0.414834  0.910827  1.07595
554  -0.39494  -0.414834  0.910827  1.07595
555  -0.692371  -0.614476  0.908579  1.2971
556  -1.29722  0.196897  1.89945  2.30857
557  -1.29722  0.196897  1.89945  2.30857
558  -1.1373  0.0846359  2.24082  2.51434
559  -1.5498  0.197081  1.80083  2.38406
560  -1.10868  0.361363  0.443675  1.24764
561  -0.481084  0.368699  -0.0991546  0.614176
562  -0.481084  0.368699  -0.0991546  0.614176
563  -0.726106  0.441754  0.162986  0.865414
564  -0.726106  0.441754  0.162986  0.865414
565  0.680012  0.286422  0.371805  0.826252
566  0.680012  0.286422  0.371805  0.826252
567  0.135759  0.589298  0.433317  0.743953
568  0.135759  0.589298  0.433317  0.743953
569  0.135759  0.589298  0.433317  0.743953
570  0.135759  0.589298  0.433317  0.743953
571  0.135759  0.589298  0.433317  0.743953
572  -0.527906  0.642254  0.334  0.895953
573  -0.527906  0.642254  0.334  0.895953
574  -0.918831  -0.150193  -0.613669  1.11508
575  -1.28731  -0.045977  -1.17398  1.74284
576  -1.14151  -2.07756  -0.516688  2.42617
577  -0.750329  -2.64327  -0.243232  2.75845
578  -0.750329  -2.64327  -0.243232  2.75845
579  -0.0942021  -2.6765  -0.607129  2.74611
580  0.290684  -2.20136  -0.435191  2.26271
581  0.290684  -2.20136  -0.435191  2.26271
582  -0.273858  -2.46826  -0.955767  2.66098
583  -0.668297  -1.68815  -1.99704  2.699
584  -1.21215  -1.06179  -2.6852  3.13161
585  -0.195792  -0.871005  -2.60262  2.75147
586  0.514378  -1.08504  -2.03682  2.36442
587  0.759974  -0.886462  -1.82508  2.16663
588  -0.292083  0.18677  -1.07209  1.12675
589  -0.292083  0.18677  -1.07209  1.12675
590  -0.292083  0.18677  -1.07209  1.12675
591  -0.292083  0.18677  -1.07209  1.12675
592  -1.00952  0.547629  -0.542946  1.27036
593  -1.00952  0.547629  -0.542946  1.27036
594  -1.25543  1.33553  0.884438  2.03518
595  -0.70432  1.21276  1.37942  1.96715
596  -0.70432  1.21276  1.37942  1.96715
597  0.0510766  0.15535  1.88737  1.89444
598  -0.686882  -0.261985  1.93176  2.06692
599  -0.686882  -0.261985  1.93176  2.06692
600  0.476954  -0.629555  0.298488  0.844345
601  0.476954  -0.629555  0.298488  0.844345
602  0.476954  -0.629555  0.298488  0.844345
603  0.519271  -1.2129  0.296506  1.35229
604  0.478252  -1.35822  -0.178764  1.45102
605  0.0570574  -0.980408  -0.461527  1.08511
606  0.0570574  -0.980408  -0.461527  1.08511
607  0.0570574  -0.980408  -0.461527  1.08511
608  0.0570574  -0.980408  -0.461527  1.08511
609  0.0570574  -0.980408  -0.461527  1.08511
610  0.716531  -0.637042  0.347404  1.01977
611  1.21921  0.475799  -0.00979542  1.3088
612  0.437327  0.771546  -0.747296  1.15974
613  0.437327  0.771546  -0.747296  1.15974
614  0.437327  0.771546  -0.747296  1.15974
615  0.437327  0.771546  -0.747296  1.15974
616  0.332103  -0.0516654  -1.74918  1.78118
617  0.253228  -0.14313  -1.14738  1.18368
618  0.884079  -0.984964  -0.227863  1.34301
619  0.884079  -0.984964  -0.227863  1.34301
620  0.884079  -0.984964  -0.227863  1.34301
621  -0.317622  -1.41268  -1.03636  1.78062
622  -0.915304  -0.357556  -0.402308  1.06183
623  -0.447559  0.103351  0.622624  0.773726
624  -0.447559  0.103351  0.622624  0.773726
625  -0.447559  0.103351  0.622624  0.773726
626  -0.447559  0.103351  0.622624  0.773726
627  -0.52919  1.38051  -0.972756  1.76977
628  -0.375183  1.39559  -0.734919  1.62127
629  -0.0366208  0.92595  -0.140804  0.93731
630  -0.442973  1.17353  -0.00940653  1.25439
631  -0.442973  1.17353  -0.00940653  1.25439
632  -0.442973  1.17353  -0.00940653  1.25439
633  -1.31902  0.402731  -0.0202126  1.37928
634  -1.31902  0.402731  -0.0202126  1.37928
635  0.0828488  0.180462  1.8454  1.85605
636  0.0328937  -0.355379  1.56942  1.60949
637  -0.217292  -0.694834  1.88973  2.02512
638  -0.217292  -0.694834  1.88973  2.02512
639  -0.418735  -0.522755  1.23929  1.4087
640  -0.418735  -0.522755  1.23929  1.4087
641  -0.597984  -1.02258  1.09114  1.61054
642  -0.597984  -1.02258  1.09114  1.61054
643  -1.15393  -0.303697  0.751511  1.41016
644  -1.15393  -0.303697  0.751511  1.41016
645  -0.64938  -0.946869  1.19061  1.65403
646  -0.443012  -1.866  2.04119  2.80084
647  -0.443012  -1.866  2.04119  2.80084
648  0.369241  -1.60138  0.258839  1.66366
649  0.369241  -1.60138  0.258839  1.66366
650  0.369241  -1.60138  0.258839  1.66366
651  0.369241  -1.60138  0.258839  1.66366
652  0.369241  -1.60138  0.258839  1.66366
653  0.369241  -1.60138  0.258839  1.66366
654  0.369241  -1.60138  0.258839  1.66366
655  1.01107  -2.35468  0.794337  2.68286
656  0.56072  -1.48706  1.53845  2.21191
657  0.591284  -0.705755  1.49283  1.75392
658  0.849927  -1.68438  1.67591  2.52353
659  0.135296  -2.01508  1.16177  2.32993
660  0.135296  -2.01508  1.16177  2.32993
661  0.135296  -2.01508  1.16177  2.32993
662  0.0777345  -2.1503  1.0885  2.41136
663  2.00131  -1.35992  0.779931  2.54223
664  2.00131  -1.35992  0.779931  2.54223
665  2.00131  -1.35992  0.779931  2.54223
666  0.228035  -1.71433  2.10227  2.72222
667  0.228035  -1.71433  2.10227  2.72222
668  0.77515  -1.29077  2.34663  2.78812
669  0.77515  -1.29077  2.34663  2.78812
670  -0.0679218  -0.780714  1.90719  2.06192
671  -0.286014  -1.74169  1.53933  2.34197
672  -0.0883351  -1.71433  2.02792  2.65691
673  -0.0883351  -1.71433  2.02792  2.65691
674  -0.327677  -2.35012  1.57856  2.84997
675  -0.280101  -2.0397  1.67722  2.65554
676  -0.664473  -1.45344  1.18968  1.99232
677  -0.664473  -1.45344  1.18968  1.99232
678  -0.606655  -1.02329  0.242471  1.21406
679  -0.704249  -1.95853  0.509868  2.14284
680  -0.704249  -1.95853  0.509868  2.14284
681  -0.704249  -1.95853  0.509868  2.14284
682  -0.197145  -2.51262  1.4424  2.9039
683  -0.197145  -2.51262  1.4424  2.9039
684  -0.197145  -2.51262  1.4424  2.9039
685  -0.197145  -2.51262  1.4424  2.9039
686  -0.393043  -3.44455  2.98795  4.57682
687  -0.393043  -3.44455  2.98795  4.57682
688  -0.280917  -3.45856  3.15527  4.69002
689  -0.280917  -3.45856  3.15527  4.69002
690  -0.656566  -3.84324  2.72673  4.7578
691  -0.656566  -3.84324  2.72673  4.7578
692  -0.0996895  -4.06885  2.30442  4.67716
693  -1.33067  -3.2214  2.13948  4.08968
694  -1.57452  -2.35617  2.21206  3.59498
695  -2.28073  -2.8277  1.87358  4.08753
696  -2.28073  -2.8277  1.87358  4.08753
697  -1.95624  -3.83745  1.45958  4.54789
698  -1.95624  -3.83745  1.45958  4.54789
699  -1.02863  -2.80004  2.85359  4.12811
700  -1.02863  -2.80004  2.85359  4.12811
701  -1.02863  -2.80004  2.85359  4.12811
702  -0.732181  -1.88133  2.47279  3.1922
703  -0.732181  -1.88133  2.47279  3.1922
704  -0.958748  -1.28227  2.46052  2.93557
705  -0.958748  -1.28227  2.46052  2.93557
706  -0.346598  -1.13068  2.55176  2.81248
707  -0.346598  -1.13068  2.55176  2.81248
708  -0.346598  -1.13068  2.55176  2.81248
709  0.134493  -2.34222  2.60431  3.50521
710  0.360318  -2.51277  1.03951  2.74307
711  1.80865  -1.81662  0.373257  2.59049
712  1.80865  -1.81662  0.373257  2.59049
713  0.482572  -1.12057  0.167278  1.23147
714  0.482572  -1.12057  0.167278  1.23147
715  0.710959  -0.298136  0.66316  1.01692
716  0.710959  -0.298136  0.66316  1.01692
717  0.710959  -0.298136  0.66316  1.01692
718  0.710959  -0.298136  0.66316  1.01692
719  0.710959  -0.298136  0.66316  1.01692
720  0.710959  -0.298136  0.66316  1.01692
721  0.710959  -0.298136  0.66316  1.01692
722  0.710959  -0.298136  0.66316  1.01692
723  0.638032  -0.759551  1.46904  1.77259
724  -0.241632  -0.712792  1.15164  1.37577
725  1.41129  0.0599821  0.373163  1.46102
726  0.51255  -0.236676  1.29449  1.41224
727  0.355173  0.178072  1.54607  1.59631
728  -0.172371  -0.122593  1.49654  1.51142
729  -0.172371  -0.122593  1.49654  1.51142
730  -1.00406  0.265921  1.19722  1.58498
731  -0.84068  -0.0176067  1.06056  1.35345
732  -0.116075  -0.134905  0.955306  0.971742
733  0.341743  0.163142  0.521762  0.644701
734  0.341743  0.163142  0.521762  0.644701
735  0.341743  0.163142  0.521762  0.644701
736  0.842643  0.35172  -0.293253  0.959037
737  0.952561  0.575437  -0.030727  1.1133
738  0.952561  0.575437  -0.030727  1.1133
739  0.791264  -0.975683  -0.386009  1.31418
740  0.103344  -0.177805  -1.13003  1.14859
741  0.103344  -0.177805  -1.13003  1.14859
742  0.632464  -0.718184  -0.717969  1.19636
743  0.632464  -0.718184  -0.717969  1.19636
744  -0.600693  -0.504244  0.404972  0.882664
745  -0.585563  0.00256333  0.411333  0.715602
746  -0.585563  0.00256333  0.411333  0.715602
747  -0.695112  -0.221122  0.0877266  0.734692
748  -0.695112  -0.221122  0.0877266  0.734692
749  0.542225  -0.676443  0.780717  1.16666
750  0.542225  -0.676443  0.780717  1.16666
751  0.542225  -0.676443  0.780717  1.16666
752  0.542225  -0.676443  0.780717  1.16666
753  0.542225  -0.676443  0.780717  1.16666
754  0.210776  0.216867  -0.825816  0.879449
755  0.210776  0.216867  -0.825816  0.879449
756  -0.0952877  0.249616  -0.455  0.527649
757  -0.0952877  0.249616  -0.455  0.527649
758  -0.0952877  0.249616  -0.455  0.527649
759  -0.0952877  0.249616  -0.455  0.527649
760  -0.0952877  0.249616  -0.455  0.527649
761  0.324003  0.0077357  -1.12046  1.16639
762  0.399744  -0.471427  -0.173122  0.64188
763  0.399744  -0.471427  -0.173122  0.64188
764  0.726758  1.25254  -0.633619  1.58067
765  1.34755  2.03314  -1.03259  2.64873
766  0.467086  2.97137  -1.08122  3.19628
767  0.95317  2.44035  -0.448472  2.658
768  1.54454  0.924089  0.663643  1.91832
769  1.54454  0.924089  0.663643  1.91832
770  1.71233  1.43789  0.226125  2.24738
771  1.71233  1.43789  0.226125  2.24738
772  1.71233  1.43789  0.226125  2.24738
773  1.71233  1.43789  0.226125  2.24738
774  1.12964  0.624089  1.38311  1.89171
775  1.63868  0.276864  0.544583  1.74885
776  1.63868  0.276864  0.544583  1.74885
777  1.63868  0.276864  0.544583  1.74885
778  1.63868  0.276864  0.544583  1.74885
779  1.63868  0.276864  0.544583  1.74885
780  1.42538  -0.683124  0.00344967  1.58062
781  1.2251  -0.726668  -0.0110125  1.42444
782  1.53238  -0.414483  -0.196998  1.59962
783  0.918205  -0.787868  -0.0907603  1.21329
784  -0.192991  -1.57727  0.142418  1.5954
785  -0.192991  -1.57727  0.142418  1.5954
786  -1.32966  -0.219329  0.539019  1.45142
787  -1.78748  -0.850385  0.976879  2.20738
788  -0.192105  -0.837648  0.938947  1.27286
789  -0.192105  -0.837648  0.938947  1.27286
790  -0.454334  -0.616572  1.35113  1.55311
791  -0.454334  -0.616572  1.35113  1.55311
792  -0.454334  -0.616572  1.35113  1.55311
793  0.688234  -1.52286  1.04362  1.97025
794  0.688234  -1.52286  1.04362  1.97025
795  0.85075  -0.596713  1.40691  1.74907
796  1.96367  -0.00872445  1.20099  2.30184
797  2.33582  0.00976996  1.24919  2.64889
798  2.33582  0.00976996  1.24919  2.64889
799  2.52515  1.01238  1.33249  3.02933
800  2.35389  -0.151221  0.523515  2.41614
801  2.35389  -0.151221  0.523515  2.41614
802  2.53025  0.640311  0.788027  2.72638
803  1.00729  0.292101  1.45648  1.7948
804  1.00729  0.292101  1.45648  1.7948
805  1.0248  -1.07867  0.774424  1.67735
806  1.0248  -1.07867  0.774424  1.67735
807  0.0374924  -0.938107  1.2795  1.587
808  -0.032091  -0.517688  0.321836  0.610417
809  -0.032091  -0.517688  0.321836  0.610417
810  0.12406  -0.436848  -0.056238  0.457591
811  0.531159  -0.0789269  1.10275  1.22654
812  0.392153  0.990031  0.36807  1.12669
813  0.392153  0.990031  0.36807  1.12669
814  0.253855  1.28418  1.44232  1.94778
815  0.253855  1.28418  1.44232  1.94778
816  -0.267749  2.02895  2.05529  2.90044
817  -0.267749  2.02895  2.05529  2.90044
818  -0.130441  1.97355  1.50659  2.48631
819  -0.442626  1.65768  0.240294  1.7325
820  -0.442626  1.65768  0.240294  1.7325
821  -0.442626  1.65768  0.240294  1.7325
822  -1.04202  1.27081  0.0859883  1.64565
823  -2.03548  0.986849  -0.0638789  2.26299
824  -1.50957  -0.34028  -0.94083  1.81101
825  -1.6719  -0.887489  0.0108763  1.89288
826  -2.11463  -0.471679  0.799417  2.30937
827  -2.11463  -0.471679  0.799417  2.30937
828  -2.11463  -0.471679  0.799417  2.30937
829  -2.11463  -0.471679  0.799417  2.30937
830  -2.27388  -0.288457  1.09844  2.54171
831  -1.78267  -0.980083  0.653606  2.13674
832  -1.78267  -0.980083  0.653606  2.13674
833  -1.78267  -0.980083  0.653606  2.13674
834  -1.59217  -1.18885  0.549096  2.06153
835  -1.59217  -1.18885  0.549096  2.06153
836  -1.59217  -1.18885  0.549096  2.06153
837  -1.282  -0.396217  0.0844025  1.34449
838  -1.282  -0.396217  0.0844025  1.34449
839  -0.465749  -0.541635  0.573024  0.915777
840  -0.465749  -0.541635  0.573024  0.915777
841  -0.256303  -0.712811  0.0743362  0.761128
842  0.110514  0.468556  0.253395  0.544029
843  -0.856798  0.439406  -0.498648  1.08436
844  -0.856798  0.439406  -0.498648  1.08436
845  -0.958943  0.958985  -0.201134  1.37101
846  -0.958943  0.958985  -0.201134  1.37101
847  -0.958943  0.958985  -0.201134  1.37101
848  -0.473516  0.0726841  0.907371  1.02607
849  -1.01265  0.182955  0.375688  1.09548
850  -2.04089  -1.00099  -1.58445  2.77087
851  -2.04089  -1.00099  -1.58445  2.77087
852  -1.81299  -0.789209  -0.115603  1.9807
853  -1.81299  -0.789209  -0.115603  1.9807
854  -1.62256  -1.08705  -0.466768  2.00805
855  -1.62256  -1.08705  -0.466768  2.00805
856  -0.248623  -0.801397  -1.13106  1.40831
857  -0.107725  -0.810632  -2.73666  2.85623
858  -0.352889  -1.12567  -3.25068  3.45812
859  -1.73038  0.211908  -3.08752  3.54568
860  -1.38132  0.949951  -2.33411  2.87376
861  -0.961188  1.20509  -1.86659  2.4208
862  -1.5379  0.974541  -1.21616  2.1895
863  -1.37736  2.197  -0.997227  2.7782
864  -0.769628  1.90036  -1.14813  2.34987
865  -0.769628  1.90036  -1.14813  2.34987
866  -1.92016  1.68309  -1.57914  3.00225
867  -1.04328  1.92991  -2.05447  3.00563
868  -1.59839  1.81688  -2.78258  3.68764
869  -1.74698  0.863963  -3.17571  3.72606
870  -1.72222  -0.335425  -3.59895  4.00388
871  -2.31763  -0.0391059  -3.14198  3.90448
872  -0.963299  0.986137  -3.733  3.97941
873  -0.777837  -0.322992  -3.05929  3.17311
874  -1.27237  0.689576  -2.39102  2.79489
875  -1.27237  0.689576  -2.39102  2.79489
876  -1.27237  0.689576  -2.39102  2.79489
877  -2.62849  0.843255  -0.421135  2.79238
878  -2.59339  -1.38404  0.420266  2.96949
879  -2.05505  -0.50531  -0.726864  2.23761
880  -0.663326  -1.25527  -0.805289  1.63224
881  -0.663326  -1.25527  -0.805289  1.63224
882  -0.663326  -1.25527  -0.805289  1.63224
883  -0.663326  -1.25527  -0.805289  1.63224
884  -0.50516  -0.752039  0.0443964  0.907039
885  -0.50516  -0.752039  0.0443964  0.907039
886  -0.50516  -0.752039  0.0443964  0.907039
887  -0.319503  -0.554921  0.188693  0.667552
888  -0.4274  0.166574  0.153864  0.48383
889  0.306452  -0.262004  -0.497324  0.640227
890  0.69435  -0.28311  0.426963  0.862885
891  0.69435  -0.28311  0.426963  0.862885
892  0.69435  -0.28311  0.426963  0.862885
893  -0.108619  0.0530669  -0.4381  0.454473
894  -0.108619  0.0530669  -0.4381  0.454473
895  -0.108619  0.0530669  -0.4381  0.454473
896  -0.079107  -0.0270583  -0.491898  0.498953
897  0.385507  0.793309  -0.815514  1.20126
898  -0.38234  0.36892  0.107894  0.542151
899  -0.38234  0.36892  0.107894  0.542151
900  -0.38234  0.36892  0.107894  0.542151
901  -0.819215  0.606611  -0.462668  1.11944
902  -0.819215  0.606611  -0.462668  1.11944
903  -0.819215  0.606611  -0.462668  1.11944
904  -0.496191  0.211841  -1.2721  1.38178
905  -0.00717864  -0.133036  -1.73435  1.73946
906  0.0813478  0.877208  -0.903162  1.26167
907  0.0813478  0.877208  -0.903162  1.26167
908  1.18493  -0.0996122  -1.06836  1.59855
909  1.18493  -0.0996122  -1.06836  1.59855
910  0.480822  -0.082263  -1.21634  1.31051
911  -0.775762  0.526539  -1.57864  1.83607
912  -1.03815  0.300174  -1.77918  2.08167
913  -1.78905  0.149652  -0.686575  1.92211
914  -1.78905  0.149652  -0.686575  1.92211
915  -2.17894  1.40452  -0.49301  2.63885
916  -0.841784  2.05137  -0.88116  2.38603
917  -0.893647  1.59843  -0.904843  2.04263
918  -0.893647  1.59843  -0.904843  2.04263
919  -0.893647  1.59843  -0.904843  2.04263
920  -1.50685  0.692226  -0.532137  1.74154
921  -1.50685  0.692226  -0.532137  1.74154
922  -1.2015  0.220339  -0.850684  1.48856
923  -1.2015  0.220339  -0.850684  1.48856
924  -0.273302  -0.401617  -1.28804  1.37661
925  -0.273302  -0.401617  -1.28804  1.37661
926  -0.410241  -0.0295094  -0.313091  0.516908
927  -0.410241  -0.0295094  -0.313091  0.516908
928  -0.494423  -1.00872  0.437246  1.20546
929  0.239669  0.525401  0.927783  1.09283
930  0.239669  0.525401  0.927783  1.09283
931  0.239669  0.525401  0.927783  1.09283
932  0.239669  0.525401  0.927783  1.09283
933  0.671809  0.525844  1.78337  1.97692
934  -0.331489  0.592186  1.26305  1.43383
935  -0.173092  0.624507  2.10395  2.20149
936  -0.954036  0.730513  1.1419  1.65764
937  -0.954036  0.730513  1.1419  1.65764
938  -0.954036  0.730513  1.1419  1.65764
939  -0.794079  -0.256898  0.79263  1.15101
940  -0.653137  -0.484014  0.456353  0.932264
941  -0.653137  -0.484014  0.456353  0.932264
942  -0.653137  -0.484014  0.456353  0.932264
943  -0.653137  -0.484014  0.456353  0.932264
944  -2.51602  -0.116829  0.849911  2.65826
945  -2.51602  -0.116829  0.849911  2.65826
946  -2.64205  -0.526968  -0.0866373  2.69549
947  -0.974382  -1.34267  1.57563  2.28797
948  0.5036  -1.12489  0.998248  1.58603
949  0.5036  -1.12489  0.998248  1.58603
950  0.5036  -1.12489  0.998248  1.58603
951  -0.206509  -1.05387  0.489363  1.18015
952  -0.846851  -1.27635  -0.391953  1.58109
953  -0.618947  -1.36485  -0.0498728  1.49946
954  0.547904  -1.71769  0.0511508  1.80368
955  0.547904  -1.71769  0.0511508  1.80368
956  0.547904  -1.71769  0.0511508  1.80368
957  0.547904  -1.71769  0.0511508  1.80368
958  0.547904  -1.71769  0.0511508  1.80368
959  0.061546  -1.72529  -0.523897  1.80413
960  0.061546  -1.72529  -0.523897  1.80413
961  1.21234  -2.37877  -1.30743  2.97282
962  0.824975  -1.99974  -1.48394  2.62328
963  0.824975  -1.99974  -1.48394  2.62328
964  0.824975  -1.99974  -1.48394  2.62328
965  0.824975  -1.99974  -1.48394  2.62328
966  0.824975  -1.99974  -1.48394  2.62328
967  0.824975  -1.99974  -1.48394  2.62328
968  1.38768  -2.8232  -1.41152  3.44797
969  1.38768  -2.8232  -1.41152  3.44797
970  1.38768  -2.8232  -1.41152  3.44797
971  1.70757  -1.84293  -0.919098  2.67525
972  1.70757  -1.84293  -0.919098  2.67525
973  1.70757  -1.84293  -0.919098  2.67525
974  1.64831  -1.46849  0.604724  2.2889
975  1.64831  -1.46849  0.604724  2.2889
976  1.47772  -2.61663  0.177577  3.01031
977  1.47772  -2.61663  0.177577  3.01031
978  1.47772  -2.61663  0.177577  3.01031
979  1.47772  -2.61663  0.177577  3.01031
980  1.47772  -2.61663  0.177577  3.01031
981  1.27978  -3.07488  0.800772  3.42549
982  0.778648  -3.93682  0.818836  4.09577
983  0.778648  -3.93682  0.818836  4.09577
984  0.778648  -3.93682  0.818836  4.09577
985  2.16854  -3.75809  -0.192803  4.34316
986  1.10487  -2.8978  -0.437732  3.13203
987  1.10487  -2.8978  -0.437732  3.13203
988  0.358625  -2.18062  -1.7795  2.83731
989  -0.498303  -0.331474  -1.88668  1.97933
990  -0.498303  -0.331474  -1.88668  1.97933
991  -0.498303  -0.331474  -1.88668  1.97933
992  -0.498303  -0.331474  -1.88668  1.97933
993  -0.498303  -0.331474  -1.88668  1.97933
994  -0.122928  -0.58616  -0.545149  0.809866
995  -0.122928  -0.58616  -0.545149  0.809866
996  0.343646  -1.74107  -0.511779  1.84698
997  -0.520732  -1.12112  -1.01938  1.60225
998  -0.520732  -1.12112  -1.01938  1.60225
999  0.492814  -1.02914  -1.00803  1.52254
1000  0.492814  -1.02914  -1.00803  1.52254
1001  0.492814  -1.02914  -1.00803  1.52254
1002  0.201879  -0.880924  -0.79541  1.20394
1003  0.201879  -0.880924  -0.79541  1.20394
1004  0.98893  -0.831517  -2.41224  2.73648
1005  0.497534  -0.351803  -1.75798  1.86059
1006  0.381826  0.832197  -1.48052  1.74077
1007  -0.655666  -0.165514  -0.863115  1.09648
1008  0.00701868  -0.186269  -0.524221  0.556375
1009  0.00701868  -0.186269  -0.524221  0.556375
1010  0.560223  -0.0764428  -0.255677  0.620535
1011  0.560223  -0.0764428  -0.255677  0.620535
1012  0.560223  -0.0764428  -0.255677  0.620535
1013  -0.33589  -0.035904  -1.04001  1.09349
1014  0.740465  0.0887515  -0.502313  0.899158
1015  0.560257  -0.183496  -1.02028  1.17836
1016  0.630083  0.147586  -0.800513  1.02937
1017  0.640246  -0.36207  -0.476431  0.876353
1018  0.773825  -0.658109  -0.805256  1.29628
1019  -0.0770344  -1.20307  -0.877329  1.49098
1020  -1.33039  0.00466437  -0.799835  1.55232
1021  -1.33039  0.00466437  -0.799835  1.55232
1022  -0.230619  0.0958126  -0.271694  0.369029
1023  -0.230619  0.0958126  -0.271694  0.369029
1024  -0.230619  0.0958126  -0.271694  0.369029
1025  -0.230619  0.0958126  -0.271694  0.369029
1026  -0.230619  0.0958126  -0.271694  0.369029
1027  -0.230619  0.0958126  -0.271694  0.369029
1028  -0.0208823  0.147243  -0.486303  0.508534
1029  -0.0208823  0.147243  -0.486303  0.508534
1030  -0.0208823  0.147243  -0.486303  0.508534
1031  0.031212  0.470744  0.548212  0.723264
1032  -0.32235  0.545153  -0.451359  0.777706
1033  -0.328063  0.502584  -0.650414  0.885017
1034  -0.328063  0.502584  -0.650414  0.885017
1035  -0.328063  0.502584  -0.650414  0.885017
1036  -0.328063  0.502584  -0.650414  0.885017
1037  -0.622232  -0.349198  -0.00388279  0.713531
1038  -0.622232  -0.349198  -0.00388279  0.713531
1039  -0.627279  -0.0715829  -0.179479  0.656366
1040  -0.627279  -0.0715829  -0.179479  0.656366
1041  -0.627279  -0.0715829  -0.179479  0.656366
1042  -0.627279  -0.0715829  -0.179479  0.656366
1043  -0.627279  -0.0715829  -0.179479  0.656366
1044  -0.627279  -0.0715829  -0.179479  0.656366
1045  -0.312009  -1.11292  -0.0148158  1.15592
1046  -0.674505  -1.25342  -0.112853  1.42785
1047  -0.674505  -1.25342  -0.112853  1.42785
1048  -0.726853  -0.61919  0.459984  1.05986
1049  -0.574052  0.221947  0.41941  0.744783
1050  -0.204704  0.471064  -0.134385  0.530909
1051  -0.204704  0.471064  -0.134385  0.530909
1052  -0.204704  0.471064  -0.134385  0.530909
1053  0.88679  0.282124  0.344285  0.992231
1054  0.781668  -0.290691  0.326688  0.895674
1055  1.41514  -0.212638  0.406802  1.48773
1056  1.41514  -0.212638  0.406802  1.48773
1057  1.41514  -0.212638  0.406802  1.48773
1058  1.41968  0.0114296  0.90851  1.68553
1059  0.925687  0.0556299  0.0955705  0.932269
1060  -0.606536  0.118444  0.467696  0.775019
1061  -0.606536  0.118444  0.467696  0.775019
1062  -0.456422  -0.169552  0.0204611  0.487327
1063  -0.456422  -0.169552  0.0204611  0.487327
1064  0.0279261  -0.682793  0.505155  0.849804
1065  -1.44861  -0.672782  -0.581602  1.69981
1066  -0.248399  -0.927612  0.046201  0.961406
1067  -0.248399  -0.927612  0.046201  0.961406
1068  -0.248399  -0.927612  0.046201  0.961406
1069  -0.530666  -0.628815  0.478009  0.951581
1070  -0.530666  -0.628815  0.478009  0.951581
1071  -0.261053  -0.343628  -0.0529362  0.434777
1072  -0.261053  -0.343628  -0.0529362  0.434777
1073  -0.261053  -0.343628  -0.0529362  0.434777
1074  -0.261053  -0.343628  -0.0529362  0.434777
1075  -0.481522  -0.005556  -0.950927  1.06591
1076  -0.646572  0.671821  -0.512318  1.06389
1077  -0.646572  0.671821  -0.512318  1.06389
1078  0.105908  0.880808  -0.656129  1.10342
1079  0.105908  0.880808  -0.656129  1.10342
1080  0.105908  0.880808  -0.656129  1.10342
1081  0.105908  0.880808  -0.656129  1.10342
1082  0.105908  0.880808  -0.656129  1.10342
1083  0.105908  0.880808  -0.656129  1.10342
1084  0.105908  0.880808  -0.656129  1.10342
1085  0.985491  0.577497  -0.547416  1.26663
1086  0.985491  0.577497  -0.547416  1.26663
1087  0.178582  -0.217328  -0.163219  0.325213
1088  0.178582  -0.217328  -0.163219  0.325213
1089  0.127965  -0.117806  -0.545247  0.572318
1090  0.127965  -0.117806  -0.545247  0.572318
1091  0.499082  -0.322599  0.890482  1.07057
1092  0.443906  0.697616  0.955575  1.26366
1093  0.019479  0.977476  0.728846  1.21945
1094  -0.659156  0.219628  1.08835  1.29122
1095  -0.665596  -0.978566  1.01219  1.55728
1096  -0.665596  -0.978566  1.01219  1.55728
1097  -0.498188  -0.59799  0.909057  1.19673
1098  -0.129909  -1.11955  0.00978554  1.12711
1099  -0.129909  -1.11955  0.00978554  1.12711
1100  -0.129909  -1.11955  0.00978554  1.12711
1101  -0.129909  -1.11955  0.00978554  1.12711
1102  -0.129909  -1.11955  0.00978554  1.12711
1103  0.656576  -0.280679  -0.516778  0.881437
1104  0.656576  -0.280679  -0.516778  0.881437
1105  0.656576  -0.280679  -0.516778  0.881437
1106  0.656576  -0.280679  -0.516778  0.881437
1107  0.656576  -0.280679  -0.516778  0.881437
1108  1.17116  -0.183615  0.237241  1.20897
1109  1.17116  -0.183615  0.237241  1.20897
1110  0.768067  -0.0135187  0.537714  0.937681
1111  0.262855  -0.564211  0.745134  0.970902
1112  0.962042  -0.712007  0.256282  1.22399
1113  0.962042  -0.712007  0.256282  1.22399
1114  0.962042  -0.712007  0.256282  1.22399
1115  0.962042  -0.712007  0.256282  1.22399
1116  0.962042  -0.712007  0.256282  1.22399
1117  0.962042  -0.712007  0.256282  1.22399
1118  0.376844  -1.39149  1.00524  1.75749
1119  0.376844  -1.39149  1.00524  1.75749
1120  0.948113  -1.35303  0.870153  1.86729
1121  0.948113  -1.35303  0.870153  1.86729
1122  0.948113  -1.35303  0.870153  1.86729
1123  0.948113  -1.35303  0.870153  1.86729
1124  1.68985  -1.21697  0.628401  2.1752
1125  0.0317147  -1.58773  2.05463  2.5968
1126  0.132362  -0.856538  2.37202  2.5254
1127  1.06253  -0.909924  1.8166  2.2928
1128  1.06253  -0.909924  1.8166  2.2928
1129  1.06253  -0.909924  1.8166  2.2928
1130  0.599502  -1.16599  1.58684  2.05839
1131  -0.318909  -0.84366  -0.0873506  0.906143
1132  -0.318909  -0.84366  -0.0873506  0.906143
1133  0.887042  -0.0695103  0.271084  0.93014
1134  0.621138  1.22257  0.684793  1.53278
1135  0.621138  1.22257  0.684793  1.53278
1136  1.31882  0.661614  1.57571  2.15867
1137  1.17398  -0.0204797  1.65071  2.0257
1138  1.17398  -0.0204797  1.65071  2.0257
1139  1.17398  -0.0204797  1.65071  2.0257
1140  1.17398  -0.0204797  1.65071  2.0257
1141  0.906277  0.284848  1.37872  1.67432
1142  -0.66003  -0.717134  1.72247  1.9791
1143  -0.418798  0.282454  0.796946  0.943554
1144  0.757372  0.207783  1.00828  1.27805
1145  1.64931  0.162771  1.80144  2.44784
1146  1.64931  0.162771  1.80144  2.44784
1147  1.64931  0.162771  1.80144  2.44784
1148  1.42683  0.719751  1.17635  1.98436
1149  1.42683  0.719751  1.17635  1.98436
1150  1.42683  0.719751  1.17635  1.98436
1151  0.921842  1.32353  0.711593  1.76292
1152  1.4095  1.27924  2.01136  2.76924
1153  0.729506  1.25149  2.4963  2.88616
1154  0.729506  1.25149  2.4963  2.88616
1155  0.729506  1.25149  2.4963  2.88616
1156  1.16093  0.736356  2.48497  2.83991
1157  0.780973  0.606284  2.65828  2.83619
1158  0.780973  0.606284  2.65828  2.83619
1159  0.780973  0.606284  2.65828  2.83619
1160  0.780973  0.606284  2.65828  2.83619
1161  0.780973  0.606284  2.65828  2.83619
1162  0.780973  0.606284  2.65828  2.83619
1163  -0.887661  0.583935  1.94456  2.21591
1164  -0.887661  0.583935  1.94456  2.21591
1165  -0.493609  0.898923  1.58145  1.88486
1166  -0.493609  0.898923  1.58145  1.88486
1167  -0.493609  0.898923  1.58145  1.88486
1168  -0.29195  1.88546  1.47693  2.41278
1169  -0.490844  0.325644  1.62998  1.73315
1170  -0.490844  0.325644  1.62998  1.73315
1171  0.106475  -0.6792  0.334969  0.764758
1172  0.694444  1.27494  -0.460697  1.52315
1173  0.533219  2.45517  -0.115357  2.51505
1174  1.1673  2.04535  -0.837205  2.49939
1175  1.29595  1.68365  -0.339709  2.15164
1176  1.29595  1.68365  -0.339709  2.15164
1177  2.2846  0.954904  0.455337  2.51765
1178  1.20354  1.00237  0.816908  1.76652
1179  0.70832  1.82462  0.697897  2.07799
1180  1.85066  1.22833  0.322687  2.24452
1181  1.85066  1.22833  0.322687  2.24452
1182  1.85066  1.22833  0.322687  2.24452
1183  1.85066  1.22833  0.322687  2.24452
1184  1.85066  1.22833  0.322687  2.24452
1185  1.85066  1.22833  0.322687  2.24452
1186  1.95782  2.75224  1.14931  3.56775
1187  1.95782  2.75224  1.14931  3.56775
1188  1.54247  3.01328  0.203163  3.39121
1189  2.05644  3.68876  0.431763  4.24527
1190  2.72356  2.55699  0.786014  3.81757
1191  2.72356  2.55699  0.786014  3.81757
1192  2.81205  1.93763  0.77598  3.50203
1193  3.24165  1.39611  -0.0367965  3.5297
1194  3.01132  1.11198  -0.960572  3.35071
1195  2.13285  1.09199  -0.154139  2.40109
1196  2.13285  1.09199  -0.154139  2.40109
1197  1.77558  1.72329  -0.67345  2.56436
1198  1.04959  1.45962  -1.39033  2.2727
1199  1.6169  0.722  -1.31145  2.20353
1200  1.6169  0.722  -1.31145  2.20353
1201  1.6169  0.722  -1.31145  2.20353
1202  1.50316  0.376454  -1.96336  2.5012
1203  0.858502  0.791503  -1.89076  2.22227
1204  0.579356  0.0486279  -1.70635  1.80268
1205  0.579356  0.0486279  -1.70635  1.80268
1206  0.312446  -0.0552083  -0.964543  1.01539
1207  0.312446  -0.0552083  -0.964543  1.01539
1208  0.312446  -0.0552083  -0.964543  1.01539
1209  0.312446  -0.0552083  -0.964543  1.01539
1210  -0.353848  -0.68874  -1.03633  1.29365
1211  0.00584404  -0.798264  -1.25552  1.48782
1212  0.783026  -0.914743  -1.3914  1.84008
1213  0.180076  -0.222911  -1.8757  1.89746
1214  0.180076  -0.222911  -1.8757  1.89746
1215  0.170133  0.784408  -1.88389  2.04775
1216  1.73165  1.41499  -2.5939  3.42478
1217  1.73165  1.41499  -2.5939  3.42478
1218  1.73165  1.41499  -2.5939  3.42478
1219  1.73165  1.41499  -2.5939  3.42478
1220  1.01821  1.52815  -2.82875  3.37251
1221  1.01821  1.52815  -2.82875  3.37251
1222  1.47217  1.13884  -2.70183  3.28087
1223  1.47217  1.13884  -2.70183  3.28087
1224  0.513886  0.745733  -2.02473  2.21805
1225  0.513886  0.745733  -2.02473  2.21805
1226  0.947071  2.14195  -1.60231  2.83766
1227  1.60987  1.26061  -2.45695  3.19647
1228  1.60987  1.26061  -2.45695  3.19647
1229  1.39015  0.987662  -2.8733  3.34123
1230  0.853689  0.880989  -2.66674  2.93538
1231  1.40209  1.27701  -3.12241  3.65322
1232  1.40209  1.27701  -3.12241  3.65322
1233  1.13512  -0.0944844  -3.84862  4.01364
1234  1.13512  -0.0944844  -3.84862  4.01364
1235  0.0329082  0.464476  -3.08558  3.12052
1236  0.0329082  0.464476  -3.08558  3.12052
1237  -0.237777  1.22164  -1.96969  2.32994
1238  -1.3648  -0.163259  -2.07944  2.49267
1239  -1.3648  -0.163259  -2.07944  2.49267
1240  -0.968076  -0.295696  -2.2993  2.51225
1241  -2.43001  -0.117218  -0.970494  2.61926
1242  -2.43001  -0.117218  -0.970494  2.61926
1243  -2.43001  -0.117218  -0.970494  2.61926
1244  -2.83051  -1.16484  -0.746105  3.15045
1245  -1.78711  -1.14914  -1.4144  2.55242
1246  -1.78711  -1.14914  -1.4144  2.55242
1247  -1.83857  -1.16989  -0.118849  2.18245
1248  -1.83857  -1.16989  -0.118849  2.18245
1249  -1.83857  -1.16989  -0.118849  2.18245
1250  -1.46303  -1.47138  -0.457836  2.12486
1251  -1.46303  -1.47138  -0.457836  2.12486
1252  -1.59831  -1.7459  -0.504707  2.42022
1253  -0.97621  -1.90197  -0.79767  2.28183
1254  -0.904287  -0.568874  -0.667034  1.25948
1255  -0.996286  -0.048189  -0.533952  1.13138
1256  -1.63277  -0.625492  0.136295  1.75378
1257  -1.63277  -0.625492  0.136295  1.75378
1258  -0.439828  -1.65586  0.204987  1.7255
1259  -0.439828  -1.65586  0.204987  1.7255
1260  -0.439828  -1.65586  0.204987  1.7255
1261  0.612687  -0.956401  0.205546  1.15427
1262  0.102353  -1.25804  0.802852  1.4959
1263  1.01409  -0.538817  0.753846  1.37367
1264  -0.0120618  -1.43386  -0.471006  1.50929
1265  0.17897  -1.21795  -0.656763  1.39527
1266  0.17897  -1.21795  -0.656763  1.39527
1267  -0.550266  -0.486017  -0.368058  0.821262
1268  -0.550266  -0.486017  -0.368058  0.821262
1269  -0.723489  -0.130156  -0.805015  1.09015
1270  -0.723489  -0.130156  -0.805015  1.09015
1271  -0.723489  -0.130156  -0.805015  1.09015
1272  -1.0778  -0.632388  -0.570757  1.3738
1273  -1.0778  -0.632388  -0.570757  1.3738
1274  -1.0778  -0.632388  -0.570757  1.3738
1275  -1.00291  -1.58548  -1.22828  2.24238
1276  -0.843012  -0.495139  -1.18497  1.53622
1277  -0.843012  -0.495139  -1.18497  1.53622
1278  -0.244474  0.253495  0.738794  0.81844
1279  -0.244474  0.253495  0.738794  0.81844
1280  -0.0887748  -0.442076  -0.167745  0.481093
1281  -0.0887748  -0.442076  -0.167745  0.481093
1282  -0.0887748  -0.442076  -0.167745  0.481093
1283  -0.0887748  -0.442076  -0.167745  0.481093
1284  -1.34987  -0.708836  -0.267279  1.54792
1285  -0.26223  -0.132296  -0.942474  0.98718
1286  -1.15636  0.261185  -1.71978  2.08879
1287  -1.04637  -0.29096  -1.42018  1.78786
1288  -0.63101  -0.7898  -1.38163  1.71198
1289  -0.856168  0.429002  -1.46617  1.7512
1290  -0.745823  0.638882  0.0639033  0.984127
1291  -0.745823  0.638882  0.0639033  0.984127
1292  -0.745823  0.638882  0.0639033  0.984127
1293  0.117801  1.52832  0.769352  1.7151
1294  0.198643  1.12668  0.182391  1.15851
1295  0.198643  1.12668  0.182391  1.15851
1296  0.0759537  1.27132  0.288822  1.30592
1297  -0.541496  0.734241  -0.0992768  0.917706
1298  -0.541496  0.734241  -0.0992768  0.917706
1299  0.477471  0.656445  -0.428906  0.918074
1300  0.477471  0.656445  -0.428906  0.918074
1301  0.477471  0.656445  -0.428906  0.918074
1302  -0.398919  0.570992  -0.341082  0.775568
1303  -0.229403  -1.23962  -0.377714  1.31604
1304  -0.487364  0.0835325  -0.284842  0.570645
1305  -0.444728  0.614557  -1.4051  1.5968
1306  -0.444728  0.614557  -1.4051  1.5968
1307  -0.02341  -0.216329  -2.13746  2.1485
1308  -0.694516  0.479755  -2.29124  2.44178
1309  0.147173  1.78123  -0.0122107  1.78735
1310  -0.628172  0.545654  -1.00422  1.30415
1311  -0.628172  0.545654  -1.00422  1.30415
1312  -0.628172  0.545654  -1.00422  1.30415
1313  0.800384  -0.511754  -0.777447  1.22757
1314  -0.5433  -1.09229  -0.100333  1.22407
1315  -0.5433  -1.09229  -0.100333  1.22407
1316  -0.5433  -1.09229  -0.100333  1.22407
1317  -0.5433  -1.09229  -0.100333  1.22407
1318  -0.828117  -1.59067  -0.482426  1.85708
1319  -0.828117  -1.59067  -0.482426  1.85708
1320  -0.235111  -0.645084  0.282552  0.74246
1321  -0.251643  -0.19153  1.86492  1.89155
1322  0.120426  0.196649  0.913013  0.941683
1323  0.120426  0.196649  0.913013  0.941683
1324  0.721238  -0.928776  0.400548  1.24228
1325  0.721238  -0.928776  0.400548  1.24228
1326  0.46297  -0.0559205  -0.473177  0.664353
1327  0.46297  -0.0559205  -0.473177  0.664353
1328  -0.160379  -0.20836  -0.575539  0.632756
1329  -0.160379  -0.20836  -0.575539  0.632756
1330  -0.160379  -0.20836  -0.575539  0.632756
1331  -0.160379  -0.20836  -0.575539  0.632756
1332  -0.160379  -0.20836  -0.575539  0.632756
1333  -0.160379  -0.20836  -0.575539  0.632756
1334  -0.160379  -0.20836  -0.575539  0.632756
1335  -0.160379  -0.20836  -0.575539  0.632756
1336  -0.160379  -0.20836  -0.575539  0.632756
1337  -0.27978  0.505976  -0.934564  1.09895
1338  -0.145506  0.200711  -1.48329  1.50386
1339  0.63517  -0.215515  -0.259279  0.719106
1340  -0.0957612  -0.484653  -0.221076  0.541233
1341  -0.0957612  -0.484653  -0.221076  0.541233
1342  -0.0957612  -0.484653  -0.221076  0.541233
1343  -0.0957612  -0.484653  -0.221076  0.541233
1344  0.0315696  0.5061  0.330318  0.605181
1345  1.11849  0.852878  0.420876  1.46818
1346  1.47857  0.92507  0.403257  1.79013
1347  0.359261  1.232  0.803766  1.51424
1348  -0.315282  2.19469  0.136754  2.22143
1349  -0.315282  2.19469  0.136754  2.22143
1350  -1.18845  0.995868  0.927755  1.8069
1351  -0.505719  0.100418  1.78444  1.85744
1352  -0.0870575  -1.88994  0.894621  2.0928
1353  0.0779401  -1.1714  0.713229  1.37366
1354  0.0779401  -1.1714  0.713229  1.37366
1355  0.644815  -1.2818  -0.355936  1.47834
1356  -0.364155  -0.988703  -0.731087  1.28243
1357  -0.167206  -1.065  -1.19986  1.61302
1358  0.416055  -0.397212  -0.0774613  0.580413
1359  -0.12978  0.09886  -0.469113  0.496673
1360  -0.12978  0.09886  -0.469113  0.496673
1361  -0.12978  0.09886  -0.469113  0.496673
1362  -0.170452  0.536462  -1.05564  1.19634
1363  -0.170452  0.536462  -1.05564  1.19634
1364  -0.170452  0.536462  -1.05564  1.19634
1365  -0.170452  0.536462  -1.05564  1.19634
1366  -0.170452  0.536462  -1.05564  1.19634
1367  -0.0499113  0.885804  -2.0127  2.19956
1368  -0.0499113  0.885804  -2.0127  2.19956
1369  -0.0499113  0.885804  -2.0127  2.19956
1370  0.0693473  -0.396023  -1.66283  1.71075
1371  0.0693473  -0.396023  -1.66283  1.71075
1372  0.0693473  -0.396023  -1.66283  1.71075
1373  0.895436  -0.28617  -1.35679  1.65063
1374  0.895436  -0.28617  -1.35679  1.65063
1375  0.604924  -0.214307  -0.372033  0.741801
1376  1.02549  0.277628  -0.405993  1.13734
1377  1.02549  0.277628  -0.405993  1.13734
1378  1.02549  0.277628  -0.405993  1.13734
1379  1.02549  0.277628  -0.405993  1.13734
1380  1.02549  0.277628  -0.405993  1.13734
1381  1.02549  0.277628  -0.405993  1.13734
1382  1.02549  0.277628  -0.405993  1.13734
1383  0.752283  0.724734  -0.73425  1.27683
1384  0.901272  0.433723  -1.54539  1.84083
1385  -0.0529387  0.534722  -1.24535  1.35633
1386  -0.0529387  0.534722  -1.24535  1.35633
1387  -0.0529387  0.534722  -1.24535  1.35633
1388  -0.046448  1.07448  -1.12906  1.55931
1389  -0.046448  1.07448  -1.12906  1.55931
1390  0.580593  0.639111  -0.0537839  0.865127
1391  0.580593  0.639111  -0.0537839  0.865127
1392  0.580593  0.639111  -0.0537839  0.865127
1393  0.0613515  -0.199827  0.212592  0.298145
1394  0.0613515  -0.199827  0.212592  0.298145
1395  0.0613515  -0.199827  0.212592  0.298145
1396  0.0613515  -0.199827  0.212592  0.298145
1397  0.0613515  -0.199827  0.212592  0.298145
1398  0.0613515  -0.199827  0.212592  0.298145
1399  0.0613515  -0.199827  0.212592  0.298145
1400  0.0613515  -0.199827  0.212592  0.298145
1401  0.170883  0.0565902  -0.775567  0.796183
1402  -0.28806  -0.0846688  -0.384117  0.487538
1403  -0.28806  -0.0846688  -0.384117  0.487538
1404  -0.28806  -0.0846688  -0.384117  0.487538
1405  -0.28806  -0.0846688  -0.384117  0.487538
1406  -0.121828  0.138419  -0.341886  0.388443
1407  -0.121828  0.138419  -0.341886  0.388443
1408  -0.121828  0.138419  -0.341886  0.388443
1409  -0.121828  0.138419  -0.341886  0.388443
1410  -0.121828  0.138419  -0.341886  0.388443
1411  -0.121828  0.138419  -0.341886  0.388443
1412  -0.121828  0.138419  -0.341886  0.388443
1413  -0.121828  0.138419  -0.341886  0.388443
1414  -0.121828  0.138419  -0.341886  0.388443
1415  -0.915347  0.104466  0.0736761  0.92423
1416  -0.720024  0.517607  0.504179  1.02007
1417  -0.720024  0.517607  0.504179  1.02007
1418  -0.720024  0.517607  0.504179  1.02007
1419  -0.720024  0.517607  0.504179  1.02007
1420  -0.29142  1.21352  0.46738  1.33267
1421  -0.140898  1.5299  0.0703948  1.53799
1422  -0.140898  1.5299  0.0703948  1.53799
1423  0.492147  1.31321  0.145324  1.40991
1424  0.492147  1.31321  0.145324  1.40991
1425  0.492147  1.31321  0.145324  1.40991
1426  0.492147  1.31321  0.145324  1.40991
1427  0.425486  0.440839  0.806398  1.01275
1428  0.425486  0.440839  0.806398  1.01275
1429  0.425486  0.440839  0.806398  1.01275
1430  1.39214  -0.253315  0.645432  1.55525
1431  1.39214  -0.253315  0.645432  1.55525
1432  1.39214  -0.253315  0.645432  1.55525
1433  1.39214  -0.253315  0.645432  1.55525
1434  1.09575  0.564407  1.38449  1.85366
1435  0.388613  1.17273  0.800838  1.4723
1436  -0.63204  1.62259  0.759118  1.89961
1437  -0.63204  1.62259  0.759118  1.89961
1438  -0.710452  0.48521  1.14598  1.43298
1439  0.788397  -0.0227109  -0.0250199  0.789121
1440  0.788397  -0.0227109  -0.0250199  0.789121
1441  0.788397  -0.0227109  -0.0250199  0.789121
1442  0.788397  -0.0227109  -0.0250199  0.789121
1443  -0.34559  -0.222572  0.137588  0.433476
1444  -0.34559  -0.222572  0.137588  0.433476
1445  -0.34559  -0.222572  0.137588  0.433476
1446  -0.34559  -0.222572  0.137588  0.433476
1447  -0.34559  -0.222572  0.137588  0.433476
1448  -0.34559  -0.222572  0.137588  0.433476
1449  -0.13095  0.0432457  -0.154231  0.206894
1450  -0.13095  0.0432457  -0.154231  0.206894
1451  -0.19214  -0.365378  -0.0619454  0.41744
1452  -0.19214  -0.365378  -0.0619454  0.41744
1453  -0.497706  -0.740287  0.629822  1.09198
1454  -0.209941  -0.784731  1.28972  1.52423
1455  -0.209941  -0.784731  1.28972  1.52423
1456  -0.209941  -0.784731  1.28972  1.52423
1457  0.232167  -0.993537  1.85257  2.11495
1458  0.408268  -0.911285  1.89454  2.14159
1459  0.408268  -0.911285  1.89454  2.14159
1460  0.408268  -0.911285  1.89454  2.14159
1461  0.408268  -0.911285  1.89454  2.14159
1462  0.408268  -0.911285  1.89454  2.14159
1463  0.645904  -1.48395  1.27032  2.05743
1464  0.326862  -1.80215  1.4791  2.35421
1465  -0.809594  -0.751631  2.10676  2.37883
1466  -0.809594  -0.751631  2.10676  2.37883
1467  -0.803864  -0.58342  1.66013  1.93458
1468  0.0205714  0.123516  1.44711  1.45252
1469  0.0205714  0.123516  1.44711  1.45252
1470  0.0205714  0.123516  1.44711  1.45252
1471  0.119752  -0.607867  1.35298  1.48809
1472  0.119752  -0.607867  1.35298  1.48809
1473  0.119752  -0.607867  1.35298  1.48809
1474  -0.0183459  -0.911448  1.39702  1.66816
1475  -0.462701  -0.880158  0.519849  1.12206
1476  -0.462701  -0.880158  0.519849  1.12206
1477  -0.462701  -0.880158  0.519849  1.12206
1478  -0.462701  -0.880158  0.519849  1.12206
1479  -0.281061  -1.72403  0.040089  1.74725
1480  -0.329571  -1.73446  0.491459  1.83262
1481  0.305705  -1.36647  1.30499  1.91407
1482  0.305705  -1.36647  1.30499  1.91407
1483  0.652307  -0.988703  1.38376  1.82149
1484  0.652307  -0.988703  1.38376  1.82149
1485  0.652307  -0.988703  1.38376  1.82149
1486  0.652307  -0.988703  1.38376  1.82149
1487  1.24962  -0.570651  1.8786  2.3273
1488  1.24962  -0.570651  1.8786  2.3273
1489  1.06875  -1.12327  1.75194  2.3395
1490  1.25895  -1.54184  1.2318  2.34084
1491  1.25895  -1.54184  1.2318  2.34084
1492  0.716818  -1.78436  0.963636  2.1509
1493  0.153577  -1.54791  1.09893  1.90454
1494  1.00663  -1.998  -0.19383  2.24563
1495  1.00663  -1.998  -0.19383  2.24563
1496  0.933238  -1.01129  0.361308  1.42274
1497  0.933238  -1.01129  0.361308  1.42274
1498  1.3467  -1.44589  0.690249  2.09299
1499  1.3467  -1.44589  0.690249  2.09299
1500  1.6878  -2.16962  0.436013  2.78317
1501  1.1604  -1.8015  0.0371629  2.1432
1502  -0.0963519  -2.01744  -1.06617  2.28387
1503  1.07752  -1.3909  -1.17558  2.11604
1504  1.07752  -1.3909  -1.17558  2.11604
1505  1.05211  -1.45684  -1.71867  2.48659
1506  1.05211  -1.45684  -1.71867  2.48659
1507  0.451347  -0.228669  -1.60369  1.68162
1508  0.472464  -0.976721  -1.10258  1.54689
1509  0.858865  -1.24106  -0.823923  1.71951
1510  1.43658  -1.6423  -1.80889  2.83425
1511  1.43658  -1.6423  -1.80889  2.83425
1512  0.97297  -0.932117  -2.49248  2.83337
1513  0.97297  -0.932117  -2.49248  2.83337
1514  1.41985  0.117133  -2.06713  2.51052
1515  1.41985  0.117133  -2.06713  2.51052
1516  1.11253  0.962422  -2.38376  2.80112
1517  1.11253  0.962422  -2.38376  2.80112
1518  1.11253  0.962422  -2.38376  2.80112
1519  0.391327  1.22774  -2.1653  2.51973
1520  -0.63833  1.74567  -2.28825  2.94803
1521  -0.405419  -0.832231  -2.21993  2.40522
1522  -0.821518  1.56688  -2.06286  2.71761
1523  -0.127426  -0.821019  -1.4673  1.6862
1524  -0.127426  -0.821019  -1.4673  1.6862
1525  0.796646  -0.634597  -1.37094  1.70787
1526  1.47875  -1.64403  -1.16318  2.49851
1527  1.47875  -1.64403  -1.16318  2.49851
1528  1.47875  -1.64403  -1.16318  2.49851
1529  2.10307  -2.46207  -0.934112  3.37005
1530  2.10307  -2.46207  -0.934112  3.37005
1531  1.61571  -2.74741  0.230343  3.1956
1532  1.11082  -2.43343  1.36695  3.00401
1533  1.11082  -2.43343  1.36695  3.00401
1534  2.00215  -1.94258  -0.149931  2.79369
1535  1.70903  -2.09131  -0.189997  2.70748
1536  1.70903  -2.09131  -0.189997  2.70748
1537  1.96573  -1.53518  0.165067  2.49962
1538  1.96573  -1.53518  0.165067  2.49962
1539  1.96573  -1.53518  0.165067  2.49962
1540  1.96573  -1.53518  0.165067  2.49962
1541  1.65471  -2.06596  0.752533  2.75183
1542  0.976328  -1.85729  1.82979  2.78404
1543  0.93592  -1.76435  1.96166  2.79946
1544  0.93592  -1.76435  1.96166  2.79946
1545  0.93592  -1.76435  1.96166  2.79946
1546  0.93592  -1.76435  1.96166  2.79946
1547  0.93592  -1.76435  1.96166  2.79946
1548  0.93592  -1.76435  1.96166  2.79946
1549  1.09691  -0.713429  1.507  1.99581
1550  0.598266  0.100459  2.23671  2.31752
1551  -0.167276  0.689861  2.30753  2.41425
1552  -0.167276  0.689861  2.30753  2.41425
1553  -0.0664449  0.357797  2.71503  2.73931
1554  0.886167  -0.581641  2.1172  2.36772
1555  0.886167  -0.581641  2.1172  2.36772
1556  0.886167  -0.581641  2.1172  2.36772
1557  0.886167  -0.581641  2.1172  2.36772
1558  -0.0995457  -0.117945  2.09288  2.09856
1559  -0.0995457  -0.117945  2.09288  2.09856
1560  0.172909  0.603653  1.70801  1.81977
1561  -0.0502452  0.176646  1.85312  1.8622
1562  -0.0502452  0.176646  1.85312  1.8622
1563  -0.0502452  0.176646  1.85312  1.8622
1564  0.236759  -1.02659  2.5653  2.77322
1565  -0.762983  -1.23176  2.76698  3.12339
1566  -0.449879  -1.51584  2.31422  2.80281
1567  -0.449879  -1.51584  2.31422  2.80281
1568  -0.449879  -1.51584  2.31422  2.80281
1569  -0.449879  -1.51584  2.31422  2.80281
1570  -1.09239  -0.110433  0.686731  1.29503
1571  -2.14079  -0.0370205  0.178919  2.14858
1572  -2.14079  -0.0370205  0.178919  2.14858
1573  -2.36552  0.127843  -0.737224  2.48103
1574  -2.36552  0.127843  -0.737224  2.48103
1575  -1.72347  0.974089  0.233339  1.9934
1576  -1.72347  0.974089  0.233339  1.9934
1577  -1.9556  0.49084  -0.223285  2.02859
1578  -1.9556  0.49084  -0.223285  2.02859
1579  -2.23932  0.615525  0.319373  2.34423
1580  -2.23932  0.615525  0.319373  2.34423
1581  -2.85461  1.22218  -0.0120362  3.10527
1582  -2.85461  1.22218  -0.0120362  3.10527
1583  -2.85461  1.22218  -0.0120362  3.10527
1584  -2.40487  0.892103  0.412687  2.59799
1585  -2.40487  0.892103  0.412687  2.59799
1586  -2.40487  0.892103  0.412687  2.59799
1587  -2.0321  0.637187  -0.284292  2.14855
1588  -1.39719  0.26546  0.844451  1.65399
1589  -1.39719  0.26546  0.844451  1.65399
1590  -1.39719  0.26546  0.844451  1.65399
1591  -1.39719  0.26546  0.844451  1.65399
1592  -0.326324  0.665306  0.601685  0.954539
1593  -0.132298  -0.508012  -0.705396  0.879296
1594  -0.132298  -0.508012  -0.705396  0.879296
1595  -0.132298  -0.508012  -0.705396  0.879296
1596  -0.132298  -0.508012  -0.705396  0.879296
1597  -0.132298  -0.508012  -0.705396  0.879296
1598  -0.132298  -0.508012  -0.705396  0.879296
1599  -0.00869974  -1.53577  -0.671898  1.67634
1600  -0.00869974  -1.53577  -0.671898  1.67634
1601  -0.00869974  -1.53577  -0.671898  1.67634
1602  -0.00869974  -1.53577  -0.671898  1.67634
1603  -0.00869974  -1.53577  -0.671898  1.67634
1604  -0.00869974  -1.53577  -0.671898  1.67634
1605  -0.0244992  -1.08986  0.492252  1.19612
1606  -0.0244992  -1.08986  0.492252  1.19612
1607  0.0715573  -1.02986  -0.31851  1.08036
1608  1.11313  -0.827047  -0.0285278  1.38704
1609  0.924513  -0.76365  -0.80882  1.4464
1610  0.897014  -0.53409  0.347608  1.10033
1611  0.897014  -0.53409  0.347608  1.10033
1612  -0.622023  0.458732  0.330662  0.840646
1613  -1.0149  0.595632  0.191044  1.19218
1614  -1.0149  0.595632  0.191044  1.19218
1615  -0.106636  1.07777  0.400825  1.15483
1616  -0.4449  -0.177256  -0.759445  0.897838
1617  -0.4449  -0.177256  -0.759445  0.897838
1618  -0.4449  -0.177256  -0.759445  0.897838
1619  -0.0693234  -0.450126  0.446259  0.637625
1620  -0.0693234  -0.450126  0.446259  0.637625
1621  -0.501308  -0.485764  0.930469  1.16321
1622  -0.252312  -0.712658  0.225364  0.78888
1623  -0.417548  -1.24014  0.811683  1.53985
1624  0.689061  -0.931923  -1.19958  1.66802
1625  0.689061  -0.931923  -1.19958  1.66802
1626  0.689061  -0.931923  -1.19958  1.66802
1627  0.597271  -0.253853  -2.11457  2.21192
1628  0.597271  -0.253853  -2.11457  2.21192
1629  0.597271  -0.253853  -2.11457  2.21192
1630  0.597271  -0.253853  -2.11457  2.21192
1631  0.575502  0.787936  -1.23247  1.57195
1632  0.519628  0.379805  -0.558594  0.852228
1633  0.519628  0.379805  -0.558594  0.852228
1634  0.811552  0.115036  -0.812764  1.15431
1635  0.811552  0.115036  -0.812764  1.15431
1636  0.811552  0.115036  -0.812764  1.15431
1637  0.811552  0.115036  -0.812764  1.15431
1638  0.811552  0.115036  -0.812764  1.15431
1639  0.811552  0.115036  -0.812764  1.15431
1640  0.811552  0.115036  -0.812764  1.15431
1641  0.811552  0.115036  -0.812764  1.15431
1642  0.715778  -0.705627  0.307819  1.05119
1643  0.715778  -0.705627  0.307819  1.05119
1644  0.715778  -0.705627  0.307819  1.05119
1645  0.715778  -0.705627  0.307819  1.05119
1646  -0.188998  -0.747282  -0.428427  0.881873
1647  -0.188998  -0.747282  -0.428427  0.881873
1648  -0.188998  -0.747282  -0.428427  0.881873
1649  -0.188998  -0.747282  -0.428427  0.881873
1650  -0.188998  -0.747282  -0.428427  0.881873
1651  -0.728113  0.763189  0.535304  1.18286
1652  -0.728113  0.763189  0.535304  1.18286
1653  -0.0358398  0.595644  0.390898  0.713357
1654  0.425508  0.201612  -0.265394  0.540498
1655  0.425508  0.201612  -0.265394  0.540498
1656  0.028051  0.190068  0.311116  0.365658
1657  0.028051  0.190068  0.311116  0.365658
1658  0.028051  0.190068  0.311116  0.365658
1659  0.028051  0.190068  0.311116  0.365658
1660  0.028051  0.190068  0.311116  0.365658
1661  0.028051  0.190068  0.311116  0.365658
1662  0.028051  0.190068  0.311116  0.365658
1663  0.028051  0.190068  0.311116  0.365658
1664  0.028051  0.190068  0.311116  0.365658
1665  0.028051  0.190068  0.311116  0.365658
1666  0.479237  0.391569  0.0646502  0.622233
1667  -0.359939  -0.00406897  1.00618  1.06863
1668  0.319964  0.0688702  0.757672  0.825341
1669  0.319964  0.0688702  0.757672  0.825341
1670  -0.68295  -0.074994  -0.194478  0.714049
1671  -0.68295  -0.074994  -0.194478  0.714049
1672  -0.68295  -0.074994  -0.194478  0.714049
1673  -0.327594  0.16283  0.528374  0.642659
1674  -0.327594  0.16283  0.528374  0.642659
1675  -0.327594  0.16283  0.528374  0.642659
1676  -0.327594  0.16283  0.528374  0.642659
1677  0.297716  -0.50391  0.130503  0.599659
1678  0.297716  -0.50391  0.130503  0.599659
1679  0.297716  -0.50391  0.130503  0.599659
1680  1.34896  1.09128  -0.713022  1.8759
1681  2.56346  1.52518  -0.327489  3.00079
1682  2.28789  1.83998  0.0370733  2.93621
1683  2.28789  1.83998  0.0370733  2.93621
1684  2.47726  1.67821  0.409359  3.02007
1685  1.16839  0.30703  -0.721796  1.40727
1686  1.16839  0.30703  -0.721796  1.40727
1687  1.16839  0.30703  -0.721796  1.40727
1688  1.43193  -0.0555528  -0.616492  1.55999
1689  1.39197  0.0919755  -0.512197  1.48607
1690  1.39197  0.0919755  -0.512197  1.48607
1691  0.263938  0.819624  -0.0896633  0.865729
1692  0.229852  0.270834  -0.303061  0.466936
1693  0.229852  0.270834  -0.303061  0.466936
1694  0.176576  -0.240073  -0.37054  0.475514
1695  0.176576  -0.240073  -0.37054  0.475514
1696  0.176576  -0.240073  -0.37054  0.475514
1697  0.176576  -0.240073  -0.37054  0.475514
1698  0.176576  -0.240073  -0.37054  0.475514
1699  0.176576  -0.240073  -0.37054  0.475514
1700  0.176576  -0.240073  -0.37054  0.475514
1701  0.176576  -0.240073  -0.37054  0.475514
1702  0.176576  -0.240073  -0.37054  0.475514
1703  0.176576  -0.240073  -0.37054  0.475514
1704  -1.04889  1.016  0.356945  1.50328
1705  0.261598  1.661  -0.548639  1.76872
1706  -0.157564  1.53232  -0.528984  1.6287
1707  -0.157564  1.53232  -0.528984  1.6287
1708  -0.157564  1.53232  -0.528984  1.6287
1709  -1.02301  1.75559  -0.372905  2.06584
1710  -0.569466  1.94571  -0.476581  2.0826
1711  -0.569466  1.94571  -0.476581  2.0826
1712  0.949773  1.4129  0.502312  1.77501
1713  0.949773  1.4129  0.502312  1.77501
1714  1.2645  1.02741  0.0698508  1.63077
1715  0.8786  0.600621  -0.681855  1.26397
1716  1.85715  1.1354  -0.0480269  2.17725
1717  1.61663  -0.0347939  0.246925  1.63575
1718  0.67248  0.430626  -1.93409  2.09245
1719  0.67248  0.430626  -1.93409  2.09245
1720  0.574129  -0.165958  -1.41845  1.53921
1721  0.574129  -0.165958  -1.41845  1.53921
1722  -0.0896937  0.84857  -0.173389  0.870735
1723  0.0685556  -0.60572  0.797375  1.00369
1724  0.598631  -0.970038  0.591426  1.28418
1725  0.558413  -2.17036  1.19685  2.54061
1726  -0.609966  -1.89869  -0.274004  2.013
1727  -0.74096  -0.920314  -0.668963  1.35776
1728  -0.74096  -0.920314  -0.668963  1.35776
1729  -0.654767  0.0381483  -0.547352  0.854266
1730  0.273694  0.0983307  -1.45423  1.48303
1731  0.273694  0.0983307  -1.45423  1.48303
1732  0.273694  0.0983307  -1.45423  1.48303
1733  0.273694  0.0983307  -1.45423  1.48303
1734  0.273694  0.0983307  -1.45423  1.48303
1735  -0.0426614  0.0881454  -1.39946  1.40288
1736  -0.0426614  0.0881454  -1.39946  1.40288
1737  -0.0426614  0.0881454  -1.39946  1.40288
1738  0.0169831  -0.301102  -1.66304  1.69016
1739  0.476728  -0.29488  -1.47115  1.57432
1740  0.476728  -0.29488  -1.47115  1.57432
1741  -0.0422793  -0.798636  -0.282888  0.848312
1742  -0.0422793  -0.798636  -0.282888  0.848312
1743  0.178395  -0.622243  -0.842896  1.06277
1744  0.178395  -0.622243  -0.842896  1.06277
1745  0.178395  -0.622243  -0.842896  1.06277
1746  0.178395  -0.622243  -0.842896  1.06277
1747  0.303087  -0.269781  -0.0125752  0.405958
1748  -0.645316  1.01789  -0.649696  1.36917
1749  -0.645316  1.01789  -0.649696  1.36917
1750  -0.645316  1.01789  -0.649696  1.36917
1751  -1.73767  1.45579  -0.406185  2.303
1752  -1.11189  1.0904  -0.880703  1.7891
1753  -0.928085  -0.850214  -1.07131  1.65285
1754  -0.928085  -0.850214  -1.07131  1.65285
1755  -0.928085  -0.850214  -1.07131  1.65285
1756  -0.928085  -0.850214  -1.07131  1.65285
1757  -0.928085  -0.850214  -1.07131  1.65285
1758  -0.928085  -0.850214  -1.07131  1.65285
1759  -0.928085  -0.850214  -1.07131  1.65285
1760  -0.746881  -1.14247  -0.921384  1.64682
1761  -1.34531  -0.300682  -1.7075  2.1945
1762  -1.34531  -0.300682  -1.7075  2.1945
1763  -0.438598  0.461755  -2.69758  2.77173
1764  -0.840524  1.83145  -1.9883  2.83091
1765  -0.955598  2.19564  -2.01062  3.12676
1766  -0.90244  0.583638  -1.27036  1.66398
1767  -0.90244  0.583638  -1.27036  1.66398
1768  0.29718  0.510515  -1.75445  1.85123
1769  -1.07117  0.842419  -0.730636  1.54626
1770  0.168515  0.512188  0.108905  0.550086
1771  -0.0649451  -0.468826  -0.173928  0.504249
1772  -0.0649451  -0.468826  -0.173928  0.504249
1773  -0.0649451  -0.468826  -0.173928  0.504249
1774  -0.0649451  -0.468826  -0.173928  0.504249
1775  -0.0649451  -0.468826  -0.173928  0.504249
1776  -0.50738  -0.491931  -0.27194  0.75722
1777  -0.50738  -0.491931  -0.27194  0.75722
1778  0.157187  -1.44385  -0.0605028  1.45364
1779  -0.807276  -1.70126  -0.244959  1.89894
1780  -0.807276  -1.70126  -0.244959  1.89894
1781  -0.266614  -1.78095  1.29132  2.21594
1782  -0.266614  -1.78095  1.29132  2.21594
1783  -0.266614  -1.78095  1.29132  2.21594
1784  -0.266614  -1.78095  1.29132  2.21594
1785  0.363116  -0.473927  0.57295  0.827485
1786  -0.018581  -0.17091  -0.559526  0.585342
1787  -0.018581  -0.17091  -0.559526  0.585342
1788  0.138336  -0.0298359  0.732069  0.745621
1789  0.138336  -0.0298359  0.732069  0.745621
1790  0.138336  -0.0298359  0.732069  0.745621
1791  -0.29457  -0.708825  0.228508  0.800888
1792  -0.373592  -0.818068  -0.636349  1.1017
1793  -0.373592  -0.818068  -0.636349  1.1017
1794  -0.373592  -0.818068  -0.636349  1.1017
1795  -0.725746  -1.26103  -0.535384  1.55034
1796  -0.725746  -1.26103  -0.535384  1.55034
1797  -0.554744  0.194916  -1.41207  1.5296
1798  -1.35484  0.199298  -2.00666  2.42941
1799  -1.14747  -0.130958  -1.71734  2.06957
1800  -0.623671  0.598939  -0.355501  0.934919
1801  -0.623671  0.598939  -0.355501  0.934919
1802  -0.623671  0.598939  -0.355501  0.934919
1803  -0.623671  0.598939  -0.355501  0.934919
1804  0.231559  -1.66399  1.16659  2.04533
1805  0.231559  -1.66399  1.16659  2.04533
1806  0.248149  -1.54795  0.639829  1.69325
1807  0.248149  -1.54795  0.639829  1.69325
1808  -0.278395  -1.16086  0.777234  1.4245
1809  -0.137156  -0.998683  0.823952  1.30195
1810  -0.137156  -0.998683  0.823952  1.30195
1811  0.325129  -0.640816  0.566464  0.915006
1812  0.263841  -0.308624  0.839638  0.932659
1813  0.263841  -0.308624  0.839638  0.932659
1814  -0.112559  0.358398  0.401175  0.5496
1815  0.552144  0.562233  -0.0478967  0.78947
1816  0.552144  0.562233  -0.0478967  0.78947
1817  -0.502957  0.0135091  0.2466  0.560321
1818  -1.25364  0.0483381  -0.105504  1.259
1819  -1.16456  0.403237  0.28686  1.26534
1820  -0.866512  0.0792029  0.218537  0.897148
1821  -0.872016  0.0258697  0.0154211  0.872535
1822  -0.872016  0.0258697  0.0154211  0.872535
1823  -0.872016  0.0258697  0.0154211  0.872535
1824  0.0423984  -0.336347  -0.258776  0.426488
1825  0.0423984  -0.336347  -0.258776  0.426488
1826  0.0423984  -0.336347  -0.258776  0.426488
1827  0.0423984  -0.336347  -0.258776  0.426488
1828  1.17701  -0.519289  0.0121011  1.28653
1829  1.17701  -0.519289  0.0121011  1.28653
1830  0.274009  -0.256651  -0.399667  0.548347
1831  0.130546  0.793396  -0.332869  0.870242
1832  0.189835  0.274528  -1.65799  1.69125
1833  0.516608  1.06803  -1.28104  1.74603
1834  0.516608  1.06803  -1.28104  1.74603
1835  0.516608  1.06803  -1.28104  1.74603
1836  0.322046  0.621228  -0.770575  1.04088
1837  0.686117  1.3775  0.0880391  1.54143
1838  0.686117  1.3775  0.0880391  1.54143
1839  0.686117  1.3775  0.0880391  1.54143
1840  0.025401  0.905904  1.27237  1.56213
1841  0.025401  0.905904  1.27237  1.56213
1842  0.025401  0.905904  1.27237  1.56213
1843  0.025401  0.905904  1.27237  1.56213
1844  1.06762  0.530301  1.0284  1.57437
1845  0.696616  1.18255  0.717938  1.54891
1846  0.736266  0.601461  0.0794609  0.954021
1847  0.736266  0.601461  0.0794609  0.954021
1848  0.736266  0.601461  0.0794609  0.954021
1849  0.761451  0.431983  0.9616  1.30042
1850  0.761451  0.431983  0.9616  1.30042
1851  0.761451  0.431983  0.9616  1.30042
1852  0.761451  0.431983  0.9616  1.30042
1853  0.761451  0.431983  0.9616  1.30042
1854  0.812642  -0.321068  0.397095  0.959769
1855  0.812642  -0.321068  0.397095  0.959769
1856  0.812642  -0.321068  0.397095  0.959769
1857  0.812642  -0.321068  0.397095  0.959769
1858  0.79707  -0.0797292  0.765351  1.1079
1859  0.79707  -0.0797292  0.765351  1.1079
1860  0.79707  -0.0797292  0.765351  1.1079
1861  0.79707  -0.0797292  0.765351  1.1079
1862  0.79707  -0.0797292  0.765351  1.1079
1863  0.79707  -0.0797292  0.765351  1.1079
1864  0.644122  -1.61631  0.681318  1.86857
1865  0.700177  -1.10707  0.421606  1.37608
1866  0.700177  -1.10707  0.421606  1.37608
1867  0.963067  -0.612843  0.524313  1.25618
1868  0.963067  -0.612843  0.524313  1.25618
1869  0.18338  -0.130542  1.01762  1.04222
1870  0.18338  -0.130542  1.01762  1.04222
1871  0.18338  -0.130542  1.01762  1.04222
1872  1.2358  -0.473144  0.26475  1.34951
1873  0.971728  -1.36046  0.0615926  1.67299
1874  0.442672  -1.5499  -0.74042  1.7738
1875  0.145945  -1.97795  -0.512095  2.04837
1876  -0.465296  -2.73789  1.27779  3.05701
1877  -0.0267737  -3.29079  0.0399075  3.29114
1878  -0.0267737  -3.29079  0.0399075  3.29114
1879  0.767306  -2.20418  -1.04726  2.55811
1880  0.767306  -2.20418  -1.04726  2.55811
1881  0.767306  -2.20418  -1.04726  2.55811
1882  0.767306  -2.20418  -1.04726  2.55811
1883  0.767306  -2.20418  -1.04726  2.55811
1884  0.767306  -2.20418  -1.04726  2.55811
1885  0.767306  -2.20418  -1.04726  2.55811
1886  0.767306  -2.20418  -1.04726  2.55811
1887  0.178765  -1.66166  -1.78378  2.44437
1888  0.178765  -1.66166  -1.78378  2.44437
1889  -0.152979  -1.45853  -1.35002  1.9933
1890  -0.162143  -0.538279  -1.11237  1.24635
1891  -0.162143  -0.538279  -1.11237  1.24635
1892  -0.162143  -0.538279  -1.11237  1.24635
1893  -0.162143  -0.538279  -1.11237  1.24635
1894  0.227591  -1.62222  -0.640229  1.75878
1895  -0.104768  -0.698887  -0.442342  0.833718
1896  -0.204754  -0.262059  -0.379742  0.50478
1897  -0.204754  -0.262059  -0.379742  0.50478
1898  -0.204754  -0.262059  -0.379742  0.50478
1899  -0.204754  -0.262059  -0.379742  0.50478
1900  -0.204754  -0.262059  -0.379742  0.50478
1901  0.173667  0.0799653  -0.641621  0.669501
1902  -0.330265  0.803267  0.0458031  0.869718
1903  -1.40748  0.799372  -0.0822782  1.62073
1904  -1.40748  0.799372  -0.0822782  1.62073
1905  -1.40748  0.799372  -0.0822782  1.62073
1906  -1.40748  0.799372  -0.0822782  1.62073
1907  -0.630483  0.582978  1.29587  1.55456
1908  0.101932  1.07756  0.656428  1.26587
1909  -0.510639  0.465597  1.59471  1.73799
1910  -0.510639  0.465597  1.59471  1.73799
1911  -0.510639  0.465597  1.59471  1.73799
1912  -0.519918  0.218927  -0.22163  0.606105
1913  -0.519918  0.218927  -0.22163  0.606105
1914  0.169971  -0.981088  -0.256436  1.02819
1915  0.169971  -0.981088  -0.256436  1.02819
1916  0.279686  -0.540357  -0.714029  0.938108
1917  0.279686  -0.540357  -0.714029  0.938108
1918  -0.952339  -0.684963  -1.71326  2.07639
1919  -0.359504  -0.720874  -2.14352  2.28988
1920  -0.304946  -0.726501  -2.1364  2.27706
1921  -0.304946  -0.726501  -2.1364  2.27706
1922  0.0563503  -0.104318  -2.26162  2.26473
1923  0.505268  -0.494871  -1.84499  1.9759
1924  0.505268  -0.494871  -1.84499  1.9759
1925  0.505268  -0.494871  -1.84499  1.9759
1926  0.505268  -0.494871  -1.84499  1.9759
1927  0.256998  -0.315385  -0.464799  0.617701
1928  -0.0354469  -0.476997  -0.07947  0.484869
1929  -0.0354469  -0.476997  -0.07947  0.484869
1930  -0.0354469  -0.476997  -0.07947  0.484869
1931  -0.0354469  -0.476997  -0.07947  0.484869
1932  -0.0830433  -0.0218966  0.552259  0.558897
1933  0.141954  -0.50604  -0.0416076  0.527218
1934  0.141954  -0.50604  -0.0416076  0.527218
1935  0.141954  -0.50604  -0.0416076  0.527218
1936  0.41335  0.371305  -0.0852661  0.562135
1937  0.419191  0.0259895  -1.01442  1.09793
1938  0.419191  0.0259895  -1.01442  1.09793
1939  0.0428857  0.673532  -0.944744  1.16104
1940  0.0428857  0.673532  -0.944744  1.16104
1941  0.0428857  0.673532  -0.944744  1.16104
1942  -0.717838  0.963348  -0.790168  1.43795
1943  -0.717838  0.963348  -0.790168  1.43795
1944  -1.45311  -0.304578  -0.248094  1.50527
1945  -1.36797  1.23893  -1.07831  2.13753
1946  -1.36797  1.23893  -1.07831  2.13753
1947  -1.36797  1.23893  -1.07831  2.13753
1948  -1.84495  0.496447  -0.977069  2.14592
1949  -1.82053  0.599998  0.517029  1.98536
1950  -1.12097  0.952979  1.01091  1.78513
1951  -1.6551  0.42894  1.34663  2.17641
1952  -1.6551  0.42894  1.34663  2.17641
1953  -1.4384  0.165743  1.09945  1.81804
1954  -1.13361  -1.58761  0.242826  1.96584
1955  -0.511368  -0.707043  0.683356  1.10832
1956  -0.511368  -0.707043  0.683356  1.10832
1957  -0.812881  -0.75852  0.948542  1.46146
1958  -1.33293  0.674477  0.904342  1.74627
1959  -1.33293  0.674477  0.904342  1.74627
1960  -1.33293  0.674477  0.904342  1.74627
1961  -1.39458  0.650052  0.549472  1.63382
1962  -1.56749  0.913989  0.683397  1.93893
1963  -1.11474  0.982973  0.93598  1.7564
1964  -0.0276597  0.375977  0.69211  0.788124
1965  -0.0276597  0.375977  0.69211  0.788124
1966  -0.0276597  0.375977  0.69211  0.788124
1967  -0.732299  0.570512  0.0749601  0.931324
1968  -0.732299  0.570512  0.0749601  0.931324
1969  -0.732299  0.570512  0.0749601  0.931324
1970  -0.732299  0.570512  0.0749601  0.931324
1971  -0.51862  -0.469675  1.86761  1.99437
1972  -0.51862  -0.469675  1.86761  1.99437
1973  -0.740865  -0.441071  1.66  1.87057
1974  -0.740865  -0.441071  1.66  1.87057
1975  -0.740865  -0.441071  1.66  1.87057
1976  0.105927  0.279127  1.98896  2.01124
1977  0.105927  0.279127  1.98896  2.01124
1978  -0.438407  1.62093  0.619707  1.78987
1979  -0.438407  1.62093  0.619707  1.78987
1980  0.20791  0.960891  0.827799  1.28522
1981  0.20791  0.960891  0.827799  1.28522
1982  0.0247183  -0.169096  -0.0220401  0.172308
1983  0.0247183  -0.169096  -0.0220401  0.172308
1984  -0.509441  0.00260809  0.118009  0.522937
1985  -0.509441  0.00260809  0.118009  0.522937
1986  -0.509441  0.00260809  0.118009  0.522937
1987  -0.509441  0.00260809  0.118009  0.522937
1988  -0.509441  0.00260809  0.118009  0.522937
1989  -0.509441  0.00260809  0.118009  0.522937
1990  0.775155  0.801449  0.581218  1.25738
1991  0.775155  0.801449  0.581218  1.25738
1992  -0.324603  0.654925  1.51455  1.68171
1993  0.649486  0.488867  1.59301  1.78844
1994  0.649486  0.488867  1.59301  1.78844
1995  0.540854  0.818079  0.551085  1.12493
1996  0.540854  0.818079  0.551085  1.12493
1997  0.307533  0.011494  1.12502  1.16635
1998  0.307533  0.011494  1.12502  1.16635
1999  0.307533  0.011494  1.12502  1.16635
2000  0.307533  0.011494  1.12502  1.16635
