0 -10  -10  -10  17.3205
1  -10  -10  -10  17.3205
2  -10.0568  -9.82185  -9.49153  16.9616
3  -9.66983  -8.81625  -9.81022  16.3546
4  -9.66983  -8.81625  -9.81022  16.3546
5  -9.66983  -8.81625  -9.81022  16.3546
6  -10.7495  -8.18471  -10.472  17.094
7  -10.7663  -7.54971  -10.5237  16.8422
8  -10.7663  -7.54971  -10.5237  16.8422
9  -10.4766  -7.35015  -11.5555  17.2428
10  -9.4056  -6.7201  -11.5509  16.3416
11  -8.94431  -7.04411  -11.1741  15.9524
12  -8.94431  -7.04411  -11.1741  15.9524
13  -8.75268  -6.2009  -12.2832  16.3076
14  -8.09358  -5.03464  -12.9625  16.0897
15  -7.05482  -3.94375  -12.1855  14.6223
16  -7.96299  -5.05112  -11.6562  14.993
17  -6.75901  -5.30154  -12.2198  14.937
18  -6.6644  -5.84171  -12.2656  15.1323
19  -6.6644  -5.84171  -12.2656  15.1323
20  -7.26201  -6.73332  -11.268  15.0014
21  -7.90781  -5.9107  -10.6511  14.5229
22  -8.64879  -6.75614  -10.2172  14.9946
23  -8.89701  -7.18553  -9.0108  14.5596
24  -9.05353  -8.35436  -8.1533  14.7729
25  -8.86499  -7.47718  -7.65317  13.8949
26  -9.41073  -6.39457  -6.53275  13.1198
27  -8.46356  -6.91432  -5.83358  12.3883
28  -7.6446  -6.01867  -5.24182  11.0517
29  -8.23872  -5.13405  -5.12328  10.9765
30  -8.02072  -4.82745  -4.6159  10.4376
31  -8.02072  -4.82745  -4.6159  10.4376
32  -8.02072  -4.82745  -4.6159  10.4376
33  -8.02072  -4.82745  -4.6159  10.4376
34  -8.02072  -4.82745  -4.6159  10.4376
35  -8.1657  -3.7446  -3.58386  9.67185
36  -8.1657  -3.7446  -3.58386  9.67185
37  -7.36148  -3.3822  -4.35902  9.19955
38  -7.36148  -3.3822  -4.35902  9.19955
39  -8.22573  -2.19775  -3.55559  9.22686
40  -6.9995  -1.22615  -3.68899  8.00656
41  -6.75545  -1.84999  -3.04838  7.63879
42  -6.76584  -0.889023  -3.39806  7.62324
43  -6.03749  -1.43003  -2.63162  6.73957
44  -5.54569  -1.17793  -2.03024  6.02197
45  -5.54569  -1.17793  -2.03024  6.02197
46  -5.23745  -0.853011  -2.99641  6.09401
47  -5.46553  0.250055  -2.46515  6.00096
48  -4.51213  -0.52035  -1.30095  4.72467
49  -4.51213  -0.52035  -1.30095  4.72467
50  -4.21913  -1.38909  -1.20497  4.60245
51  -4.11955  -1.69772  -0.800999  4.52709
52  -4.90621  -2.91646  -0.984576  5.79189
53  -4.90621  -2.91646  -0.984576  5.79189
54  -4.87486  -2.9924  -0.934215  5.79581
55  -5.98367  -2.82197  0.0671083  6.61607
56  -6.49814  -2.58835  -0.610788  7.02128
57  -6.49814  -2.58835  -0.610788  7.02128
58  -7.41777  -2.18519  -0.994068  7.79657
59  -7.41777  -2.18519  -0.994068  7.79657
60  -6.7942  -3.41843  -1.26592  7.71034
61  -6.88272  -4.15494  -0.472  8.05345
62  -5.80484  -5.08373  0.620193  7.74113
63  -5.54037  -4.3496  0.0963582  7.04443
64  -5.99477  -4.36791  0.684661  7.4488
65  -5.99477  -4.36791  0.684661  7.4488
66  -5.83804  -5.13393  1.09943  7.85167
67  -5.83804  -5.13393  1.09943  7.85167
68  -5.99983  -4.73242  1.11725  7.72283
69  -5.99983  -4.73242  1.11725  7.72283
70  -5.99983  -4.73242  1.11725  7.72283
71  -5.99983  -4.73242  1.11725  7.72283
72  -5.31878  -4.33567  0.162942  6.86397
73  -5.06899  -4.61139  0.33113  6.8607
74  -4.46368  -4.32728  1.06997  6.3083
75  -4.46368  -4.32728  1.06997  6.3083
76  -4.46368  -4.32728  1.06997  6.3083
77  -3.22965  -5.40815  1.7729  6.54384
78  -3.46782  -5.68517  0.953441  6.72726
79  -2.53768  -6.15726  0.068625  6.66006
80  -1.58858  -5.59559  0.500594  5.83822
81  -0.713011  -4.55903  0.835699  4.68951
82  -0.713011  -4.55903  0.835699  4.68951
83  -0.713011  -4.55903  0.835699  4.68951
84  0.155212  -4.20622  1.60566  4.50494
85  0.155212  -4.20622  1.60566  4.50494
86  -0.833901  -4.75635  0.743514  4.8858
87  -0.105056  -3.70425  -0.324922  3.71996
88  0.104845  -2.71046  -0.962232  2.87811
89  -0.067406  -1.78734  -1.82534  2.55558
90  0.491765  -0.584104  -1.12086  1.35622
91  -0.0541072  -0.389829  0.0283058  0.394582
92  -0.0541072  -0.389829  0.0283058  0.394582
93  -0.156922  0.472776  0.500899  0.706428
94  0.895378  0.635724  0.605591  1.25403
95  0.895378  0.635724  0.605591  1.25403
96  0.895378  0.635724  0.605591  1.25403
97  -0.0876437  1.31163  0.475162  1.39779
98  0.457089  1.10385  0.500227  1.29524
99  0.457089  1.10385  0.500227  1.29524
100  0.457089  1.10385  0.500227  1.29524
101  0.457089  1.10385  0.500227  1.29524
102  0.457089  1.10385  0.500227  1.29524
103  0.457089  1.10385  0.500227  1.29524
104  0.919211  0.967295  0.92905  1.62596
105  0.919211  0.967295  0.92905  1.62596
106  0.919211  0.967295  0.92905  1.62596
107  2.15316  0.921117  0.356967  2.36896
108  2.15316  0.921117  0.356967  2.36896
109  2.29662  0.0217208  -0.677296  2.39451
110  1.24593  0.978386  -1.01736  1.88271
111  0.673074  0.397616  -0.605554  0.988849
112  0.673074  0.397616  -0.605554  0.988849
113  0.673074  0.397616  -0.605554  0.988849
114  0.673074  0.397616  -0.605554  0.988849
115  1.00926  0.128675  -0.57539  1.16886
116  1.00926  0.128675  -0.57539  1.16886
117  1.00926  0.128675  -0.57539  1.16886
118  0.136064  -0.104648  0.412661  0.446939
119  0.123439  0.864784  0.880046  1.23999
120  0.0795773  0.2878  1.19694  1.23362
121  0.402554  0.298683  0.120098  0.515446
122  0.402554  0.298683  0.120098  0.515446
123  0.402554  0.298683  0.120098  0.515446
124  0.402554  0.298683  0.120098  0.515446
125  0.402554  0.298683  0.120098  0.515446
126  0.402554  0.298683  0.120098  0.515446
127  0.402554  0.298683  0.120098  0.515446
128  0.185224  0.268129  -0.14734  0.357646
129  0.185224  0.268129  -0.14734  0.357646
130  0.185224  0.268129  -0.14734  0.357646
131  0.185224  0.268129  -0.14734  0.357646
132  0.185224  0.268129  -0.14734  0.357646
133  0.185224  0.268129  -0.14734  0.357646
134  0.185224  0.268129  -0.14734  0.357646
135  0.185224  0.268129  -0.14734  0.357646
136  0.185224  0.268129  -0.14734  0.357646
137  0.185224  0.268129  -0.14734  0.357646
138  1.35574  0.981082  0.0274988  1.67371
139  0.275568  2.09346  0.875028  2.28565
140  -0.801383  2.15559  0.216006  2.30986
141  -0.801383  2.15559  0.216006  2.30986
142  -0.47673  1.10338  0.498397  1.3012
143  -0.388881  0.0762517  -0.678124  0.785427
144  -0.388881  0.0762517  -0.678124  0.785427
145  0.684457  -0.868722  0.423896  1.18442
146  0.960646  -1.58231  0.240524  1.86665
147  0.960646  -1.58231  0.240524  1.86665
148  1.14317  -1.52318  -0.0274189  1.90464
149  1.17111  -1.48741  0.606778  1.98798
150  0.687638  -0.95144  0.304513  1.21277
151  0.0119927  0.268131  -0.38344  0.468043
152  -0.79  0.39795  0.0523769  0.886119
153  -0.79  0.39795  0.0523769  0.886119
154  -0.79  0.39795  0.0523769  0.886119
155  -0.79  0.39795  0.0523769  0.886119
156  -0.79  0.39795  0.0523769  0.886119
157  -0.36935  -0.462492  -0.476122  0.759612
158  0.306772  0.186998  -0.29321  0.463734
159  0.306772  0.186998  -0.29321  0.463734
160  0.340851  0.167046  0.73372  0.826093
161  0.340851  0.167046  0.73372  0.826093
162  0.340851  0.167046  0.73372  0.826093
163  0.340851  0.167046  0.73372  0.826093
164  0.340851  0.167046  0.73372  0.826093
165  0.340851  0.167046  0.73372  0.826093
166  0.340851  0.167046  0.73372  0.826093
167  0.340851  0.167046  0.73372  0.826093
168  0.340851  0.167046  0.73372  0.826093
169  1.47186  1.11031  0.973618  2.08497
170  1.98468  0.784426  0.147249  2.13915
171  1.98468  0.784426  0.147249  2.13915
172  2.69391  1.40342  -0.912232  3.17157
173  2.19023  1.53491  -0.457959  2.71344
174  2.19023  1.53491  -0.457959  2.71344
175  2.01364  0.346587  -0.571146  2.12157
176  2.2954  -0.856981  0.203514  2.45859
177  2.0406  -0.0253898  1.23402  2.38484
178  1.59413  -0.999431  0.403111  1.92422
179  1.59413  -0.999431  0.403111  1.92422
180  1.59413  -0.999431  0.403111  1.92422
181  1.06352  -1.96483  -0.570466  2.30587
182  1.06352  -1.96483  -0.570466  2.30587
183  0.0108534  -1.43692  -0.073639  1.43885
184  0.0108534  -1.43692  -0.073639  1.43885
185  0.0108534  -1.43692  -0.073639  1.43885
186  0.212242  -1.00782  -0.513904  1.15102
187  -0.912217  -1.15045  0.692199  1.62321
188  -0.912217  -1.15045  0.692199  1.62321
189  -0.358472  -0.526005  1.2731  1.42337
190  -0.358472  -0.526005  1.2731  1.42337
191  -0.392521  0.565906  1.89702  2.01817
192  -1.23265  -0.514079  0.752825  1.53312
193  -1.47297  -1.02821  -0.420929  1.84501
194  -1.40638  -0.0166155  0.321875  1.44284
195  -1.40638  -0.0166155  0.321875  1.44284
196  -1.40638  -0.0166155  0.321875  1.44284
197  -1.40638  -0.0166155  0.321875  1.44284
198  -1.40638  -0.0166155  0.321875  1.44284
199  -0.84762  -0.765513  -0.0777363  1.14478
200  -0.84762  -0.765513  -0.0777363  1.14478
201  -0.417575  -0.832195  0.583125  1.09861
202  -0.417575  -0.832195  0.583125  1.09861
203  0.243546  0.246848  0.90488  0.969049
204  0.243546  0.246848  0.90488  0.969049
205  0.243546  0.246848  0.90488  0.969049
206  0.243546  0.246848  0.90488  0.969049
207  0.243546  0.246848  0.90488  0.969049
208  0.243546  0.246848  0.90488  0.969049
209  0.243546  0.246848  0.90488  0.969049
210  0.243546  0.246848  0.90488  0.969049
211  -0.179036  0.209059  1.918  1.93765
212  -0.179036  0.209059  1.918  1.93765
213  0.929933  0.71791  1.31163  1.76083
214  1.64835  -0.0796685  0.949583  1.90398
215  1.64835  -0.0796685  0.949583  1.90398
216  1.64835  -0.0796685  0.949583  1.90398
217  1.98852  -0.250678  1.25893  2.36685
218  1.98852  -0.250678  1.25893  2.36685
219  1.98852  -0.250678  1.25893  2.36685
220  2.40223  0.915877  0.561878  2.63159
221  2.40223  0.915877  0.561878  2.63159
222  1.48442  1.19665  0.162251  1.91358
223  0.409024  1.36565  -0.540899  1.52476
224  0.409024  1.36565  -0.540899  1.52476
225  -0.41567  0.471518  0.494659  0.799874
226  -0.41567  0.471518  0.494659  0.799874
227  -0.41567  0.471518  0.494659  0.799874
228  -0.41567  0.471518  0.494659  0.799874
229  -0.347975  0.750681  0.252668  0.86513
230  -0.347975  0.750681  0.252668  0.86513
231  -0.347975  0.750681  0.252668  0.86513
232  -0.347975  0.750681  0.252668  0.86513
233  -0.347975  0.750681  0.252668  0.86513
234  -0.347975  0.750681  0.252668  0.86513
235  -0.347975  0.750681  0.252668  0.86513
236  0.522269  0.384528  0.439503  0.783447
237  0.298497  0.445363  -0.364922  0.64855
238  0.298497  0.445363  -0.364922  0.64855
239  0.298497  0.445363  -0.364922  0.64855
240  0.298497  0.445363  -0.364922  0.64855
241  0.298497  0.445363  -0.364922  0.64855
242  0.298497  0.445363  -0.364922  0.64855
243  0.298497  0.445363  -0.364922  0.64855
244  0.298497  0.445363  -0.364922  0.64855
245  0.540205  1.58639  -0.628452  1.78981
246  0.540205  1.58639  -0.628452  1.78981
247  0.261556  1.33847  -1.08651  1.74368
248  -0.135609  0.781961  -0.497078  0.936451
249  -0.135609  0.781961  -0.497078  0.936451
250  -0.135609  0.781961  -0.497078  0.936451
251  -0.135609  0.781961  -0.497078  0.936451
252  -0.135609  0.781961  -0.497078  0.936451
253  0.0712639  -0.0468223  -0.287081  0.299477
254  0.0712639  -0.0468223  -0.287081  0.299477
255  0.767913  -0.51739  0.0842623  0.929775
256  0.0875869  -0.524127  0.343765  0.632894
257  -0.533152  0.19091  -0.407672  0.697778
258  -0.533152  0.19091  -0.407672  0.697778
259  0.233298  -0.969101  0.131952  1.00548
260  0.233298  -0.969101  0.131952  1.00548
261  0.233298  -0.969101  0.131952  1.00548
262  0.233298  -0.969101  0.131952  1.00548
263  0.233298  -0.969101  0.131952  1.00548
264  0.233298  -0.969101  0.131952  1.00548
265  1.42975  -0.304256  1.34069  1.98348
266  2.47009  0.437765  0.224698  2.51862
267  2.10212  1.22887  -0.6084  2.50982
268  0.863011  1.72206  -1.55303  2.47431
269  0.12478  0.773841  -0.715581  1.06135
270  0.346263  -0.186256  0.310062  0.500728
271  0.62533  -0.448226  0.0320582  0.770046
272  0.62533  -0.448226  0.0320582  0.770046
273  0.62533  -0.448226  0.0320582  0.770046
274  0.62533  -0.448226  0.0320582  0.770046
275  -0.0364927  0.394796  -0.274993  0.482511
276  -0.0364927  0.394796  -0.274993  0.482511
277  -0.0364927  0.394796  -0.274993  0.482511
278  -0.0364927  0.394796  -0.274993  0.482511
279  -0.0364927  0.394796  -0.274993  0.482511
280  -0.0364927  0.394796  -0.274993  0.482511
281  -0.0364927  0.394796  -0.274993  0.482511
282  -0.0364927  0.394796  -0.274993  0.482511
283  -0.0364927  0.394796  -0.274993  0.482511
284  -0.0364927  0.394796  -0.274993  0.482511
285  -0.0364927  0.394796  -0.274993  0.482511
286  -0.0364927  0.394796  -0.274993  0.482511
287  0.24664  0.0248138  -0.377911  0.451956
288  0.375197  0.152532  0.69324  0.802883
289  1.4668  -0.0118264  -0.269103  1.49133
290  1.4668  -0.0118264  -0.269103  1.49133
291  1.52209  0.256789  0.263876  1.56599
292  1.52209  0.256789  0.263876  1.56599
293  0.375232  0.392917  1.21346  1.32954
294  0.375232  0.392917  1.21346  1.32954
295  0.375232  0.392917  1.21346  1.32954
296  0.375232  0.392917  1.21346  1.32954
297  0.375232  0.392917  1.21346  1.32954
298  0.375232  0.392917  1.21346  1.32954
299  0.375232  0.392917  1.21346  1.32954
300  1.36  0.734787  1.93188  2.4742
301  0.665177  0.470766  1.08979  1.36078
302  0.665177  0.470766  1.08979  1.36078
303  -0.139831  0.93229  0.218306  0.967665
304  0.182593  -0.214311  0.821163  0.868088
305  0.182593  -0.214311  0.821163  0.868088
306  0.118365  0.103544  0.622402  0.641963
307  0.118365  0.103544  0.622402  0.641963
308  0.118365  0.103544  0.622402  0.641963
309  -1.06971  -0.52239  1.47708  1.89708
310  -0.0195549  -0.848992  1.0065  1.3169
311  -0.0195549  -0.848992  1.0065  1.3169
312  -0.792906  -0.451079  1.97099  2.17186
313  -0.792906  -0.451079  1.97099  2.17186
314  -0.35139  -0.0999059  1.73933  1.77728
315  0.485986  0.169081  1.93883  2.00595
316  0.485986  0.169081  1.93883  2.00595
317  1.58999  1.10773  0.899345  2.13634
318  0.379008  0.350079  1.78418  1.85728
319  0.379008  0.350079  1.78418  1.85728
320  1.29058  0.193971  1.18511  1.76287
321  1.29058  0.193971  1.18511  1.76287
322  0.578675  0.0707165  0.344998  0.677414
323  0.578675  0.0707165  0.344998  0.677414
324  0.463201  -0.809315  -0.057262  0.934251
325  0.463201  -0.809315  -0.057262  0.934251
326  -0.419261  -0.602662  0.996973  1.23812
327  -0.262167  -0.0323098  0.942184  0.978512
328  -0.262167  -0.0323098  0.942184  0.978512
329  -0.262167  -0.0323098  0.942184  0.978512
330  -0.262167  -0.0323098  0.942184  0.978512
331  -0.262167  -0.0323098  0.942184  0.978512
332  -0.605958  1.04651  0.976212  1.55414
333  0.497698  0.71639  0.830014  1.20409
334  0.497698  0.71639  0.830014  1.20409
335  0.497698  0.71639  0.830014  1.20409
336  -0.50314  0.522347  0.85406  1.12045
337  0.0175127  0.671906  0.818752  1.0593
338  0.0175127  0.671906  0.818752  1.0593
339  -0.276009  0.552516  1.19648  1.34648
340  -0.00891345  -0.674128  0.300459  0.738108
341  -0.799302  -0.514363  1.31973  1.62639
342  -0.799302  -0.514363  1.31973  1.62639
343  -0.799302  -0.514363  1.31973  1.62639
344  -0.799302  -0.514363  1.31973  1.62639
345  -0.772106  0.68769  0.37501  1.09986
346  -0.772106  0.68769  0.37501  1.09986
347  -0.772106  0.68769  0.37501  1.09986
348  -0.772106  0.68769  0.37501  1.09986
349  -0.772106  0.68769  0.37501  1.09986
350  -0.772106  0.68769  0.37501  1.09986
351  -0.244882  0.659167  0.679857  0.978097
352  0.0711365  1.58261  -0.399785  1.63387
353  0.0711365  1.58261  -0.399785  1.63387
354  -0.594086  0.512659  0.281183  0.833559
355  -0.594086  0.512659  0.281183  0.833559
356  -0.594086  0.512659  0.281183  0.833559
357  -0.594086  0.512659  0.281183  0.833559
358  -0.846862  -0.37716  0.745924  1.18989
359  -0.846862  -0.37716  0.745924  1.18989
360  -0.121638  0.424368  1.15248  1.23414
361  -0.0099169  -0.787516  0.651032  1.02182
362  -0.0099169  -0.787516  0.651032  1.02182
363  -0.234524  -1.18857  1.34604  1.81094
364  -0.234524  -1.18857  1.34604  1.81094
365  -0.234524  -1.18857  1.34604  1.81094
366  -0.29401  -0.571498  1.165  1.33052
367  -0.29401  -0.571498  1.165  1.33052
368  -0.29401  -0.571498  1.165  1.33052
369  -0.29401  -0.571498  1.165  1.33052
370  -0.29401  -0.571498  1.165  1.33052
371  0.614102  -0.505227  1.67232  1.85176
372  -0.0412424  0.251533  1.04845  1.07899
373  0.529643  1.45461  0.0564386  1.54906
374  0.529643  1.45461  0.0564386  1.54906
375  0.529643  1.45461  0.0564386  1.54906
376  0.529643  1.45461  0.0564386  1.54906
377  -0.0565827  1.61117  0.978039  1.88564
378  -0.0565827  1.61117  0.978039  1.88564
379  -0.0565827  1.61117  0.978039  1.88564
380  0.73262  2.76713  0.00766638  2.86248
381  -0.239573  3.5604  0.0999899  3.56985
382  -0.169276  3.62292  -0.329267  3.64179
383  -0.113743  2.85649  -0.274198  2.87187
384  -0.113743  2.85649  -0.274198  2.87187
385  -0.134327  3.4976  0.489318  3.53422
386  -0.134327  3.4976  0.489318  3.53422
387  0.00411402  3.39235  -0.540994  3.43522
388  0.00411402  3.39235  -0.540994  3.43522
389  -0.836888  2.60068  0.189793  2.7386
390  -0.836888  2.60068  0.189793  2.7386
391  0.34988  2.61719  0.927374  2.79859
392  -0.779317  2.12931  0.959278  2.46201
393  -0.802862  1.51934  0.119414  1.72257
394  -0.802862  1.51934  0.119414  1.72257
395  -0.298153  0.964109  0.31406  1.0569
396  -0.298153  0.964109  0.31406  1.0569
397  0.607937  0.350177  -0.207456  0.731607
398  0.607937  0.350177  -0.207456  0.731607
399  0.607937  0.350177  -0.207456  0.731607
400  -0.441409  -0.100793  0.58656  0.740981
401  0.0113223  -0.809871  -0.0399691  0.810936
402  0.0113223  -0.809871  -0.0399691  0.810936
403  0.0113223  -0.809871  -0.0399691  0.810936
404  0.142628  -0.254497  -0.778846  0.831692
405  0.142628  -0.254497  -0.778846  0.831692
406  0.769322  -1.22721  0.378447  1.49703
407  -0.0163521  -1.6915  0.333103  1.72406
408  -1.14708  -2.14412  -0.325014  2.4533
409  0.0220871  -1.41709  -0.118824  1.42224
410  -0.972783  -0.928024  0.385126  1.39852
411  -0.65127  0.268624  1.41917  1.58441
412  -0.65127  0.268624  1.41917  1.58441
413  -0.65127  0.268624  1.41917  1.58441
414  -1.80976  0.764914  1.04245  2.22419
415  -2.64007  0.213174  1.06538  2.8549
416  -2.83205  1.16461  0.415667  3.09025
417  -2.14798  1.20629  0.365702  2.49052
418  -2.14798  1.20629  0.365702  2.49052
419  -1.46342  1.84954  -0.248677  2.37155
420  -1.46342  1.84954  -0.248677  2.37155
421  -1.46342  1.84954  -0.248677  2.37155
422  -0.803682  1.71811  0.00104896  1.89679
423  -0.531788  1.60353  0.545288  1.77523
424  0.0347602  1.2863  0.705947  1.4677
425  0.0347602  1.2863  0.705947  1.4677
426  1.18267  1.06704  0.527955  1.6781
427  1.18267  1.06704  0.527955  1.6781
428  1.63515  0.470186  0.542352  1.78576
429  1.63515  0.470186  0.542352  1.78576
430  0.789079  0.379612  0.133244  0.885723
431  -0.0970814  -0.29216  -0.230946  0.384862
432  -0.0970814  -0.29216  -0.230946  0.384862
433  -0.594832  -0.11999  -0.0451581  0.608492
434  -0.594832  -0.11999  -0.0451581  0.608492
435  0.630408  0.208139  -0.119775  0.674598
436  0.630408  0.208139  -0.119775  0.674598
437  0.0843856  0.592902  0.0568777  0.601572
438  -0.743838  -0.422179  0.952706  1.2803
439  -0.640211  -0.595853  1.69121  1.90397
440  -1.14298  -0.550992  2.72504  3.00597
441  -1.14298  -0.550992  2.72504  3.00597
442  -1.14298  -0.550992  2.72504  3.00597
443  -1.14298  -0.550992  2.72504  3.00597
444  -0.410575  0.492913  2.22131  2.31209
445  -1.64509  -0.398129  1.69988  2.39884
446  -1.64509  -0.398129  1.69988  2.39884
447  -1.64509  -0.398129  1.69988  2.39884
448  -0.580248  -0.827791  2.20486  2.42555
449  -0.772953  -0.000334183  1.12756  1.36706
450  0.446045  -0.629548  -0.0293461  0.772106
451  0.446045  -0.629548  -0.0293461  0.772106
452  -0.151437  -1.06979  -0.961673  1.44644
453  -0.858269  -0.893836  -0.155306  1.24887
454  -1.49854  -0.132545  0.357102  1.5462
455  -0.576585  0.678832  -0.790123  1.19061
456  0.39256  0.103405  -1.62493  1.67488
457  1.49605  0.198388  -0.386405  1.55783
458  0.547767  -0.655396  -0.833051  1.19313
459  0.547767  -0.655396  -0.833051  1.19313
460  0.301367  -0.131866  -0.730295  0.800963
461  0.301367  -0.131866  -0.730295  0.800963
462  0.301367  -0.131866  -0.730295  0.800963
463  0.301367  -0.131866  -0.730295  0.800963
464  -0.874798  0.764977  0.0223472  1.16231
465  -0.456355  0.493951  0.0737014  0.67652
466  -0.456355  0.493951  0.0737014  0.67652
467  -0.456355  0.493951  0.0737014  0.67652
468  -0.209188  -0.148481  -0.771355  0.812893
469  -0.209188  -0.148481  -0.771355  0.812893
470  0.709664  -0.120714  -0.731952  1.02662
471  0.400233  0.0401789  -0.912191  0.996943
472  -0.320943  -0.889977  -0.00877332  0.946119
473  -0.320943  -0.889977  -0.00877332  0.946119
474  -0.320943  -0.889977  -0.00877332  0.946119
475  -0.320943  -0.889977  -0.00877332  0.946119
476  -0.320943  -0.889977  -0.00877332  0.946119
477  -1.48512  -1.86815  0.488265  2.43598
478  -2.38074  -0.699191  1.72496  3.02197
479  -2.38074  -0.699191  1.72496  3.02197
480  -2.50911  0.36433  1.65262  3.02647
481  -3.42701  0.369047  1.94277  3.95664
482  -2.36927  0.733402  1.89261  3.11982
483  -2.36927  0.733402  1.89261  3.11982
484  -2.23652  -0.245209  2.93265  3.69629
485  -2.55809  -0.528703  2.14944  3.38281
486  -2.68488  -1.1915  1.23103  3.18492
487  -2.71752  -0.833757  1.87479  3.40513
488  -2.71752  -0.833757  1.87479  3.40513
489  -3.5996  -0.0528346  1.91072  4.07563
490  -3.89766  -0.404096  0.743103  3.98839
491  -3.80118  -0.174487  0.274756  3.81509
492  -3.84386  -1.16311  1.1965  4.19043
493  -5.00957  -0.88324  2.16947  5.53014
494  -4.13233  -0.682541  3.28131  5.32062
495  -3.2249  -0.559503  3.05017  4.47399
496  -2.16057  0.318053  3.37634  4.02105
497  -2.16057  0.318053  3.37634  4.02105
498  -2.16057  0.318053  3.37634  4.02105
499  -1.46007  -0.0429596  4.45755  4.69078
500  -0.555263  -1.14577  3.32051  3.55624
501  -0.294147  -1.86259  3.17469  3.69249
502  -0.728019  -1.65972  2.90504  3.42402
503  -0.540609  -1.91721  2.31992  3.05777
504  0.29329  -1.16741  1.52003  1.9389
505  0.938868  -0.452905  1.29653  1.66361
506  0.938868  -0.452905  1.29653  1.66361
507  0.938868  -0.452905  1.29653  1.66361
508  0.938868  -0.452905  1.29653  1.66361
509  0.167628  -1.16598  1.78222  2.13633
510  0.954374  -1.78968  1.20285  2.3581
511  1.93673  -2.62005  1.73918  3.69328
512  2.85711  -2.71027  0.580197  3.98061
513  2.85711  -2.71027  0.580197  3.98061
514  3.22078  -3.17814  0.219704  4.53015
515  3.12153  -2.33911  0.0344302  3.90084
516  1.9429  -2.94759  0.872768  3.6366
517  2.43309  -1.89513  0.0946671  3.08552
518  2.43309  -1.89513  0.0946671  3.08552
519  2.43309  -1.89513  0.0946671  3.08552
520  2.43309  -1.89513  0.0946671  3.08552
521  2.54816  -2.33721  -0.924562  3.57917
522  2.54816  -2.33721  -0.924562  3.57917
523  2.22528  -3.21378  -1.20162  4.08952
524  1.26962  -3.81136  -0.820062  4.10011
525  1.26962  -3.81136  -0.820062  4.10011
526  1.26962  -3.81136  -0.820062  4.10011
527  0.346204  -3.43095  -0.10728  3.45004
528  -0.357737  -3.7636  0.441204  3.80623
529  -0.357737  -3.7636  0.441204  3.80623
530  0.488109  -4.14247  0.469891  4.19751
531  0.583257  -4.30539  1.09719  4.48112
532  0.621664  -4.81127  0.229365  4.85669
533  0.995484  -4.79778  -0.591964  4.9356
534  0.275541  -4.03366  0.624056  4.09094
535  1.47692  -3.09609  -0.1026  3.43185
536  1.47692  -3.09609  -0.1026  3.43185
537  0.950041  -4.17401  -0.519229  4.31214
538  0.950041  -4.17401  -0.519229  4.31214
539  -0.263207  -3.25628  -0.535771  3.31054
540  -0.9752  -2.94938  -0.181725  3.11173
541  -0.9752  -2.94938  -0.181725  3.11173
542  -0.861645  -2.96258  1.05103  3.25944
543  -0.703013  -2.25353  0.593606  2.43413
544  0.0779719  -1.68719  -0.591421  1.78954
545  0.0779719  -1.68719  -0.591421  1.78954
546  0.0779719  -1.68719  -0.591421  1.78954
547  -0.549127  -1.24448  0.253493  1.38366
548  -0.549127  -1.24448  0.253493  1.38366
549  -0.549127  -1.24448  0.253493  1.38366
550  -0.549127  -1.24448  0.253493  1.38366
551  -0.549127  -1.24448  0.253493  1.38366
552  -0.818916  -0.821669  0.745313  1.37886
553  -0.818916  -0.821669  0.745313  1.37886
554  -0.818916  -0.821669  0.745313  1.37886
555  -0.435856  0.185858  0.935633  1.04877
556  -0.435856  0.185858  0.935633  1.04877
557  -0.485762  1.18445  0.383353  1.33635
558  -0.485762  1.18445  0.383353  1.33635
559  0.553866  1.10937  1.544  1.98025
560  0.0473981  1.25389  0.347753  1.30208
561  0.0473981  1.25389  0.347753  1.30208
562  1.08009  1.47127  0.004992  1.82517
563  1.43288  0.405103  -0.21108  1.50393
564  1.03334  0.0203633  0.90514  1.37386
565  1.03334  0.0203633  0.90514  1.37386
566  0.383691  1.07765  0.0889962  1.14737
567  -0.346633  0.278367  0.021626  0.445096
568  -0.346633  0.278367  0.021626  0.445096
569  -0.346633  0.278367  0.021626  0.445096
570  -0.346633  0.278367  0.021626  0.445096
571  -0.346633  0.278367  0.021626  0.445096
572  -0.346633  0.278367  0.021626  0.445096
573  0.547271  0.594094  -0.884988  1.19819
574  1.67494  0.19156  -0.655893  1.80895
575  2.03116  -0.440103  0.0108267  2.07833
576  1.86749  -0.486236  0.0725028  1.93112
577  1.86749  -0.486236  0.0725028  1.93112
578  1.86749  -0.486236  0.0725028  1.93112
579  0.643639  -0.00444446  0.707812  0.956707
580  0.643639  -0.00444446  0.707812  0.956707
581  0.643639  -0.00444446  0.707812  0.956707
582  0.236632  0.169849  0.173513  0.339043
583  0.236632  0.169849  0.173513  0.339043
584  0.236632  0.169849  0.173513  0.339043
585  0.236632  0.169849  0.173513  0.339043
586  0.236632  0.169849  0.173513  0.339043
587  0.236632  0.169849  0.173513  0.339043
588  0.236632  0.169849  0.173513  0.339043
589  -0.130705  -0.413135  0.0571369  0.437068
590  -0.130705  -0.413135  0.0571369  0.437068
591  -0.130705  -0.413135  0.0571369  0.437068
592  -0.130705  -0.413135  0.0571369  0.437068
593  -0.130705  -0.413135  0.0571369  0.437068
594  -0.130705  -0.413135  0.0571369  0.437068
595  -0.130705  -0.413135  0.0571369  0.437068
596  -0.130705  -0.413135  0.0571369  0.437068
597  -0.130705  -0.413135  0.0571369  0.437068
598  -0.130705  -0.413135  0.0571369  0.437068
599  -0.336236  -0.133256  1.07038  1.12984
600  -0.336236  -0.133256  1.07038  1.12984
601  -0.832298  0.618239  0.229665  1.06193
602  -0.832298  0.618239  0.229665  1.06193
603  -0.322854  -0.571853  1.21779  1.38356
604  -0.322854  -0.571853  1.21779  1.38356
605  0.105956  -0.150946  1.89097  1.89994
606  0.105956  -0.150946  1.89097  1.89994
607  -0.305654  0.813585  1.90208  2.09123
608  -0.968448  0.515005  1.6326  1.96685
609  -0.968448  0.515005  1.6326  1.96685
610  -1.7154  0.115725  2.21138  2.80111
611  -0.946381  -0.752555  2.88874  3.13158
612  0.169912  0.0606275  2.73757  2.7435
613  -0.268209  1.13577  1.84141  2.18007
614  -0.930653  1.09578  2.34256  2.74853
615  0.296097  0.162013  1.43426  1.47344
616  0.296097  0.162013  1.43426  1.47344
617  1.21174  -0.18562  0.325868  1.26845
618  1.21174  -0.18562  0.325868  1.26845
619  0.00357768  0.691822  0.72081  0.999099
620  0.279344  1.0086  1.07669  1.50153
621  0.279344  1.0086  1.07669  1.50153
622  0.279344  1.0086  1.07669  1.50153
623  -0.688936  0.977463  1.65755  2.0439
624  -0.688936  0.977463  1.65755  2.0439
625  -0.688936  0.977463  1.65755  2.0439
626  -0.401422  -0.133707  1.20507  1.27719
627  -0.401422  -0.133707  1.20507  1.27719
628  -0.401422  -0.133707  1.20507  1.27719
629  -0.401422  -0.133707  1.20507  1.27719
630  -0.0963163  0.0180084  0.851007  0.856629
631  -0.878415  0.239246  0.364729  0.980754
632  -0.878415  0.239246  0.364729  0.980754
633  -0.878415  0.239246  0.364729  0.980754
634  -0.84783  0.622973  0.859214  1.35837
635  -0.289863  -0.00488673  -0.0651871  0.297143
636  -0.128271  0.11365  -0.633708  0.656472
637  -0.128271  0.11365  -0.633708  0.656472
638  -0.128271  0.11365  -0.633708  0.656472
639  -0.128271  0.11365  -0.633708  0.656472
640  -0.128271  0.11365  -0.633708  0.656472
641  -0.128271  0.11365  -0.633708  0.656472
642  -0.128271  0.11365  -0.633708  0.656472
643  -0.128271  0.11365  -0.633708  0.656472
644  0.24302  0.761513  0.0826866  0.803616
645  0.24302  0.761513  0.0826866  0.803616
646  0.24302  0.761513  0.0826866  0.803616
647  0.24302  0.761513  0.0826866  0.803616
648  0.24302  0.761513  0.0826866  0.803616
649  0.24302  0.761513  0.0826866  0.803616
650  -0.307159  1.69965  0.186498  1.73722
651  0.173902  2.41431  -0.457027  2.46334
652  0.173902  2.41431  -0.457027  2.46334
653  0.173902  2.41431  -0.457027  2.46334
654  0.173902  2.41431  -0.457027  2.46334
655  -0.347629  2.43695  -0.961833  2.64286
656  -0.347629  2.43695  -0.961833  2.64286
657  -0.347629  2.43695  -0.961833  2.64286
658  -0.347629  2.43695  -0.961833  2.64286
659  -0.347629  2.43695  -0.961833  2.64286
660  -0.347629  2.43695  -0.961833  2.64286
661  0.713267  1.24122  -0.364399  1.47722
662  1.67351  0.350062  0.0458637  1.71035
663  1.1106  0.444328  0.551457  1.31718
664  0.369838  -0.197595  -0.483135  0.639721
665  0.369838  -0.197595  -0.483135  0.639721
666  0.369838  -0.197595  -0.483135  0.639721
667  0.369838  -0.197595  -0.483135  0.639721
668  0.369838  -0.197595  -0.483135  0.639721
669  0.369838  -0.197595  -0.483135  0.639721
670  0.369838  -0.197595  -0.483135  0.639721
671  0.369838  -0.197595  -0.483135  0.639721
672  0.369838  -0.197595  -0.483135  0.639721
673  0.369838  -0.197595  -0.483135  0.639721
674  0.369838  -0.197595  -0.483135  0.639721
675  0.369838  -0.197595  -0.483135  0.639721
676  0.369838  -0.197595  -0.483135  0.639721
677  0.648957  0.792078  0.703201  1.24219
678  0.648957  0.792078  0.703201  1.24219
679  0.648957  0.792078  0.703201  1.24219
680  0.104278  0.504302  0.307203  0.59964
681  0.104278  0.504302  0.307203  0.59964
682  0.104278  0.504302  0.307203  0.59964
683  0.104278  0.504302  0.307203  0.59964
684  0.104278  0.504302  0.307203  0.59964
685  -0.343731  0.249849  0.857103  0.956662
686  -0.343731  0.249849  0.857103  0.956662
687  -1.11921  0.892065  0.20457  1.44577
688  -1.11921  0.892065  0.20457  1.44577
689  -1.11921  0.892065  0.20457  1.44577
690  -1.11921  0.892065  0.20457  1.44577
691  -1.11921  0.892065  0.20457  1.44577
692  -1.11921  0.892065  0.20457  1.44577
693  -1.11921  0.892065  0.20457  1.44577
694  -1.11921  0.892065  0.20457  1.44577
695  -1.11921  0.892065  0.20457  1.44577
696  -1.3627  -0.071234  -0.926713  1.64949
697  -1.3627  -0.071234  -0.926713  1.64949
698  -1.3627  -0.071234  -0.926713  1.64949
699  -1.3627  -0.071234  -0.926713  1.64949
700  -1.53933  -0.0781961  -1.08382  1.88423
701  -1.34184  1.05861  -0.508048  1.78306
702  -1.34184  1.05861  -0.508048  1.78306
703  -0.631124  0.0461585  0.42781  0.763852
704  -0.631124  0.0461585  0.42781  0.763852
705  -0.0702242  0.973968  0.38155  1.04839
706  -0.627577  0.8924  0.760293  1.32977
707  -0.627577  0.8924  0.760293  1.32977
708  0.438893  -0.164977  0.943555  1.05363
709  0.438893  -0.164977  0.943555  1.05363
710  0.677524  -0.190546  -0.147355  0.719069
711  0.677524  -0.190546  -0.147355  0.719069
712  0.677524  -0.190546  -0.147355  0.719069
713  0.677524  -0.190546  -0.147355  0.719069
714  0.677524  -0.190546  -0.147355  0.719069
715  0.677524  -0.190546  -0.147355  0.719069
716  -0.0280156  0.13533  0.302166  0.33227
717  -0.0280156  0.13533  0.302166  0.33227
718  -0.590652  -0.15081  -0.594632  0.851587
719  -0.28886  0.00400108  0.457206  0.540827
720  -0.28886  0.00400108  0.457206  0.540827
721  -0.28886  0.00400108  0.457206  0.540827
722  -0.272097  0.186426  -0.610437  0.693847
723  0.0745635  -0.2997  -0.549154  0.63004
724  0.0745635  -0.2997  -0.549154  0.63004
725  0.0745635  -0.2997  -0.549154  0.63004
726  0.0745635  -0.2997  -0.549154  0.63004
727  -0.309442  0.519848  0.31563  0.682362
728  0.494011  0.0234159  -0.161366  0.520225
729  0.494011  0.0234159  -0.161366  0.520225
730  0.494011  0.0234159  -0.161366  0.520225
731  0.594744  0.63622  0.118872  0.878992
732  0.594744  0.63622  0.118872  0.878992
733  0.594744  0.63622  0.118872  0.878992
734  1.10294  -0.227082  0.8098  1.38702
735  1.10294  -0.227082  0.8098  1.38702
736  0.0129387  -0.198557  1.50812  1.52119
737  -0.921394  -0.22626  1.75271  1.99302
738  -0.921394  -0.22626  1.75271  1.99302
739  -1.09329  -0.587496  1.2411  1.75521
740  -1.09329  -0.587496  1.2411  1.75521
741  -1.09329  -0.587496  1.2411  1.75521
742  -1.09329  -0.587496  1.2411  1.75521
743  -1.28758  -0.317913  1.56008  2.04763
744  -1.44775  0.742939  0.853638  1.83757
745  -0.442224  1.23614  0.990594  1.64465
746  -0.253539  1.25012  1.71491  2.13729
747  -0.253539  1.25012  1.71491  2.13729
748  -0.839795  0.0257769  1.74598  1.93761
749  -1.93879  0.409728  2.3925  3.10658
750  -0.95112  -0.623016  1.95871  2.2648
751  -0.95112  -0.623016  1.95871  2.2648
752  -0.673684  -1.17789  1.09589  1.7442
753  0.499778  -0.369005  0.884773  1.08109
754  0.499778  -0.369005  0.884773  1.08109
755  0.499778  -0.369005  0.884773  1.08109
756  1.31193  -0.276167  -0.177626  1.35239
757  1.31193  -0.276167  -0.177626  1.35239
758  1.31193  -0.276167  -0.177626  1.35239
759  0.491729  -0.0240775  0.49765  0.700023
760  0.491729  -0.0240775  0.49765  0.700023
761  -0.420223  -0.783844  1.02244  1.35513
762  -0.164129  -1.02242  0.967967  1.41748
763  0.714439  -0.327181  1.22531  1.45563
764  1.20094  -0.786372  1.01119  1.75589
765  1.20094  -0.786372  1.01119  1.75589
766  0.109346  0.263646  1.30307  1.33397
767  0.661613  0.344897  0.986057  1.23652
768  0.661613  0.344897  0.986057  1.23652
769  0.661613  0.344897  0.986057  1.23652
770  0.245217  1.25222  1.06265  1.66055
771  0.0830451  1.98683  1.37047  2.41508
772  -0.717376  0.756794  1.05512  1.48345
773  -0.450952  -0.20115  0.320293  0.588563
774  -0.450952  -0.20115  0.320293  0.588563
775  -0.450952  -0.20115  0.320293  0.588563
776  0.394238  -0.173598  -0.0220391  0.43133
777  0.394238  -0.173598  -0.0220391  0.43133
778  0.394238  -0.173598  -0.0220391  0.43133
779  0.394238  -0.173598  -0.0220391  0.43133
780  0.394238  -0.173598  -0.0220391  0.43133
781  0.394238  -0.173598  -0.0220391  0.43133
782  0.394238  -0.173598  -0.0220391  0.43133
783  0.394238  -0.173598  -0.0220391  0.43133
784  0.394238  -0.173598  -0.0220391  0.43133
785  0.394238  -0.173598  -0.0220391  0.43133
786  0.394238  -0.173598  -0.0220391  0.43133
787  -0.721853  0.582228  0.518069  1.06229
788  -0.513967  -0.640551  -0.649791  1.04723
789  -0.513967  -0.640551  -0.649791  1.04723
790  0.294904  -1.5919  -0.226984  1.63482
791  0.294904  -1.5919  -0.226984  1.63482
792  0.368925  -0.773123  0.860438  1.21416
793  0.368925  -0.773123  0.860438  1.21416
794  0.454278  0.28895  1.24374  1.35527
795  0.978508  -0.0104026  0.791436  1.25855
796  0.978508  -0.0104026  0.791436  1.25855
797  0.978508  -0.0104026  0.791436  1.25855
798  0.690526  -0.120602  0.807045  1.06897
799  0.690526  -0.120602  0.807045  1.06897
800  0.690526  -0.120602  0.807045  1.06897
801  -0.274809  -0.363714  0.288941  0.539717
802  -0.274809  -0.363714  0.288941  0.539717
803  0.0460393  0.0883002  -0.677008  0.684292
804  0.0460393  0.0883002  -0.677008  0.684292
805  0.0460393  0.0883002  -0.677008  0.684292
806  0.0460393  0.0883002  -0.677008  0.684292
807  0.0460393  0.0883002  -0.677008  0.684292
808  0.0460393  0.0883002  -0.677008  0.684292
809  0.0460393  0.0883002  -0.677008  0.684292
810  -0.648943  -1.05039  0.090554  1.238
811  -0.194621  -2.22314  0.317987  2.25418
812  -0.197767  -1.17926  0.149371  1.20502
813  -0.197767  -1.17926  0.149371  1.20502
814  -0.197767  -1.17926  0.149371  1.20502
815  0.355438  0.00899368  0.762594  0.841408
816  0.355438  0.00899368  0.762594  0.841408
817  -0.338391  0.670941  0.364233  0.835066
818  -0.338391  0.670941  0.364233  0.835066
819  0.665884  -0.394089  0.850137  1.14954
820  -0.0986948  0.302866  0.778609  0.841249
821  -0.666992  0.524724  -0.0235871  0.848982
822  -0.666992  0.524724  -0.0235871  0.848982
823  -0.666992  0.524724  -0.0235871  0.848982
824  -0.905066  0.358157  0.584138  1.13518
825  -0.905066  0.358157  0.584138  1.13518
826  -1.94962  -0.0485731  0.676213  2.06413
827  -1.18451  0.183902  -0.532864  1.3118
828  -1.18451  0.183902  -0.532864  1.3118
829  -1.64752  -0.348545  -0.423817  1.7365
830  -1.76959  0.50943  -0.275286  1.86193
831  -1.35306  -0.650174  0.162579  1.50994
832  -1.35306  -0.650174  0.162579  1.50994
833  -0.120319  -0.559151  0.177506  0.598861
834  -0.146874  0.443082  -0.614648  0.771807
835  -0.146874  0.443082  -0.614648  0.771807
836  -0.146874  0.443082  -0.614648  0.771807
837  0.995175  0.776361  -1.74674  2.15504
838  0.995175  0.776361  -1.74674  2.15504
839  1.05604  1.67054  -2.42443  3.1279
840  1.58454  1.18394  -1.39381  2.41975
841  2.07088  1.07844  -1.10193  2.58183
842  2.07088  1.07844  -1.10193  2.58183
843  2.07088  1.07844  -1.10193  2.58183
844  2.07088  1.07844  -1.10193  2.58183
845  1.86025  0.14932  -0.540524  1.94293
846  0.68255  -1.02927  0.125668  1.24139
847  0.346317  -1.3087  -0.896328  1.62359
848  -0.0912868  -0.901323  -1.40626  1.67281
849  -0.486324  -0.0953896  -0.421738  0.650748
850  -0.486324  -0.0953896  -0.421738  0.650748
851  -0.486324  -0.0953896  -0.421738  0.650748
852  -0.486324  -0.0953896  -0.421738  0.650748
853  -0.486324  -0.0953896  -0.421738  0.650748
854  -0.486324  -0.0953896  -0.421738  0.650748
855  -0.486324  -0.0953896  -0.421738  0.650748
856  -0.96824  0.523579  -0.772389  1.3447
857  -0.187579  -0.486527  -0.295114  0.599155
858  -0.187579  -0.486527  -0.295114  0.599155
859  -0.187579  -0.486527  -0.295114  0.599155
860  0.251232  0.128196  0.203575  0.347843
861  0.251232  0.128196  0.203575  0.347843
862  1.07823  0.362784  -0.0705603  1.13982
863  1.95725  -0.500076  -0.759421  2.15816
864  2.21703  -0.146349  -0.906457  2.39964
865  2.21703  -0.146349  -0.906457  2.39964
866  2.21703  -0.146349  -0.906457  2.39964
867  2.21703  -0.146349  -0.906457  2.39964
868  1.11733  -1.11583  -1.11663  1.934
869  1.11733  -1.11583  -1.11663  1.934
870  2.02881  0.107263  -1.04341  2.28392
871  2.02881  0.107263  -1.04341  2.28392
872  2.28085  0.263904  -0.824569  2.43964
873  2.36158  0.0555551  -2.04874  3.1269
874  1.87469  0.215134  -1.64704  2.5047
875  2.47722  1.34007  -0.976867  2.98106
876  2.89629  0.941725  -0.866527  3.16642
877  1.70274  1.50283  -1.28311  2.60848
878  0.759511  1.90649  -0.405131  2.09182
879  0.507883  1.98383  0.804596  2.20021
880  0.845387  1.02856  0.215288  1.34869
881  0.845387  1.02856  0.215288  1.34869
882  0.845387  1.02856  0.215288  1.34869
883  0.0444719  -0.0347819  1.31499  1.3162
884  -0.638999  0.452763  0.265597  0.826956
885  -1.32392  1.28964  0.221825  1.86149
886  -2.45992  2.21498  -0.9396  3.44096
887  -2.65636  1.25927  -1.21858  3.18228
888  -3.45374  1.97825  -1.84498  4.387
889  -3.46311  1.71464  -1.37846  4.10284
890  -2.50061  0.921962  -2.37451  3.56951
891  -1.37929  0.845677  -1.66554  2.32199
892  -1.37929  0.845677  -1.66554  2.32199
893  -1.70529  -0.338347  -1.46538  2.27373
894  -1.16816  -0.235544  -1.67876  2.05871
895  -1.16816  -0.235544  -1.67876  2.05871
896  -0.796582  0.340184  -1.00618  1.32765
897  -0.796582  0.340184  -1.00618  1.32765
898  -0.372424  1.41469  0.135088  1.46911
899  -0.372424  1.41469  0.135088  1.46911
900  -0.372424  1.41469  0.135088  1.46911
901  0.36955  0.307596  -0.994379  1.10452
902  0.36955  0.307596  -0.994379  1.10452
903  0.36955  0.307596  -0.994379  1.10452
904  1.33795  0.944894  -0.159933  1.64575
905  1.64574  1.4763  0.960524  2.4105
906  1.64574  1.4763  0.960524  2.4105
907  0.798865  1.40901  0.660993  1.7494
908  0.798865  1.40901  0.660993  1.7494
909  -0.0243484  2.16321  1.60225  2.69208
910  -0.0243484  2.16321  1.60225  2.69208
911  -0.0243484  2.16321  1.60225  2.69208
912  -0.0243484  2.16321  1.60225  2.69208
913  -0.0243484  2.16321  1.60225  2.69208
914  0.309681  3.03081  1.13421  3.25087
915  0.0447356  2.98477  1.31411  3.26156
916  0.168445  1.96459  1.6866  2.59473
917  0.168445  1.96459  1.6866  2.59473
918  0.168445  1.96459  1.6866  2.59473
919  0.639694  2.71859  0.938289  2.94624
920  0.639694  2.71859  0.938289  2.94624
921  0.810609  1.72347  0.738371  2.0427
922  0.810609  1.72347  0.738371  2.0427
923  0.246263  1.58299  1.30087  2.06368
924  -0.270344  1.15199  0.150425  1.19281
925  -0.270344  1.15199  0.150425  1.19281
926  0.247867  1.90588  -0.660948  2.03241
927  0.247867  1.90588  -0.660948  2.03241
928  1.28147  1.17797  0.0752837  1.74225
929  1.28147  1.17797  0.0752837  1.74225
930  0.314515  1.44815  1.05789  1.82076
931  0.314515  1.44815  1.05789  1.82076
932  -0.120986  0.88077  0.0688604  0.891704
933  -0.348781  0.8827  -0.382566  1.02331
934  0.614222  -0.107615  0.235025  0.666398
935  0.190465  0.652533  -0.199294  0.708375
936  0.190465  0.652533  -0.199294  0.708375
937  0.190465  0.652533  -0.199294  0.708375
938  0.190465  0.652533  -0.199294  0.708375
939  0.196379  1.02878  0.358124  1.10689
940  -0.139684  -0.138445  -0.51911  0.555116
941  -0.44671  0.895638  0.653456  1.19529
942  -0.44671  0.895638  0.653456  1.19529
943  -0.44671  0.895638  0.653456  1.19529
944  -0.185855  0.654691  1.08034  1.27683
945  0.489066  -0.047879  0.164442  0.518188
946  0.489066  -0.047879  0.164442  0.518188
947  1.53364  0.0136151  0.663454  1.67105
948  0.673548  -0.826106  -0.198227  1.08416
949  0.673548  -0.826106  -0.198227  1.08416
950  0.316125  -0.468345  -0.623901  0.841745
951  -0.40651  -1.25556  -0.705488  1.49646
952  -0.40651  -1.25556  -0.705488  1.49646
953  -0.4822  -1.33061  0.352713  1.45858
954  -0.4822  -1.33061  0.352713  1.45858
955  -0.4822  -1.33061  0.352713  1.45858
956  -0.4822  -1.33061  0.352713  1.45858
957  -0.4822  -1.33061  0.352713  1.45858
958  -0.0950822  -0.798357  0.696196  1.06353
959  -0.0950822  -0.798357  0.696196  1.06353
960  -0.381095  -0.843785  0.469102  1.03791
961  -0.381095  -0.843785  0.469102  1.03791
962  -0.381095  -0.843785  0.469102  1.03791
963  0.844436  -0.735164  0.531752  1.23948
964  1.00238  -0.111559  0.658427  1.20446
965  1.00238  -0.111559  0.658427  1.20446
966  0.417069  -0.312862  -0.513024  0.731453
967  0.417069  -0.312862  -0.513024  0.731453
968  0.417069  -0.312862  -0.513024  0.731453
969  0.417069  -0.312862  -0.513024  0.731453
970  0.417069  -0.312862  -0.513024  0.731453
971  0.417069  -0.312862  -0.513024  0.731453
972  0.417069  -0.312862  -0.513024  0.731453
973  1.44495  -0.0514935  0.567768  1.55335
974  1.44495  -0.0514935  0.567768  1.55335
975  0.999767  0.706468  1.16838  1.69226
976  0.188887  0.227312  1.72256  1.74773
977  -0.754413  -0.12749  0.935922  1.20886
978  -0.579645  0.535811  0.734105  1.07796
979  -0.65849  0.0640629  1.63259  1.76155
980  0.359214  0.765078  1.56025  1.77448
981  0.536252  1.64418  0.321899  1.75912
982  -0.175138  1.69298  -0.0703055  1.70347
983  -0.175138  1.69298  -0.0703055  1.70347
984  -0.175138  1.69298  -0.0703055  1.70347
985  -0.925596  1.01776  -1.09272  1.75688
986  -1.07187  0.0282691  -1.40077  1.76405
987  -1.07187  0.0282691  -1.40077  1.76405
988  -1.07187  0.0282691  -1.40077  1.76405
989  -1.07187  0.0282691  -1.40077  1.76405
990  -1.07187  0.0282691  -1.40077  1.76405
991  -1.07187  0.0282691  -1.40077  1.76405
992  -1.07187  0.0282691  -1.40077  1.76405
993  -1.07187  0.0282691  -1.40077  1.76405
994  -1.04738  0.615184  -0.660199  1.38251
995  -1.04738  0.615184  -0.660199  1.38251
996  -1.04738  0.615184  -0.660199  1.38251
997  -1.04738  0.615184  -0.660199  1.38251
998  -1.94999  -0.392659  -0.560753  2.06666
999  -1.94999  -0.392659  -0.560753  2.06666
1000  -1.36697  -0.868086  -0.47863  1.68857
1001  -2.30007  -0.554609  0.105961  2.36836
1002  -2.31542  -1.12587  -0.383526  2.60304
1003  -2.04775  -0.137355  0.5442  2.12327
1004  -1.6757  0.508564  0.913477  1.97511
1005  -1.36604  0.0869525  -0.0162915  1.3689
1006  -1.36604  0.0869525  -0.0162915  1.3689
1007  -1.36604  0.0869525  -0.0162915  1.3689
1008  -1.26851  0.910766  0.783694  1.74722
1009  -1.26851  0.910766  0.783694  1.74722
1010  -1.26851  0.910766  0.783694  1.74722
1011  -1.20213  1.01165  0.76462  1.74734
1012  -0.135114  1.76732  0.336314  1.8041
1013  -1.18614  1.1891  -0.184691  1.68967
1014  -0.617769  1.94737  -0.912241  2.23743
1015  0.434381  1.55194  -1.6273  2.29026
1016  0.632748  1.39408  -1.25745  1.98117
1017  -0.291012  1.37022  -0.191074  1.41376
1018  0.0107782  1.65191  0.331229  1.68482
1019  0.0272092  0.904853  0.167341  0.920599
1020  0.0272092  0.904853  0.167341  0.920599
1021  0.627009  0.22689  0.0556618  0.669117
1022  1.50799  0.25083  0.35287  1.56891
1023  1.66424  -0.98236  0.752252  2.07379
1024  0.801329  -0.290121  1.59472  1.80815
1025  0.801329  -0.290121  1.59472  1.80815
1026  1.70763  0.805587  0.618344  1.98679
1027  1.70763  0.805587  0.618344  1.98679
1028  1.70763  0.805587  0.618344  1.98679
1029  1.70763  0.805587  0.618344  1.98679
1030  1.42123  1.56533  0.0773828  2.11569
1031  1.42123  1.56533  0.0773828  2.11569
1032  1.804  1.76443  1.28111  2.82999
1033  2.95257  1.67568  0.464008  3.42649
1034  2.7029  1.18334  0.926222  3.09255
1035  2.7029  1.18334  0.926222  3.09255
1036  2.7029  1.18334  0.926222  3.09255
1037  2.7029  1.18334  0.926222  3.09255
1038  2.27322  2.03539  0.232581  3.06014
1039  2.27322  2.03539  0.232581  3.06014
1040  1.2354  0.855574  -0.117906  1.50736
1041  0.453089  1.37858  -0.120173  1.4561
1042  0.453089  1.37858  -0.120173  1.4561
1043  -0.32195  1.26725  -0.755099  1.50988
1044  -0.651898  0.0316929  -0.526892  0.838803
1045  -0.651898  0.0316929  -0.526892  0.838803
1046  -0.35156  -0.718395  -0.270446  0.844291
1047  -0.992193  -0.546659  0.0967908  1.13695
1048  -0.992193  -0.546659  0.0967908  1.13695
1049  -0.19225  -0.0272978  1.19599  1.21165
1050  0.107284  0.961596  1.0928  1.45959
1051  0.107284  0.961596  1.0928  1.45959
1052  0.107284  0.961596  1.0928  1.45959
1053  0.107284  0.961596  1.0928  1.45959
1054  -0.402988  1.13822  -0.00390076  1.20746
1055  0.725002  0.637106  0.660463  1.1695
1056  -0.119225  -0.289771  0.0799737  0.323385
1057  -0.119225  -0.289771  0.0799737  0.323385
1058  -0.119225  -0.289771  0.0799737  0.323385
1059  -0.119225  -0.289771  0.0799737  0.323385
1060  -0.119225  -0.289771  0.0799737  0.323385
1061  -0.119225  -0.289771  0.0799737  0.323385
1062  -0.119225  -0.289771  0.0799737  0.323385
1063  -0.119225  -0.289771  0.0799737  0.323385
1064  -0.119225  -0.289771  0.0799737  0.323385
1065  -0.119225  -0.289771  0.0799737  0.323385
1066  -0.119225  -0.289771  0.0799737  0.323385
1067  -0.119225  -0.289771  0.0799737  0.323385
1068  -0.119225  -0.289771  0.0799737  0.323385
1069  -0.119225  -0.289771  0.0799737  0.323385
1070  -0.119225  -0.289771  0.0799737  0.323385
1071  -0.119225  -0.289771  0.0799737  0.323385
1072  -0.119225  -0.289771  0.0799737  0.323385
1073  -0.119225  -0.289771  0.0799737  0.323385
1074  -0.119225  -0.289771  0.0799737  0.323385
1075  -0.119225  -0.289771  0.0799737  0.323385
1076  -0.119225  -0.289771  0.0799737  0.323385
1077  -0.119225  -0.289771  0.0799737  0.323385
1078  0.227035  0.00955737  0.247958  0.336332
1079  0.227035  0.00955737  0.247958  0.336332
1080  0.227035  0.00955737  0.247958  0.336332
1081  0.227035  0.00955737  0.247958  0.336332
1082  0.227035  0.00955737  0.247958  0.336332
1083  0.227035  0.00955737  0.247958  0.336332
1084  0.227035  0.00955737  0.247958  0.336332
1085  0.227035  0.00955737  0.247958  0.336332
1086  0.227035  0.00955737  0.247958  0.336332
1087  0.227035  0.00955737  0.247958  0.336332
1088  0.227035  0.00955737  0.247958  0.336332
1089  0.227035  0.00955737  0.247958  0.336332
1090  0.227035  0.00955737  0.247958  0.336332
1091  0.227035  0.00955737  0.247958  0.336332
1092  0.227035  0.00955737  0.247958  0.336332
1093  0.227035  0.00955737  0.247958  0.336332
1094  0.227035  0.00955737  0.247958  0.336332
1095  0.227035  0.00955737  0.247958  0.336332
1096  0.227035  0.00955737  0.247958  0.336332
1097  0.227035  0.00955737  0.247958  0.336332
1098  -0.718294  -0.784809  -0.496339  1.17398
1099  -0.718294  -0.784809  -0.496339  1.17398
1100  -0.718294  -0.784809  -0.496339  1.17398
1101  0.103769  -0.00302471  -0.0801667  0.131164
1102  0.103769  -0.00302471  -0.0801667  0.131164
1103  -0.573492  -0.263543  -0.0854231  0.636902
1104  -0.573492  -0.263543  -0.0854231  0.636902
1105  -0.436431  0.845162  -0.226381  0.977762
1106  0.548592  -0.153021  -0.0241708  0.570046
1107  0.654993  0.0370993  0.420005  0.778971
1108  -0.0672426  -0.575011  0.272897  0.640025
1109  -0.0672426  -0.575011  0.272897  0.640025
1110  -0.361121  -1.39602  1.02321  1.76812
1111  -0.361121  -1.39602  1.02321  1.76812
1112  -1.40295  -1.12145  0.42139  1.84485
1113  -1.40295  -1.12145  0.42139  1.84485
1114  -0.965962  -0.585317  0.0199053  1.12963
1115  -1.32996  0.212018  -1.15589  1.77477
1116  -1.17335  -0.358261  -0.00280008  1.22683
1117  -1.17335  -0.358261  -0.00280008  1.22683
1118  -1.17335  -0.358261  -0.00280008  1.22683
1119  -1.17335  -0.358261  -0.00280008  1.22683
1120  -1.17335  -0.358261  -0.00280008  1.22683
1121  -1.17335  -0.358261  -0.00280008  1.22683
1122  -1.17335  -0.358261  -0.00280008  1.22683
1123  -1.22324  -0.44748  0.3477  1.34813
1124  -0.615298  0.371601  0.00743417  0.718843
1125  -0.615298  0.371601  0.00743417  0.718843
1126  0.559036  -0.773805  -0.756807  1.21822
1127  0.559036  -0.773805  -0.756807  1.21822
1128  0.559036  -0.773805  -0.756807  1.21822
1129  -0.318795  0.408109  -0.964705  1.09492
1130  -0.318795  0.408109  -0.964705  1.09492
1131  -0.318795  0.408109  -0.964705  1.09492
1132  -0.0132835  0.245227  -0.768771  0.807045
1133  -0.00971583  0.255444  0.266191  0.369058
1134  -0.00971583  0.255444  0.266191  0.369058
1135  -0.00971583  0.255444  0.266191  0.369058
1136  0.936614  -0.8286  -0.230303  1.27156
1137  2.04403  0.18274  0.239314  2.06609
1138  2.04403  0.18274  0.239314  2.06609
1139  2.59316  -0.156661  0.391643  2.62725
1140  2.49661  0.844056  -0.0636591  2.6362
1141  2.49661  0.844056  -0.0636591  2.6362
1142  1.50978  -0.292705  1.15308  1.92217
1143  1.50978  -0.292705  1.15308  1.92217
1144  1.50978  -0.292705  1.15308  1.92217
1145  0.281852  -0.735284  0.912867  1.20557
1146  0.660322  -1.07301  0.438509  1.33404
1147  -0.333047  -1.35719  0.815392  1.61794
1148  -1.4769  -0.393036  0.0114082  1.52835
1149  -1.0464  0.23717  0.506751  1.18659
1150  -1.0464  0.23717  0.506751  1.18659
1151  -0.288867  0.478082  0.346448  0.657292
1152  -0.288867  0.478082  0.346448  0.657292
1153  -0.288867  0.478082  0.346448  0.657292
1154  -0.288867  0.478082  0.346448  0.657292
1155  -0.288867  0.478082  0.346448  0.657292
1156  0.757348  -0.421826  0.363523  0.940033
1157  0.525329  -0.810367  0.37893  1.03743
1158  -0.0652389  -2.01253  0.292581  2.03474
1159  -0.163807  -2.22148  1.41188  2.63728
1160  -0.163807  -2.22148  1.41188  2.63728
1161  -0.163807  -2.22148  1.41188  2.63728
1162  -1.31175  -1.57321  0.981064  2.27116
1163  -0.76659  -0.783676  -0.144858  1.1058
1164  -0.76659  -0.783676  -0.144858  1.1058
1165  -0.76659  -0.783676  -0.144858  1.1058
1166  0.277544  -1.94929  0.602207  2.05899
1167  0.277544  -1.94929  0.602207  2.05899
1168  0.277544  -1.94929  0.602207  2.05899
1169  0.277544  -1.94929  0.602207  2.05899
1170  -0.0887076  -0.843146  0.910629  1.24419
1171  -1.09377  0.0667215  1.12921  1.5735
1172  -1.21888  0.800694  1.89547  2.39157
1173  -1.3189  -0.120608  1.28853  1.8478
1174  -1.25001  -0.167337  0.314142  1.29969
1175  -1.25001  -0.167337  0.314142  1.29969
1176  -1.88711  -0.959043  -0.845595  2.27947
1177  -1.68478  -1.26082  -1.63666  2.66586
1178  -0.661583  -0.294181  -0.409892  0.832014
1179  -0.355988  -0.838234  -0.358682  0.978783
1180  0.0294917  -1.60851  0.471676  1.6765
1181  0.398378  -0.879932  -0.69462  1.18974
1182  -0.533919  -1.0624  -0.263932  1.21796
1183  -0.533919  -1.0624  -0.263932  1.21796
1184  -0.533919  -1.0624  -0.263932  1.21796
1185  -0.387946  -0.76573  -1.1159  1.40787
1186  0.642652  -1.48043  -0.136943  1.6197
1187  0.564177  -0.794312  -1.26492  1.59664
1188  0.564177  -0.794312  -1.26492  1.59664
1189  -0.437512  0.440291  -1.45504  1.5819
1190  -0.470773  0.724387  -1.02279  1.33883
1191  0.334775  -0.0709285  -0.616856  0.705419
1192  0.334775  -0.0709285  -0.616856  0.705419
1193  0.334775  -0.0709285  -0.616856  0.705419
1194  0.334775  -0.0709285  -0.616856  0.705419
1195  -0.307179  -0.191131  0.159921  0.395556
1196  -0.307179  -0.191131  0.159921  0.395556
1197  -0.307179  -0.191131  0.159921  0.395556
1198  -0.307179  -0.191131  0.159921  0.395556
1199  -0.307179  -0.191131  0.159921  0.395556
1200  -0.307179  -0.191131  0.159921  0.395556
1201  -0.307179  -0.191131  0.159921  0.395556
1202  -0.307179  -0.191131  0.159921  0.395556
1203  0.761813  -1.29568  -0.632678  1.63078
1204  0.761813  -1.29568  -0.632678  1.63078
1205  -0.0600672  -1.07728  0.321036  1.1257
1206  0.357978  -0.555128  0.896364  1.11346
1207  0.357978  -0.555128  0.896364  1.11346
1208  0.902159  -0.149728  1.47066  1.73181
1209  2.12306  -0.213359  1.34765  2.5237
1210  1.35793  -0.904847  2.55683  3.03317
1211  1.35793  -0.904847  2.55683  3.03317
1212  1.35793  -0.904847  2.55683  3.03317
1213  1.46356  -0.351042  1.39166  2.04987
1214  1.90101  0.0449701  2.34399  3.0183
1215  1.90101  0.0449701  2.34399  3.0183
1216  1.20547  0.265661  2.61587  2.89249
1217  0.447273  1.07927  2.71398  2.95476
1218  -0.440172  0.461509  1.57676  1.70086
1219  -0.440172  0.461509  1.57676  1.70086
1220  -1.35196  0.38969  0.577905  1.52106
1221  -1.35196  0.38969  0.577905  1.52106
1222  -1.35196  0.38969  0.577905  1.52106
1223  -1.35196  0.38969  0.577905  1.52106
1224  -0.788604  0.26054  0.242588  0.865232
1225  -0.124619  0.452825  -0.47931  0.671058
1226  -0.38849  0.437711  -0.268877  0.644058
1227  -0.38849  0.437711  -0.268877  0.644058
1228  -0.38849  0.437711  -0.268877  0.644058
1229  -0.38849  0.437711  -0.268877  0.644058
1230  -0.526371  -0.487912  -1.0517  1.27326
1231  -0.526371  -0.487912  -1.0517  1.27326
1232  -0.526371  -0.487912  -1.0517  1.27326
1233  -0.526371  -0.487912  -1.0517  1.27326
1234  0.461361  0.500022  -1.33069  1.49453
1235  1.63092  -0.612472  -0.461318  1.80218
1236  2.44341  -0.262308  0.417309  2.49263
1237  2.44341  -0.262308  0.417309  2.49263
1238  2.76703  0.657514  0.0766397  2.84511
1239  2.76703  0.657514  0.0766397  2.84511
1240  2.76703  0.657514  0.0766397  2.84511
1241  2.76703  0.657514  0.0766397  2.84511
1242  2.76703  0.657514  0.0766397  2.84511
1243  2.57057  1.29336  0.854685  3.00185
1244  2.44205  0.301961  0.397702  2.49258
1245  2.44205  0.301961  0.397702  2.49258
1246  2.45915  1.27844  0.644982  2.84567
1247  3.22846  1.43665  0.279627  3.54473
1248  2.4247  1.88594  0.723914  3.15594
1249  2.4247  1.88594  0.723914  3.15594
1250  1.71836  2.60222  -0.411856  3.14546
1251  2.29113  1.70683  -0.760065  2.95639
1252  2.29113  1.70683  -0.760065  2.95639
1253  2.29113  1.70683  -0.760065  2.95639
1254  1.23285  1.27538  0.410196  1.82066
1255  1.23285  1.27538  0.410196  1.82066
1256  1.23285  1.27538  0.410196  1.82066
1257  0.390051  1.63309  -0.670082  1.8078
1258  1.51336  2.32063  -1.1812  3.01178
1259  1.66918  1.89697  -2.1507  3.31816
1260  1.91395  2.03836  -1.07983  2.99736
1261  1.91395  2.03836  -1.07983  2.99736
1262  1.91395  2.03836  -1.07983  2.99736
1263  2.1288  1.30616  -1.29911  2.81523
1264  2.1288  1.30616  -1.29911  2.81523
1265  1.65734  1.63202  -1.53073  2.78449
1266  0.615264  1.5936  -1.63203  2.36255
1267  -0.0217239  0.547468  -1.59579  1.68723
1268  -0.0217239  0.547468  -1.59579  1.68723
1269  -0.265173  0.453855  -1.28918  1.39222
1270  -0.265173  0.453855  -1.28918  1.39222
1271  -0.265173  0.453855  -1.28918  1.39222
1272  -1.17959  1.63674  -0.672557  2.12666
1273  -1.92175  1.03241  -0.877899  2.35153
1274  -2.11222  0.0967409  -0.306382  2.13652
1275  -2.11222  0.0967409  -0.306382  2.13652
1276  -1.64496  0.675317  -0.339279  1.81027
1277  -1.28439  -0.277596  0.84901  1.56446
1278  -1.24581  -1.08811  0.379171  1.697
1279  -1.24581  -1.08811  0.379171  1.697
1280  -0.786401  -0.857731  -0.538217  1.28211
1281  -0.786401  -0.857731  -0.538217  1.28211
1282  -0.786401  -0.857731  -0.538217  1.28211
1283  -1.6341  -0.714796  -0.505432  1.85383
1284  -0.952045  -0.792763  -0.690303  1.41823
1285  -0.952045  -0.792763  -0.690303  1.41823
1286  -0.952045  -0.792763  -0.690303  1.41823
1287  -0.909514  0.122975  -1.43651  1.70467
1288  -0.0323116  0.251798  -1.68104  1.7001
1289  -0.248474  0.925178  -2.81626  2.97473
1290  -0.248474  0.925178  -2.81626  2.97473
1291  0.412457  0.375048  -1.95476  2.0327
1292  0.412457  0.375048  -1.95476  2.0327
1293  0.412457  0.375048  -1.95476  2.0327
1294  -0.791738  1.23127  -1.51933  2.10979
1295  -0.791738  1.23127  -1.51933  2.10979
1296  -0.229152  1.42868  -2.2021  2.63493
1297  -1.107  0.313665  -1.09279  1.58683
1298  -0.245346  -0.408791  -1.10166  1.2004
1299  0.673454  -0.683808  -0.345761  1.02014
1300  0.673454  -0.683808  -0.345761  1.02014
1301  0.0325047  0.373239  -0.0228675  0.375349
1302  0.0325047  0.373239  -0.0228675  0.375349
1303  -0.481931  -0.255848  0.378494  0.664059
1304  -0.481931  -0.255848  0.378494  0.664059
1305  -0.481931  -0.255848  0.378494  0.664059
1306  0.658637  -0.321565  -0.685892  1.00382
1307  0.658637  -0.321565  -0.685892  1.00382
1308  0.658637  -0.321565  -0.685892  1.00382
1309  0.658637  -0.321565  -0.685892  1.00382
1310  0.658637  -0.321565  -0.685892  1.00382
1311  0.658637  -0.321565  -0.685892  1.00382
1312  0.69308  0.761911  -0.17545  1.04482
1313  0.69308  0.761911  -0.17545  1.04482
1314  0.69308  0.761911  -0.17545  1.04482
1315  0.69308  0.761911  -0.17545  1.04482
1316  0.69308  0.761911  -0.17545  1.04482
1317  0.69308  0.761911  -0.17545  1.04482
1318  0.167362  1.89925  0.667332  2.02002
1319  0.167362  1.89925  0.667332  2.02002
1320  0.0167125  2.33606  1.15474  2.60593
1321  0.611991  2.28053  0.978089  2.55578
1322  0.545691  1.61396  0.580547  1.79991
1323  -0.103411  1.33971  1.39481  1.93676
1324  -0.309421  0.36377  0.514222  0.701779
1325  -0.309421  0.36377  0.514222  0.701779
1326  -0.309421  0.36377  0.514222  0.701779
1327  -0.692747  0.138566  1.71625  1.85597
1328  -1.64681  -0.0736153  2.25221  2.79104
1329  -0.7133  -0.967344  2.07776  2.40034
1330  -1.50784  -0.900896  1.70915  2.45079
1331  -0.543362  -1.62193  1.41651  2.22089
1332  -0.321327  -1.9723  0.84785  2.17073
1333  -0.99106  -2.1003  0.460579  2.36761
1334  -0.99106  -2.1003  0.460579  2.36761
1335  0.0403184  -2.62102  -0.236581  2.63198
1336  0.0403184  -2.62102  -0.236581  2.63198
1337  -1.128  -3.35792  -0.0296031  3.54244
1338  -1.128  -3.35792  -0.0296031  3.54244
1339  -0.214045  -2.83794  -1.25905  3.11206
1340  -0.123869  -1.77564  -2.09363  2.74801
1341  0.482108  -2.58891  -2.87883  3.90161
1342  0.482108  -2.58891  -2.87883  3.90161
1343  -0.472484  -3.07194  -1.83656  3.61013
1344  -0.472484  -3.07194  -1.83656  3.61013
1345  -0.472484  -3.07194  -1.83656  3.61013
1346  0.284604  -3.24566  -2.49932  4.10633
1347  1.05195  -3.13464  -3.33443  4.69585
1348  0.850557  -4.01705  -2.46496  4.78917
1349  -0.324247  -2.93365  -3.16154  4.32513
1350  -0.324247  -2.93365  -3.16154  4.32513
1351  -0.324247  -2.93365  -3.16154  4.32513
1352  -0.324247  -2.93365  -3.16154  4.32513
1353  -0.324247  -2.93365  -3.16154  4.32513
1354  0.144847  -2.87727  -2.94027  4.11641
1355  1.02405  -1.76115  -3.71052  4.233
1356  0.180029  -2.0493  -3.87114  4.3838
1357  0.919107  -1.54924  -4.65421  4.99065
1358  0.919107  -1.54924  -4.65421  4.99065
1359  0.441989  -2.65682  -4.71387  5.42905
1360  -0.217215  -3.56688  -3.73791  5.17125
1361  -0.217215  -3.56688  -3.73791  5.17125
1362  -0.404979  -2.4617  -3.41718  4.23097
1363  -0.404979  -2.4617  -3.41718  4.23097
1364  -0.404979  -2.4617  -3.41718  4.23097
1365  -0.583596  -1.29436  -2.90009  3.22901
1366  -0.154631  -1.84711  -2.90622  3.447
1367  0.302355  -1.23187  -2.04314  2.40485
1368  1.07581  -2.22084  -1.01807  2.66945
1369  1.3006  -1.85349  -1.30926  2.61556
1370  0.536734  -2.15403  -0.159763  2.22564
1371  0.0446024  -1.45822  -0.408712  1.51507
1372  0.0446024  -1.45822  -0.408712  1.51507
1373  0.0446024  -1.45822  -0.408712  1.51507
1374  0.0446024  -1.45822  -0.408712  1.51507
1375  0.172766  -0.52716  -1.42394  1.52818
1376  0.172766  -0.52716  -1.42394  1.52818
1377  0.172766  -0.52716  -1.42394  1.52818
1378  -0.917823  0.640547  -0.463508  1.21142
1379  -0.289924  0.304095  0.136574  0.441795
1380  0.765575  0.103445  0.783353  1.1002
1381  0.765575  0.103445  0.783353  1.1002
1382  0.765575  0.103445  0.783353  1.1002
1383  1.47595  0.0638846  1.29855  1.96691
1384  1.47595  0.0638846  1.29855  1.96691
1385  1.47595  0.0638846  1.29855  1.96691
1386  1.47595  0.0638846  1.29855  1.96691
1387  1.47595  0.0638846  1.29855  1.96691
1388  0.683584  -0.293704  0.425697  0.857186
1389  -0.458812  -0.61103  -0.00161953  0.764113
1390  0.396637  0.359716  0.756958  0.927201
1391  0.413907  -0.813605  -0.0289841  0.913297
1392  -0.597974  -0.172393  -1.03945  1.21151
1393  -0.597974  -0.172393  -1.03945  1.21151
1394  -0.597974  -0.172393  -1.03945  1.21151
1395  -0.597974  -0.172393  -1.03945  1.21151
1396  -0.597974  -0.172393  -1.03945  1.21151
1397  0.444646  -1.19028  -2.20792  2.54743
1398  0.615109  -0.0321869  -1.96019  2.05469
1399  -0.121068  -0.308684  -1.42717  1.46518
1400  0.205197  0.281123  -1.07405  1.12904
1401  0.205197  0.281123  -1.07405  1.12904
1402  1.36967  0.561743  -0.684071  1.6308
1403  0.615325  0.443352  0.390215  0.852909
1404  0.615325  0.443352  0.390215  0.852909
1405  -0.04767  0.0801354  -0.103061  0.138981
1406  -0.04767  0.0801354  -0.103061  0.138981
1407  -0.04767  0.0801354  -0.103061  0.138981
1408  -0.04767  0.0801354  -0.103061  0.138981
1409  -0.04767  0.0801354  -0.103061  0.138981
1410  -0.04767  0.0801354  -0.103061  0.138981
1411  -0.04767  0.0801354  -0.103061  0.138981
1412  -0.04767  0.0801354  -0.103061  0.138981
1413  -0.04767  0.0801354  -0.103061  0.138981
1414  -0.04767  0.0801354  -0.103061  0.138981
1415  -0.04767  0.0801354  -0.103061  0.138981
1416  -0.04767  0.0801354  -0.103061  0.138981
1417  -0.04767  0.0801354  -0.103061  0.138981
1418  -0.04767  0.0801354  -0.103061  0.138981
1419  -0.04767  0.0801354  -0.103061  0.138981
1420  -0.04767  0.0801354  -0.103061  0.138981
1421  -0.04767  0.0801354  -0.103061  0.138981
1422  0.459746  0.43254  0.362896  0.728115
1423  0.459746  0.43254  0.362896  0.728115
1424  0.459746  0.43254  0.362896  0.728115
1425  0.459746  0.43254  0.362896  0.728115
1426  0.459746  0.43254  0.362896  0.728115
1427  0.122603  -0.248522  0.207874  0.346419
1428  -1.02298  -0.541802  -0.772405  1.39163
1429  -0.704753  0.681508  -1.31123  1.63721
1430  -0.855083  -0.0270008  -1.41865  1.65664
1431  -0.166785  -0.0149541  -0.822003  0.838886
1432  -0.166785  -0.0149541  -0.822003  0.838886
1433  -0.166785  -0.0149541  -0.822003  0.838886
1434  -0.297515  0.308999  -0.625492  0.758443
1435  -0.297515  0.308999  -0.625492  0.758443
1436  0.244717  1.43842  -0.09248  1.46202
1437  0.778136  0.780673  -0.886826  1.41471
1438  0.588215  0.120284  -1.21642  1.35652
1439  1.17254  0.0698831  -0.492598  1.27373
1440  1.17254  0.0698831  -0.492598  1.27373
1441  0.327454  0.641499  0.294621  0.77817
1442  0.327454  0.641499  0.294621  0.77817
1443  0.327454  0.641499  0.294621  0.77817
1444  0.608748  -0.398038  0.466003  0.863809
1445  0.608748  -0.398038  0.466003  0.863809
1446  0.608748  -0.398038  0.466003  0.863809
1447  0.608748  -0.398038  0.466003  0.863809
1448  0.608748  -0.398038  0.466003  0.863809
1449  0.608748  -0.398038  0.466003  0.863809
1450  0.608748  -0.398038  0.466003  0.863809
1451  -0.147269  0.213243  0.309199  0.403441
1452  -0.701771  -0.807729  -0.535639  1.19659
1453  -0.701771  -0.807729  -0.535639  1.19659
1454  -0.63086  -0.501515  -1.13085  1.38864
1455  -0.63086  -0.501515  -1.13085  1.38864
1456  -0.0997403  0.204074  -1.43055  1.44847
1457  -0.0997403  0.204074  -1.43055  1.44847
1458  0.440373  -0.228055  -0.397199  0.635378
1459  0.440373  -0.228055  -0.397199  0.635378
1460  0.440373  -0.228055  -0.397199  0.635378
1461  -0.498134  -0.477145  -0.561462  0.889407
1462  0.279212  0.358274  0.0257646  0.454954
1463  0.279212  0.358274  0.0257646  0.454954
1464  0.245603  1.11524  0.298479  1.18033
1465  -0.576487  1.01549  0.58724  1.30706
1466  -0.576487  1.01549  0.58724  1.30706
1467  -0.576487  1.01549  0.58724  1.30706
1468  -1.20559  1.53789  0.663604  2.06372
1469  -2.11224  1.14649  -0.546677  2.46472
1470  -2.11224  1.14649  -0.546677  2.46472
1471  -2.3308  1.86921  -0.457908  3.02262
1472  -2.60105  1.52015  -0.0835739  3.01385
1473  -3.56407  1.9636  1.10716  4.21712
1474  -2.58083  1.74359  1.25166  3.3567
1475  -2.58083  1.74359  1.25166  3.3567
1476  -2.58083  1.74359  1.25166  3.3567
1477  -2.58083  1.74359  1.25166  3.3567
1478  -1.40118  2.34486  1.60664  3.16906
1479  -2.1485  3.20227  0.538467  3.89365
1480  -2.1485  3.20227  0.538467  3.89365
1481  -1.01701  2.34091  -0.241757  2.56372
1482  -1.85364  1.43221  -0.435685  2.38265
1483  -0.641407  0.85595  0.536509  1.19662
1484  -0.641407  0.85595  0.536509  1.19662
1485  -0.587421  0.471441  -0.528937  0.920378
1486  -0.587421  0.471441  -0.528937  0.920378
1487  -0.587421  0.471441  -0.528937  0.920378
1488  -0.366541  -0.755359  -0.388141  0.924972
1489  0.756382  0.183944  -0.85336  1.15506
1490  0.756382  0.183944  -0.85336  1.15506
1491  0.756382  0.183944  -0.85336  1.15506
1492  1.60171  0.398842  -0.266386  1.67198
1493  1.43144  0.381673  0.338133  1.51955
1494  1.43144  0.381673  0.338133  1.51955
1495  1.89209  0.609937  0.593966  2.07481
1496  1.89209  0.609937  0.593966  2.07481
1497  2.17179  1.48264  -0.459048  2.66939
1498  3.01905  1.20405  -0.678781  3.32041
1499  3.01905  1.20405  -0.678781  3.32041
1500  3.01905  1.20405  -0.678781  3.32041
1501  2.58904  0.348061  -0.99958  2.79704
1502  2.56941  -0.490577  -0.153088  2.6203
1503  2.56941  -0.490577  -0.153088  2.6203
1504  1.82985  -0.223332  0.596714  1.9376
1505  1.82985  -0.223332  0.596714  1.9376
1506  1.56616  -1.06457  -0.0076348  1.89374
1507  1.56616  -1.06457  -0.0076348  1.89374
1508  1.56616  -1.06457  -0.0076348  1.89374
1509  0.737246  -1.57132  -1.04566  2.02633
1510  0.737246  -1.57132  -1.04566  2.02633
1511  -0.23925  -2.17067  -2.24636  3.13292
1512  -0.101183  -2.15579  -1.69012  2.7412
1513  -0.101183  -2.15579  -1.69012  2.7412
1514  -0.663067  -1.77087  -0.452775  1.94439
1515  -0.551721  -2.15363  -0.953087  2.41886
1516  -0.551721  -2.15363  -0.953087  2.41886
1517  -0.745659  -1.414  -1.64891  2.29658
1518  -0.131485  -0.612419  -2.11614  2.2069
1519  -0.716387  -0.913111  -2.24817  2.53007
1520  -1.83512  -0.544135  -2.09672  2.83901
1521  -1.83512  -0.544135  -2.09672  2.83901
1522  -1.20633  0.640089  -1.70711  2.18613
1523  -1.20633  0.640089  -1.70711  2.18613
1524  -2.27189  -0.525085  -2.18596  3.19619
1525  -2.27189  -0.525085  -2.18596  3.19619
1526  -1.08447  -0.50893  -1.83471  2.19117
1527  -1.23327  -1.21567  -0.915286  1.95872
1528  -1.23327  -1.21567  -0.915286  1.95872
1529  -1.23327  -1.21567  -0.915286  1.95872
1530  -0.187986  -0.994282  -0.631698  1.19289
1531  -0.605565  -0.196487  0.417959  0.761581
1532  -0.605565  -0.196487  0.417959  0.761581
1533  -0.605565  -0.196487  0.417959  0.761581
1534  0.269711  0.00157609  -0.257757  0.373076
1535  0.269711  0.00157609  -0.257757  0.373076
1536  0.269711  0.00157609  -0.257757  0.373076
1537  0.269711  0.00157609  -0.257757  0.373076
1538  0.269711  0.00157609  -0.257757  0.373076
1539  0.269711  0.00157609  -0.257757  0.373076
1540  0.269711  0.00157609  -0.257757  0.373076
1541  0.269711  0.00157609  -0.257757  0.373076
1542  0.269711  0.00157609  -0.257757  0.373076
1543  0.269711  0.00157609  -0.257757  0.373076
1544  0.269711  0.00157609  -0.257757  0.373076
1545  0.269711  0.00157609  -0.257757  0.373076
1546  0.206426  0.213188  -0.937543  0.983386
1547  0.206426  0.213188  -0.937543  0.983386
1548  0.206426  0.213188  -0.937543  0.983386
1549  0.0434174  -0.227225  -1.04759  1.07283
1550  0.496955  0.528088  -0.981938  1.22067
1551  0.496955  0.528088  -0.981938  1.22067
1552  -0.567616  -0.371922  -2.1687  2.2724
1553  -1.27972  0.357878  -1.57905  2.06377
1554  -0.4182  0.653909  -0.971568  1.24356
1555  -0.372276  -0.311935  -1.28528  1.37399
1556  -0.372276  -0.311935  -1.28528  1.37399
1557  -0.372276  -0.311935  -1.28528  1.37399
1558  -0.372276  -0.311935  -1.28528  1.37399
1559  0.162451  -0.328765  -0.582577  0.688384
1560  0.476041  -0.292385  0.496471  0.747387
1561  0.0265268  0.724218  1.37121  1.55094
1562  0.405948  0.409499  0.766355  0.959053
1563  0.405948  0.409499  0.766355  0.959053
1564  0.405948  0.409499  0.766355  0.959053
1565  -0.659124  -0.349634  0.0585461  0.748409
1566  0.160128  0.0977506  0.525907  0.558368
1567  -0.00555726  0.132274  -0.10637  0.169829
1568  -0.00555726  0.132274  -0.10637  0.169829
1569  -0.00555726  0.132274  -0.10637  0.169829
1570  -0.00555726  0.132274  -0.10637  0.169829
1571  -0.00555726  0.132274  -0.10637  0.169829
1572  -0.00555726  0.132274  -0.10637  0.169829
1573  -0.00555726  0.132274  -0.10637  0.169829
1574  -0.00555726  0.132274  -0.10637  0.169829
1575  -0.00555726  0.132274  -0.10637  0.169829
1576  -0.00555726  0.132274  -0.10637  0.169829
1577  -0.00555726  0.132274  -0.10637  0.169829
1578  -0.00555726  0.132274  -0.10637  0.169829
1579  -0.00555726  0.132274  -0.10637  0.169829
1580  -0.00555726  0.132274  -0.10637  0.169829
1581  -0.00555726  0.132274  -0.10637  0.169829
1582  -0.00555726  0.132274  -0.10637  0.169829
1583  -0.00555726  0.132274  -0.10637  0.169829
1584  -0.593618  -0.153484  -0.444477  0.757297
1585  0.0814553  0.759463  0.447234  0.88512
1586  0.0814553  0.759463  0.447234  0.88512
1587  0.0814553  0.759463  0.447234  0.88512
1588  0.0814553  0.759463  0.447234  0.88512
1589  0.214449  0.597598  -0.0949922  0.641978
1590  0.214449  0.597598  -0.0949922  0.641978
1591  0.221945  0.37494  0.464756  0.637054
1592  0.0829914  -0.700729  -0.178667  0.727894
1593  0.0829914  -0.700729  -0.178667  0.727894
1594  -0.492104  0.451502  -0.103382  0.675802
1595  -0.492104  0.451502  -0.103382  0.675802
1596  -0.981738  0.866978  0.448772  1.38451
1597  -0.981738  0.866978  0.448772  1.38451
1598  -0.981738  0.866978  0.448772  1.38451
1599  -1.24803  1.41347  0.680462  2.00462
1600  -0.421904  0.92707  -0.1717  1.03293
1601  -0.421904  0.92707  -0.1717  1.03293
1602  -0.421904  0.92707  -0.1717  1.03293
1603  -0.421904  0.92707  -0.1717  1.03293
1604  -0.421904  0.92707  -0.1717  1.03293
1605  -0.421904  0.92707  -0.1717  1.03293
1606  -0.421904  0.92707  -0.1717  1.03293
1607  -0.421904  0.92707  -0.1717  1.03293
1608  -0.421904  0.92707  -0.1717  1.03293
1609  -0.0073727  0.582353  -0.412122  0.713466
1610  -0.0073727  0.582353  -0.412122  0.713466
1611  -0.701293  0.518444  -0.233697  0.90289
1612  0.160061  0.315076  -1.08704  1.14305
1613  -1.05122  0.691091  -0.63436  1.40893
1614  -0.580743  0.078558  -0.87106  1.04985
1615  -0.884174  0.347951  -0.165679  0.964512
1616  -0.884174  0.347951  -0.165679  0.964512
1617  -0.550854  -0.470147  -0.337693  0.799071
1618  -0.550854  -0.470147  -0.337693  0.799071
1619  0.37881  0.171852  0.723955  0.83495
1620  0.69319  -4.36729e-05  -0.0775256  0.697512
1621  0.69319  -4.36729e-05  -0.0775256  0.697512
1622  0.69319  -4.36729e-05  -0.0775256  0.697512
1623  0.69319  -4.36729e-05  -0.0775256  0.697512
1624  0.609021  0.930648  -0.888635  1.42362
1625  0.32659  2.03396  0.0304911  2.06024
1626  0.32659  2.03396  0.0304911  2.06024
1627  1.45438  1.1356  0.0475232  1.84582
1628  1.47684  1.48643  -0.453291  2.14383
1629  1.47684  1.48643  -0.453291  2.14383
1630  1.47684  1.48643  -0.453291  2.14383
1631  1.47684  1.48643  -0.453291  2.14383
1632  1.31415  0.654098  -1.42818  2.04806
1633  1.31415  0.654098  -1.42818  2.04806
1634  1.31415  0.654098  -1.42818  2.04806
1635  0.90868  -0.238248  -1.7349  1.97291
1636  -0.312074  0.513555  -1.51571  1.63049
1637  -1.49694  0.245342  -1.46326  2.10764
1638  -0.788729  0.768852  -1.19186  1.62289
1639  -0.788729  0.768852  -1.19186  1.62289
1640  -0.788729  0.768852  -1.19186  1.62289
1641  -0.788729  0.768852  -1.19186  1.62289
1642  -0.788729  0.768852  -1.19186  1.62289
1643  -0.676157  0.806658  -0.859718  1.35904
1644  -0.558201  -0.316582  -1.72126  1.83699
1645  -0.516336  -0.912785  -1.33066  1.69423
1646  -1.20667  -1.47603  -0.336071  1.93588
1647  -0.602405  -1.23847  -0.275405  1.40447
1648  -0.298874  -0.23937  -0.889021  0.967978
1649  -0.270075  0.76937  -0.188802  0.836968
1650  -0.270075  0.76937  -0.188802  0.836968
1651  -0.270075  0.76937  -0.188802  0.836968
1652  0.813082  -0.138118  -1.27856  1.52148
1653  0.813082  -0.138118  -1.27856  1.52148
1654  0.813082  -0.138118  -1.27856  1.52148
1655  0.21874  0.569061  -0.777181  0.987768
1656  -0.00265595  0.920392  0.303778  0.969232
1657  0.81672  0.529369  1.43862  1.73692
1658  0.81672  0.529369  1.43862  1.73692
1659  0.81672  0.529369  1.43862  1.73692
1660  2.02731  0.437932  2.64684  3.36267
1661  2.02731  0.437932  2.64684  3.36267
1662  2.80719  0.671555  2.35004  3.7221
1663  2.80719  0.671555  2.35004  3.7221
1664  1.58673  1.6059  3.52901  4.18934
1665  1.27105  1.55822  3.83854  4.33336
1666  1.76796  2.02873  3.54106  4.44753
1667  1.76796  2.02873  3.54106  4.44753
1668  1.76796  2.02873  3.54106  4.44753
1669  2.56729  1.43767  3.92004  4.90149
1670  2.56729  1.43767  3.92004  4.90149
1671  2.56729  1.43767  3.92004  4.90149
1672  3.56427  1.10295  3.48802  5.10752
1673  3.56427  1.10295  3.48802  5.10752
1674  3.08922  2.22265  2.96234  4.82275
1675  3.08922  2.22265  2.96234  4.82275
1676  2.13633  3.4412  2.80625  4.92756
1677  2.48491  3.24121  2.34282  4.7084
1678  1.82616  3.85602  2.89685  5.15708
1679  1.09407  4.8614  1.79931  5.2979
1680  1.09407  4.8614  1.79931  5.2979
1681  1.09407  4.8614  1.79931  5.2979
1682  0.916219  4.72159  0.762715  4.86977
1683  0.595531  4.25215  1.6155  4.58751
1684  0.595531  4.25215  1.6155  4.58751
1685  0.595531  4.25215  1.6155  4.58751
1686  1.46073  4.10275  0.697648  4.41056
1687  1.46073  4.10275  0.697648  4.41056
1688  0.264955  4.36205  0.18889  4.37417
1689  1.49461  4.71807  -0.208728  4.95354
1690  1.36826  5.32346  0.240955  5.50177
1691  1.36826  5.32346  0.240955  5.50177
1692  1.29194  5.72329  -0.729547  5.91248
1693  1.29194  5.72329  -0.729547  5.91248
1694  0.936368  4.98984  -1.40323  5.26729
1695  -0.268954  3.91528  -1.37685  4.15903
1696  -0.530416  3.81954  -1.22701  4.0467
1697  -1.57751  3.13307  -1.51961  3.82281
1698  -1.57751  3.13307  -1.51961  3.82281
1699  -1.35384  4.22341  -2.24513  4.97098
1700  -1.73002  4.51413  -1.49714  5.06081
1701  -1.73219  4.10162  -1.19632  4.61031
1702  -1.73219  4.10162  -1.19632  4.61031
1703  -1.67816  4.49101  -0.754174  4.85326
1704  -2.03879  3.56891  -1.82062  4.49538
1705  -0.946222  3.88599  -0.67202  4.05559
1706  -0.373941  2.85186  -0.963121  3.03324
1707  -1.18097  1.8282  -1.37399  2.57388
1708  -1.58957  2.03715  -0.919916  2.7428
1709  -1.98132  0.846742  -0.211778  2.16505
1710  -0.966552  0.0903204  0.668863  1.17888
1711  -0.109284  -0.496925  0.961085  1.08746
1712  -0.125809  0.719178  0.796509  1.0805
1713  0.23608  0.585209  -0.105457  0.639785
1714  0.23608  0.585209  -0.105457  0.639785
1715  0.23608  0.585209  -0.105457  0.639785
1716  -0.684938  0.161689  -0.600189  0.924938
1717  -0.684938  0.161689  -0.600189  0.924938
1718  -0.856615  0.281907  -0.392875  0.983672
1719  -0.856615  0.281907  -0.392875  0.983672
1720  0.0401056  0.231719  0.573813  0.620131
1721  0.0401056  0.231719  0.573813  0.620131
1722  0.0401056  0.231719  0.573813  0.620131
1723  0.0401056  0.231719  0.573813  0.620131
1724  0.0401056  0.231719  0.573813  0.620131
1725  -0.115282  0.809736  -0.335994  0.884226
1726  0.267421  0.636475  -0.295347  0.750895
1727  0.267421  0.636475  -0.295347  0.750895
1728  0.267421  0.636475  -0.295347  0.750895
1729  1.06129  1.63731  -0.55886  2.02964
1730  1.06129  1.63731  -0.55886  2.02964
1731  1.06129  1.63731  -0.55886  2.02964
1732  1.06129  1.63731  -0.55886  2.02964
1733  1.53759  0.526709  -1.46162  2.18585
1734  1.53759  0.526709  -1.46162  2.18585
1735  1.53759  0.526709  -1.46162  2.18585
1736  1.53759  0.526709  -1.46162  2.18585
1737  1.06056  0.690259  -1.70945  2.12684
1738  0.418182  1.25397  -1.39789  1.92391
1739  0.418182  1.25397  -1.39789  1.92391
1740  1.55015  1.18419  -0.755011  2.09172
1741  1.55015  1.18419  -0.755011  2.09172
1742  0.48444  0.724861  0.159721  0.88635
1743  0.167736  0.256445  -0.479598  0.569134
1744  0.167736  0.256445  -0.479598  0.569134
1745  -0.449652  0.0337489  0.071018  0.456475
1746  -0.449652  0.0337489  0.071018  0.456475
1747  0.000457899  0.671935  0.498025  0.836376
1748  0.000457899  0.671935  0.498025  0.836376
1749  0.000457899  0.671935  0.498025  0.836376
1750  0.000457899  0.671935  0.498025  0.836376
1751  0.00753179  -0.470114  1.65229  1.71788
1752  -0.828133  -0.724835  1.77001  2.08426
1753  -0.828133  -0.724835  1.77001  2.08426
1754  -0.0836427  -0.977042  1.44203  1.74386
1755  -0.858578  -0.185007  1.83453  2.03393
1756  -0.858578  -0.185007  1.83453  2.03393
1757  -0.205665  0.971037  2.09727  2.32029
1758  -0.205665  0.971037  2.09727  2.32029
1759  0.32638  0.133791  2.66721  2.69043
1760  0.32638  0.133791  2.66721  2.69043
1761  -0.44706  0.887642  2.86081  3.02853
1762  -0.277388  0.797783  3.48731  3.58814
1763  -0.910611  0.43983  4.54453  4.65569
1764  -0.910611  0.43983  4.54453  4.65569
1765  -0.910611  0.43983  4.54453  4.65569
1766  -0.910611  0.43983  4.54453  4.65569
1767  -1.73653  -0.709765  3.71324  4.16022
1768  -1.73653  -0.709765  3.71324  4.16022
1769  -1.73653  -0.709765  3.71324  4.16022
1770  -2.29399  -1.87433  2.84707  4.10869
1771  -1.7005  -1.56745  2.98482  3.77595
1772  -1.67695  -1.44255  1.84694  2.88172
1773  -1.87653  -1.56547  0.949391  2.62172
1774  -0.643142  -0.501183  0.302302  0.869599
1775  0.41004  -0.39038  -0.734864  0.927661
1776  0.0162741  -0.857725  0.140442  0.869299
1777  0.0162741  -0.857725  0.140442  0.869299
1778  0.0162741  -0.857725  0.140442  0.869299
1779  0.0162741  -0.857725  0.140442  0.869299
1780  -0.939165  0.149378  0.578411  1.11306
1781  -1.83237  -0.064062  1.052  2.11386
1782  -1.83237  -0.064062  1.052  2.11386
1783  -2.54722  -0.0670706  0.639875  2.62722
1784  -2.29274  0.773207  0.873154  2.57233
1785  -1.30074  -0.447418  -0.102004  1.37931
1786  -1.30074  -0.447418  -0.102004  1.37931
1787  -1.30074  -0.447418  -0.102004  1.37931
1788  -1.30074  -0.447418  -0.102004  1.37931
1789  -0.439052  0.0788713  0.536096  0.697414
1790  -1.23388  1.05997  0.309218  1.65578
1791  -0.762527  0.87217  -0.282974  1.19256
1792  -0.762527  0.87217  -0.282974  1.19256
1793  -0.762527  0.87217  -0.282974  1.19256
1794  -0.762527  0.87217  -0.282974  1.19256
1795  -0.548668  -0.127802  -0.478845  0.739366
1796  0.472456  1.08307  -0.72784  1.38781
1797  0.472456  1.08307  -0.72784  1.38781
1798  1.56507  0.889268  -0.0066331  1.80008
1799  1.56507  0.889268  -0.0066331  1.80008
1800  2.53934  1.37145  0.294834  2.90104
1801  1.39166  2.3748  0.114406  2.7549
1802  1.39166  2.3748  0.114406  2.7549
1803  0.878061  1.84991  0.708162  2.16672
1804  -0.0725248  2.85076  1.2646  3.11951
1805  -0.679412  2.15916  1.61404  2.78005
1806  -1.3293  3.19741  1.99713  3.99737
1807  -0.363965  2.57877  2.53007  3.63095
1808  -0.597601  3.10027  3.2702  4.54566
1809  -0.597601  3.10027  3.2702  4.54566
1810  -0.597601  3.10027  3.2702  4.54566
1811  -0.597601  3.10027  3.2702  4.54566
1812  0.432858  4.10093  3.24053  5.24461
1813  1.06247  4.27436  2.08874  4.87461
1814  1.06247  4.27436  2.08874  4.87461
1815  2.18795  3.52162  2.26684  4.7252
1816  1.27673  3.70819  1.44259  4.17873
1817  1.5131  3.72702  1.33346  4.23771
1818  1.02016  4.51595  0.784272  4.6957
1819  1.02016  4.51595  0.784272  4.6957
1820  0.266643  3.31272  1.27938  3.56119
1821  1.15358  3.37676  0.314221  3.58217
1822  1.15358  3.37676  0.314221  3.58217
1823  1.4446  3.26254  0.954403  3.6935
1824  1.4897  3.27618  0.179565  3.60344
1825  2.38247  2.62084  0.399822  3.56438
1826  2.38247  2.62084  0.399822  3.56438
1827  2.37845  1.95989  0.326486  3.09916
1828  1.58325  1.06848  0.670794  2.02443
1829  0.714811  0.30065  0.0337091  0.776196
1830  0.45352  -0.882065  0.272402  1.02855
1831  0.45352  -0.882065  0.272402  1.02855
1832  0.45352  -0.882065  0.272402  1.02855
1833  0.45352  -0.882065  0.272402  1.02855
1834  0.45352  -0.882065  0.272402  1.02855
1835  -0.725285  -1.9148  0.10664  2.05033
1836  -1.20887  -1.31857  -0.794997  1.95756
1837  -1.20887  -1.31857  -0.794997  1.95756
1838  -1.20887  -1.31857  -0.794997  1.95756
1839  -0.68449  -1.45734  -0.895453  1.84234
1840  -0.68449  -1.45734  -0.895453  1.84234
1841  0.36598  -0.94178  -1.83858  2.09792
1842  0.36598  -0.94178  -1.83858  2.09792
1843  0.36598  -0.94178  -1.83858  2.09792
1844  -0.211254  -1.51392  -1.67499  2.26763
1845  -0.587156  -1.79684  -1.73343  2.5648
1846  -0.587156  -1.79684  -1.73343  2.5648
1847  -1.66306  -1.62257  -0.850314  2.47418
1848  -0.945037  -1.36449  -0.774288  1.83152
1849  -0.945037  -1.36449  -0.774288  1.83152
1850  -0.945037  -1.36449  -0.774288  1.83152
1851  -0.945037  -1.36449  -0.774288  1.83152
1852  -0.945037  -1.36449  -0.774288  1.83152
1853  -0.945037  -1.36449  -0.774288  1.83152
1854  -1.66823  -0.502224  -0.765403  1.90291
1855  -1.66823  -0.502224  -0.765403  1.90291
1856  -1.45619  -0.608218  0.125313  1.58307
1857  -1.49793  0.597646  0.474803  1.68119
1858  -0.641174  0.392853  -0.00376968  0.751965
1859  -0.641174  0.392853  -0.00376968  0.751965
1860  -0.641174  0.392853  -0.00376968  0.751965
1861  -0.641174  0.392853  -0.00376968  0.751965
1862  -0.641174  0.392853  -0.00376968  0.751965
1863  0.166445  0.390248  -0.187275  0.463756
1864  0.166445  0.390248  -0.187275  0.463756
1865  0.166445  0.390248  -0.187275  0.463756
1866  0.166445  0.390248  -0.187275  0.463756
1867  0.166445  0.390248  -0.187275  0.463756
1868  0.166445  0.390248  -0.187275  0.463756
1869  0.166445  0.390248  -0.187275  0.463756
1870  0.166445  0.390248  -0.187275  0.463756
1871  0.166445  0.390248  -0.187275  0.463756
1872  0.166445  0.390248  -0.187275  0.463756
1873  0.166445  0.390248  -0.187275  0.463756
1874  0.33893  -0.340958  -0.57808  0.751866
1875  -0.177287  0.814798  -0.412643  0.930376
1876  -0.177287  0.814798  -0.412643  0.930376
1877  -0.177287  0.814798  -0.412643  0.930376
1878  0.606099  -0.2506  0.392947  0.764568
1879  0.606099  -0.2506  0.392947  0.764568
1880  0.606099  -0.2506  0.392947  0.764568
1881  0.606099  -0.2506  0.392947  0.764568
1882  0.606099  -0.2506  0.392947  0.764568
1883  0.606099  -0.2506  0.392947  0.764568
1884  0.606099  -0.2506  0.392947  0.764568
1885  0.975876  0.568622  0.146394  1.1389
1886  0.975876  0.568622  0.146394  1.1389
1887  0.975876  0.568622  0.146394  1.1389
1888  0.975876  0.568622  0.146394  1.1389
1889  0.975876  0.568622  0.146394  1.1389
1890  0.975876  0.568622  0.146394  1.1389
1891  0.975876  0.568622  0.146394  1.1389
1892  0.975876  0.568622  0.146394  1.1389
1893  0.975876  0.568622  0.146394  1.1389
1894  0.975876  0.568622  0.146394  1.1389
1895  0.537682  1.16012  -0.442273  1.35299
1896  0.537682  1.16012  -0.442273  1.35299
1897  0.0341161  0.298178  -0.52017  0.600542
1898  0.0341161  0.298178  -0.52017  0.600542
1899  0.0341161  0.298178  -0.52017  0.600542
1900  -0.13687  1.41757  0.70419  1.58875
1901  -0.58721  1.65648  0.706913  1.89432
1902  -0.83794  1.68612  1.53604  2.42993
1903  0.10484  1.99204  0.61371  2.08707
1904  0.10484  1.99204  0.61371  2.08707
1905  -0.220717  1.39843  -0.362545  1.46142
1906  -1.0222  1.12853  -0.522493  1.60981
1907  -1.77872  0.168577  -0.922119  2.01061
1908  -1.32522  0.35567  -0.398956  1.42894
1909  -1.32522  0.35567  -0.398956  1.42894
1910  -1.32522  0.35567  -0.398956  1.42894
1911  -0.245091  -0.172415  -1.05856  1.10015
1912  -0.245091  -0.172415  -1.05856  1.10015
1913  -0.245091  -0.172415  -1.05856  1.10015
1914  -0.454665  -0.316749  -0.870273  1.03171
1915  -0.454665  -0.316749  -0.870273  1.03171
1916  0.0531838  -0.412107  -0.480633  0.63535
1917  0.11648  -0.413835  -1.2165  1.29023
1918  0.11648  -0.413835  -1.2165  1.29023
1919  0.11648  -0.413835  -1.2165  1.29023
1920  0.11648  -0.413835  -1.2165  1.29023
1921  -1.11467  -0.0442023  -0.783488  1.3632
1922  -1.38542  0.395846  0.297141  1.47118
1923  -0.757254  0.500473  -0.296584  0.954919
1924  -0.757254  0.500473  -0.296584  0.954919
1925  -0.757254  0.500473  -0.296584  0.954919
1926  0.224089  -0.165932  0.0581034  0.284825
1927  0.224089  -0.165932  0.0581034  0.284825
1928  0.224089  -0.165932  0.0581034  0.284825
1929  -0.11624  0.897725  0.320994  0.960447
1930  -0.11624  0.897725  0.320994  0.960447
1931  0.407289  0.156757  -0.351894  0.560613
1932  0.407289  0.156757  -0.351894  0.560613
1933  0.407289  0.156757  -0.351894  0.560613
1934  0.407289  0.156757  -0.351894  0.560613
1935  0.407289  0.156757  -0.351894  0.560613
1936  0.119858  1.13319  -0.16874  1.15194
1937  0.119858  1.13319  -0.16874  1.15194
1938  -0.139882  0.525472  0.851532  1.01034
1939  0.564917  0.219589  -0.312772  0.682039
1940  0.678579  0.899492  0.055903  1.12813
1941  0.3435  -0.0178097  0.420228  0.543048
1942  0.861838  -0.959543  -0.37317  1.34266
1943  0.861838  -0.959543  -0.37317  1.34266
1944  0.158102  -0.938565  -0.598248  1.12419
1945  0.60905  0.0787852  0.185513  0.641533
1946  0.036342  0.576796  -0.27278  0.639079
1947  0.036342  0.576796  -0.27278  0.639079
1948  0.036342  0.576796  -0.27278  0.639079
1949  -0.848526  0.494846  -0.108952  0.988302
1950  -0.848526  0.494846  -0.108952  0.988302
1951  -0.848526  0.494846  -0.108952  0.988302
1952  0.21536  1.15056  -1.18089  1.66273
1953  0.21536  1.15056  -1.18089  1.66273
1954  -0.0699293  0.991864  -0.809627  1.28226
1955  -0.0699293  0.991864  -0.809627  1.28226
1956  -0.0699293  0.991864  -0.809627  1.28226
1957  -0.964579  0.372704  -0.0436752  1.035
1958  -0.964579  0.372704  -0.0436752  1.035
1959  -0.229116  0.614788  -0.886916  1.10321
1960  0.405525  1.33535  -0.305147  1.42854
1961  0.405525  1.33535  -0.305147  1.42854
1962  0.405525  1.33535  -0.305147  1.42854
1963  0.379795  1.39594  0.301874  1.47784
1964  -0.682801  2.59166  0.929321  2.83665
1965  -0.682801  2.59166  0.929321  2.83665
1966  -0.827155  2.7117  1.88086  3.40223
1967  -1.94733  2.47079  1.38168  3.43598
1968  -0.965818  2.40704  0.401306  2.62444
1969  -0.191073  3.58292  -0.247075  3.59651
1970  0.970719  3.32369  -1.33067  3.70943
1971  2.03792  2.76269  -1.32738  3.68069
1972  2.03792  2.76269  -1.32738  3.68069
1973  2.03792  2.76269  -1.32738  3.68069
1974  2.03792  2.76269  -1.32738  3.68069
1975  2.36881  1.61212  -2.29177  3.66911
1976  3.29088  0.443412  -1.1017  3.49861
1977  2.79482  0.902586  -1.63689  3.36231
1978  2.373  1.77015  -1.04883  3.1408
1979  1.58744  2.66493  0.140963  3.1051
1980  1.58744  2.66493  0.140963  3.1051
1981  1.58744  2.66493  0.140963  3.1051
1982  1.58744  2.66493  0.140963  3.1051
1983  0.59027  3.89152  0.772567  4.01113
1984  0.687647  4.67981  -0.277316  4.73818
1985  1.79407  3.98779  -0.4523  4.3961
1986  2.35126  2.77892  -0.811574  3.72954
1987  2.35126  2.77892  -0.811574  3.72954
1988  2.77589  2.85718  -1.88836  4.40851
1989  2.05851  2.34365  -2.15604  3.79192
1990  1.43584  1.674  -2.82598  3.5847
1991  2.66634  1.75101  -2.96436  4.35463
1992  2.66634  1.75101  -2.96436  4.35463
1993  2.65495  1.25895  -2.53318  3.87953
1994  2.65495  1.25895  -2.53318  3.87953
1995  2.3303  2.05134  -1.58155  3.48419
1996  1.35781  1.74253  -2.26134  3.16128
1997  0.765013  1.30354  -1.77498  2.33131
1998  0.765013  1.30354  -1.77498  2.33131
1999  1.45551  1.03442  -2.68778  3.22687
2000  1.73986  -0.0428411  -2.19442  2.80079
