0 0  0  5.5  5.5
1  0  0  5.5  5.5
2  -0.134566  0.422387  6.70557  6.72021
3  0.782825  2.80663  5.94997  6.62511
4  2.40599  -0.00907942  3.99972  4.66761
5  1.10788  0.260565  1.16145  1.62612
6  1.10788  0.260565  1.16145  1.62612
7  1.10788  0.260565  1.16145  1.62612
8  -0.31571  -1.27254  0.995615  1.64629
9  0.37113  -0.799385  -1.45074  1.69746
10  2.9105  0.694439  -1.43981  3.32059
11  2.9105  0.694439  -1.43981  3.32059
12  2.9105  0.694439  -1.43981  3.32059
13  3.36484  2.69367  -4.06958  5.92786
14  3.36484  2.69367  -4.06958  5.92786
15  5.82771  5.28013  -2.22746  8.17335
16  3.67448  2.65459  -0.972534  4.63621
17  6.52907  2.06084  -2.30876  7.22539
18  6.7534  0.780135  -2.41736  7.2153
19  5.07594  -2.05485  -4.68554  7.20707
20  3.65902  -4.16885  -2.32024  6.01259
21  2.12785  -2.21844  -0.857471  3.19131
22  2.12785  -2.21844  -0.857471  3.19131
23  1.53933  -3.23651  2.00291  4.10563
24  1.53933  -3.23651  2.00291  4.10563
25  1.98634  -1.15673  3.18872  3.93084
26  1.98634  -1.15673  3.18872  3.93084
27  4.23205  -2.38906  4.84643  6.86337
28  6.17378  -0.265495  6.24947  8.78874
29  4.76513  1.83191  6.53053  8.28916
30  4.76513  1.83191  6.53053  8.28916
31  3.83395  3.36097  3.8223  6.37223
32  2.14716  3.33914  5.81269  7.039
33  -0.460209  0.856706  3.38372  3.52069
34  -0.460209  0.856706  3.38372  3.52069
35  -0.803946  3.42411  5.83067  6.80937
36  -0.803946  3.42411  5.83067  6.80937
37  1.10282  4.28336  3.99277  5.95866
38  -1.48388  2.11857  1.12897  2.8222
39  -1.48388  2.11857  1.12897  2.8222
40  -1.48388  2.11857  1.12897  2.8222
41  -0.905243  0.639445  2.64783  2.87043
42  -0.929884  2.91788  1.81875  3.56182
43  0.796997  1.63516  3.63595  4.0656
44  0.796997  1.63516  3.63595  4.0656
45  0.796997  1.63516  3.63595  4.0656
46  0.796997  1.63516  3.63595  4.0656
47  0.796997  1.63516  3.63595  4.0656
48  0.796997  1.63516  3.63595  4.0656
49  0.796997  1.63516  3.63595  4.0656
50  1.49168  -0.424603  3.86353  4.1632
51  1.72778  -1.15634  4.82133  5.25048
52  -0.137367  -4.04594  4.38607  5.96876
53  -0.137367  -4.04594  4.38607  5.96876
54  -0.0630291  -4.226  4.50548  6.17757
55  -2.692  -3.8219  6.87958  8.3176
56  -3.91177  -3.268  5.27231  7.33342
57  -3.91177  -3.268  5.27231  7.33342
58  -6.0922  -2.31211  4.36356  7.84229
59  -6.0922  -2.31211  4.36356  7.84229
60  -6.0922  -2.31211  4.36356  7.84229
61  -6.0922  -2.31211  4.36356  7.84229
62  -6.0922  -2.31211  4.36356  7.84229
63  -5.46513  -0.571534  3.12157  6.31969
64  -6.54252  -0.614937  4.51641  7.97375
65  -6.54252  -0.614937  4.51641  7.97375
66  -6.17091  -2.43114  5.49982  8.61618
67  -6.17091  -2.43114  5.49982  8.61618
68  -6.55451  -1.47919  5.54208  8.71001
69  -6.55451  -1.47919  5.54208  8.71001
70  -6.55451  -1.47919  5.54208  8.71001
71  -6.55451  -1.47919  5.54208  8.71001
72  -4.93976  -0.538511  3.27944  5.95365
73  -4.34751  -1.19222  3.6782  5.8182
74  -2.91234  -0.518618  5.42998  6.18347
75  -2.91234  -0.518618  5.42998  6.18347
76  -2.91234  -0.518618  5.42998  6.18347
77  -2.91234  -0.518618  5.42998  6.18347
78  -3.47705  -1.17542  3.48706  5.06271
79  -1.2717  -2.29473  1.38919  2.96865
80  0.978578  -0.963032  2.41337  2.77658
81  3.05452  1.49462  3.2079  4.67489
82  2.51439  -1.15033  5.41837  6.0831
83  2.51439  -1.15033  5.41837  6.0831
84  2.51439  -1.15033  5.41837  6.0831
85  2.51439  -1.15033  5.41837  6.0831
86  0.169233  -2.45465  3.37425  4.17607
87  0.169233  -2.45465  3.37425  4.17607
88  0.666903  -0.0984163  1.86321  1.98141
89  0.666903  -0.0984163  1.86321  1.98141
90  0.666903  -0.0984163  1.86321  1.98141
91  0.666903  -0.0984163  1.86321  1.98141
92  0.666903  -0.0984163  1.86321  1.98141
93  0.423132  1.94679  2.98371  3.5877
94  2.9181  2.33314  3.23194  4.94007
95  2.9181  2.33314  3.23194  4.94007
96  2.9181  2.33314  3.23194  4.94007
97  0.587389  3.93568  2.92269  4.93728
98  1.87893  3.44304  2.98212  4.92727
99  1.87893  3.44304  2.98212  4.92727
100  1.87893  3.44304  2.98212  4.92727
101  0.352395  5.11176  5.37525  7.42614
102  -1.46107  2.73708  8.09998  8.67386
103  0.53112  3.11323  5.24146  6.11941
104  1.6268  2.78947  6.25818  7.04219
105  1.6268  2.78947  6.25818  7.04219
106  1.6268  2.78947  6.25818  7.04219
107  4.55245  2.67998  4.90179  7.20657
108  4.55245  2.67998  4.90179  7.20657
109  4.89259  0.547544  2.44959  5.49888
110  2.40143  2.81577  1.64331  4.04918
111  1.04321  1.43878  2.61969  3.16562
112  1.04321  1.43878  2.61969  3.16562
113  1.04321  1.43878  2.61969  3.16562
114  1.04321  1.43878  2.61969  3.16562
115  1.8403  0.801129  2.6912  3.35725
116  1.8403  0.801129  2.6912  3.35725
117  1.8403  0.801129  2.6912  3.35725
118  1.8403  0.801129  2.6912  3.35725
119  1.81037  3.09962  3.79936  5.22687
120  1.70637  1.73161  4.55069  5.15936
121  2.47214  1.75742  1.99755  3.63183
122  2.47214  1.75742  1.99755  3.63183
123  2.47214  1.75742  1.99755  3.63183
124  2.47214  1.75742  1.99755  3.63183
125  2.47214  1.75742  1.99755  3.63183
126  1.3604  1.0229  3.68738  4.06125
127  -0.149385  -1.02052  4.87971  4.98752
128  -0.664667  -1.09297  4.24563  4.43415
129  -0.664667  -1.09297  4.24563  4.43415
130  -0.664667  -1.09297  4.24563  4.43415
131  0.295642  -0.24649  4.86358  4.87878
132  1.43411  1.45497  2.37116  3.12986
133  1.43411  1.45497  2.37116  3.12986
134  1.43411  1.45497  2.37116  3.12986
135  1.43411  1.45497  2.37116  3.12986
136  1.43411  1.45497  2.37116  3.12986
137  1.43411  1.45497  2.37116  3.12986
138  4.20937  3.14535  2.78569  5.94745
139  1.64832  5.78276  4.79516  7.69096
140  -0.9051  5.93007  3.23264  6.81432
141  -0.9051  5.93007  3.23264  6.81432
142  -0.135359  3.43533  3.90218  5.20065
143  0.0729273  1.00003  1.11268  1.49781
144  0.0729273  1.00003  1.11268  1.49781
145  2.61778  -1.24047  3.72554  4.71923
146  3.27261  -2.93236  3.29077  5.4898
147  3.27261  -2.93236  3.29077  5.4898
148  3.70536  -2.79217  2.65549  5.34579
149  3.77161  -2.70736  4.15915  6.23325
150  2.62532  -1.43659  3.44249  4.56145
151  1.02339  1.45497  1.81137  2.53876
152  -0.878113  1.76277  2.84468  3.45986
153  -3.21717  1.68128  2.42827  4.36731
154  -3.21717  1.68128  2.42827  4.36731
155  -3.21717  1.68128  2.42827  4.36731
156  -3.21717  1.68128  2.42827  4.36731
157  -2.21982  -0.358797  1.17521  2.53721
158  -0.616756  1.18112  1.60889  2.08901
159  -0.616756  1.18112  1.60889  2.08901
160  -0.535956  1.13382  4.04371  4.23372
161  -0.535956  1.13382  4.04371  4.23372
162  0.485533  0.598937  4.35997  4.42761
163  0.485533  0.598937  4.35997  4.42761
164  0.485533  0.598937  4.35997  4.42761
165  0.485533  0.598937  4.35997  4.42761
166  0.485533  0.598937  4.35997  4.42761
167  0.485533  0.598937  4.35997  4.42761
168  0.485533  0.598937  4.35997  4.42761
169  3.16713  2.83539  4.92876  6.50867
170  4.38299  2.06272  2.96946  5.68183
171  4.38299  2.06272  2.96946  5.68183
172  4.38299  2.06272  2.96946  5.68183
173  3.18879  2.37449  4.04653  5.67283
174  3.18879  2.37449  4.04653  5.67283
175  2.7701  -0.442984  3.77817  4.70577
176  3.43814  -3.2966  5.61486  7.36309
177  2.83401  -1.32493  8.05815  8.64412
178  1.77546  -3.63435  6.0881  7.30929
179  1.77546  -3.63435  6.0881  7.30929
180  1.77546  -3.63435  6.0881  7.30929
181  0.517396  -5.92327  3.77978  7.04554
182  0.517396  -5.92327  3.77978  7.04554
183  -1.97844  -4.67163  4.95774  7.09348
184  -1.97844  -4.67163  4.95774  7.09348
185  -1.97844  -4.67163  4.95774  7.09348
186  -1.50095  -3.65423  3.91389  5.561
187  -1.50095  -3.65423  3.91389  5.561
188  -1.50095  -3.65423  3.91389  5.561
189  -0.188042  -2.17369  5.29119  5.72337
190  -0.188042  -2.17369  5.29119  5.72337
191  -0.268771  0.415196  6.77049  6.78853
192  -2.26068  -2.14541  4.05763  5.11643
193  -2.26068  -2.14541  4.05763  5.11643
194  -2.10279  0.253043  5.81879  6.19226
195  -2.10279  0.253043  5.81879  6.19226
196  -2.10279  0.253043  5.81879  6.19226
197  -2.10279  0.253043  5.81879  6.19226
198  -2.29807  -0.839711  5.12815  5.68192
199  -0.973276  -2.61532  4.18068  5.02646
200  0.19841  -2.0717  1.7088  2.69282
201  1.21803  -2.2298  3.27568  4.14556
202  -0.186052  -1.11929  3.24693  3.43947
203  1.38145  1.43909  4.0098  4.4786
204  1.38145  1.43909  4.0098  4.4786
205  1.38145  1.43909  4.0098  4.4786
206  1.38145  1.43909  4.0098  4.4786
207  1.38145  1.43909  4.0098  4.4786
208  1.38145  1.43909  4.0098  4.4786
209  1.38145  1.43909  4.0098  4.4786
210  1.38145  1.43909  4.0098  4.4786
211  0.379519  1.34949  6.41187  6.56333
212  0.379519  1.34949  6.41187  6.56333
213  3.00885  2.55596  4.97418  6.35048
214  4.7122  0.66493  4.11579  6.2918
215  4.7122  0.66493  4.11579  6.2918
216  4.7122  0.66493  4.11579  6.2918
217  5.51872  0.259471  4.84924  7.35111
218  5.51872  0.259471  4.84924  7.35111
219  5.51872  0.259471  4.84924  7.35111
220  5.51872  0.259471  4.84924  7.35111
221  5.51872  0.259471  4.84924  7.35111
222  3.34262  0.925184  3.90174  5.22041
223  0.792891  1.32588  2.23459  2.71662
224  0.792891  1.32588  2.23459  2.71662
225  -1.16243  -0.794089  4.68987  4.8966
226  -1.14882  1.48104  3.40823  3.88964
227  -1.14882  1.48104  3.40823  3.88964
228  -1.14882  1.48104  3.40823  3.88964
229  -0.988319  2.14293  2.83447  3.68825
230  -0.988319  2.14293  2.83447  3.68825
231  -0.988319  2.14293  2.83447  3.68825
232  -0.988319  2.14293  2.83447  3.68825
233  -0.988319  2.14293  2.83447  3.68825
234  -0.488172  0.384745  4.48653  4.52938
235  -0.168242  2.53581  3.04841  3.96881
236  1.89508  1.66768  3.49139  4.3084
237  1.36452  1.81191  1.58413  2.76666
238  1.36452  1.81191  1.58413  2.76666
239  -1.37439  3.33253  3.18758  4.812
240  0.895953  1.06235  2.5933  2.9422
241  0.895953  1.06235  2.5933  2.9422
242  0.895953  1.06235  2.5933  2.9422
243  0.895953  1.06235  2.5933  2.9422
244  0.895953  1.06235  2.5933  2.9422
245  1.46904  3.76769  1.96848  4.49761
246  1.46904  3.76769  1.96848  4.49761
247  1.46904  3.76769  1.96848  4.49761
248  0.527371  2.44822  3.366  4.19546
249  0.527371  2.44822  3.366  4.19546
250  0.527371  2.44822  3.366  4.19546
251  0.527371  2.44822  3.366  4.19546
252  1.27533  -0.29862  0.593008  1.43781
253  1.76582  -2.26364  1.09091  3.0712
254  0.679729  -0.387312  -1.68332  1.85623
255  0.679729  -0.387312  -1.68332  1.85623
256  -0.933301  -0.403287  -1.06805  1.47459
257  -2.40505  1.29204  -2.84968  3.94643
258  -2.40505  1.29204  -2.84968  3.94643
259  -0.587826  -1.45831  -1.57025  2.22213
260  -0.587826  -1.45831  -1.57025  2.22213
261  -0.587826  -1.45831  -1.57025  2.22213
262  1.70983  -3.67742  -3.12725  5.12119
263  3.72319  -1.51616  -5.37621  6.71301
264  3.72319  -1.51616  -5.37621  6.71301
265  6.55994  0.0601632  -2.51034  7.02412
266  6.55994  0.0601632  -2.51034  7.02412
267  5.68751  1.93586  -4.48559  7.49772
268  2.74961  3.10519  -6.72528  7.90139
269  0.999293  0.856989  -4.73971  4.91913
270  1.52442  -1.41937  -2.30794  3.10887
271  2.18608  -2.04049  -2.96708  4.21261
272  2.18608  -2.04049  -2.96708  4.21261
273  2.06197  0.134054  -5.73096  6.09209
274  0.0374234  -1.82345  -3.01342  3.52237
275  -1.53174  0.175326  -3.74143  4.04663
276  -1.53174  0.175326  -3.74143  4.04663
277  -1.53174  0.175326  -3.74143  4.04663
278  -1.53174  0.175326  -3.74143  4.04663
279  -1.53174  0.175326  -3.74143  4.04663
280  -1.53174  0.175326  -3.74143  4.04663
281  -1.53174  0.175326  -3.74143  4.04663
282  -1.53174  0.175326  -3.74143  4.04663
283  -1.53174  0.175326  -3.74143  4.04663
284  -1.53174  0.175326  -3.74143  4.04663
285  -0.645137  -0.179383  -1.36137  1.51714
286  -0.645137  -0.179383  -1.36137  1.51714
287  0.0261622  -1.0566  -1.60538  1.92207
288  0.330965  -0.753783  0.934282  1.24523
289  2.91912  -1.14347  -1.3474  3.41237
290  2.71082  1.5845  -3.98014  5.06959
291  2.84192  2.22138  -2.71647  4.51555
292  2.84192  2.22138  -2.71647  4.51555
293  0.122754  2.54413  -0.465029  2.58919
294  -1.21197  5.43817  2.15212  5.97278
295  -1.21197  5.43817  2.15212  5.97278
296  -1.21197  5.43817  2.15212  5.97278
297  1.05245  4.38599  4.5439  6.40247
298  1.05245  4.38599  4.5439  6.40247
299  1.05245  4.38599  4.5439  6.40247
300  3.38731  5.19655  6.24726  8.80376
301  1.7399  4.57057  4.25068  6.47964
302  1.7399  4.57057  4.25068  6.47964
303  -0.168749  5.66483  2.18442  6.07375
304  0.595708  2.94627  3.61378  4.70051
305  1.72655  0.539768  3.06382  3.55799
306  1.57427  1.29339  2.59257  3.29736
307  1.57427  1.29339  2.59257  3.29736
308  1.57427  1.29339  2.59257  3.29736
309  -1.24262  -0.190678  4.61897  4.787
310  1.24727  -0.96504  3.50326  3.84185
311  1.24727  -0.96504  3.50326  3.84185
312  -0.586325  -0.021601  5.79004  5.81969
313  -0.586325  -0.021601  5.79004  5.81969
314  0.460495  0.811019  5.24076  5.3231
315  2.44589  1.44878  5.71377  6.38189
316  2.44589  1.44878  5.71377  6.38189
317  2.44589  1.44878  5.71377  6.38189
318  2.44589  1.44878  5.71377  6.38189
319  2.44589  1.44878  5.71377  6.38189
320  4.6072  1.07865  4.29341  6.3893
321  4.6072  1.07865  4.29341  6.3893
322  2.91929  0.786417  2.30153  3.7997
323  2.91929  0.786417  2.30153  3.7997
324  2.64551  -1.30011  1.34778  3.24122
325  2.64551  -1.30011  1.34778  3.24122
326  0.553218  -0.81014  3.84734  3.97044
327  0.925683  0.542145  3.71744  3.86913
328  -1.04265  -1.5808  4.9225  5.27418
329  -1.04265  -1.5808  4.9225  5.27418
330  1.40735  -0.619725  5.01754  5.2479
331  1.40735  -0.619725  5.01754  5.2479
332  0.592233  1.93813  5.09822  5.48625
333  3.20897  1.15542  4.75159  5.84894
334  3.20897  1.15542  4.75159  5.84894
335  3.20897  1.15542  4.75159  5.84894
336  0.836012  0.695348  4.8086  4.93002
337  0.836012  0.695348  4.8086  4.93002
338  0.836012  0.695348  4.8086  4.93002
339  0.140082  0.412279  5.70418  5.72077
340  0.773356  -2.49605  3.57975  4.43204
341  -1.10063  -2.11726  5.9964  6.45376
342  -1.10063  -2.11726  5.9964  6.45376
343  -2.89197  -4.06087  5.21035  7.21124
344  -2.89197  -4.06087  5.21035  7.21124
345  -2.82749  -1.21083  2.97046  4.27603
346  -2.54122  0.38361  1.84744  3.16512
347  -0.641472  2.67085  2.46147  3.68832
348  -0.641472  2.67085  2.46147  3.68832
349  -0.641472  2.67085  2.46147  3.68832
350  -1.84572  0.216928  4.61969  4.97949
351  -0.595693  0.149301  5.34247  5.37765
352  0.153577  2.33875  2.78267  3.63822
353  0.153577  2.33875  2.78267  3.63822
354  -1.42364  -0.198066  4.39723  4.62619
355  -1.42364  -0.198066  4.39723  4.62619
356  -1.42364  -0.198066  4.39723  4.62619
357  -1.42364  -0.198066  4.39723  4.62619
358  -2.02297  -2.3078  5.49911  6.29751
359  -2.02297  -2.3078  5.49911  6.29751
360  -0.303485  -0.407402  6.46306  6.48299
361  -0.0385979  -3.28074  5.27413  6.21137
362  -0.0385979  -3.28074  5.27413  6.21137
363  -0.571134  -4.23162  6.92197  8.13305
364  -0.571134  -4.23162  6.92197  8.13305
365  -0.571134  -4.23162  6.92197  8.13305
366  -0.712174  -2.76857  6.49273  7.0942
367  -0.712174  -2.76857  6.49273  7.0942
368  -0.712174  -2.76857  6.49273  7.0942
369  -0.712174  -2.76857  6.49273  7.0942
370  2.09575  -0.949754  9.20468  9.4879
371  2.09575  -0.949754  9.20468  9.4879
372  0.541947  0.8445  7.72551  7.7904
373  1.8955  3.69695  5.37348  6.79225
374  1.8955  3.69695  5.37348  6.79225
375  1.8955  3.69695  5.37348  6.79225
376  1.8955  3.69695  5.37348  6.79225
377  1.8955  3.69695  5.37348  6.79225
378  1.8955  3.69695  5.37348  6.79225
379  1.8955  3.69695  5.37348  6.79225
380  3.76667  6.43769  3.07276  8.06682
381  1.46163  8.31851  3.29165  9.06471
382  1.46163  8.31851  3.29165  9.06471
383  1.5933  6.50134  3.42222  7.51782
384  1.5933  6.50134  3.42222  7.51782
385  1.5445  8.02139  5.23249  9.70088
386  1.5445  8.02139  5.23249  9.70088
387  1.87273  7.77184  2.78966  8.46704
388  1.87273  7.77184  2.78966  8.46704
389  -0.121254  5.89482  4.52233  7.43068
390  -0.121254  5.89482  4.52233  7.43068
391  -0.121254  5.89482  4.52233  7.43068
392  -2.79854  4.73806  4.59797  7.17094
393  -2.85437  3.29186  2.60668  5.07726
394  -2.85437  3.29186  2.60668  5.07726
395  -1.65772  1.97541  3.06818  4.00799
396  -1.65772  1.97541  3.06818  4.00799
397  0.490591  0.5198  1.83168  1.9662
398  0.490591  0.5198  1.83168  1.9662
399  0.490591  0.5198  1.83168  1.9662
400  -1.99737  -0.549437  3.71427  4.2529
401  -0.923964  -2.23064  2.22879  3.28587
402  -0.923964  -2.23064  2.22879  3.28587
403  -0.923964  -2.23064  2.22879  3.28587
404  -0.923964  -2.23064  2.22879  3.28587
405  0.998732  -0.721953  4.26639  4.44081
406  2.4846  -3.02821  7.0103  8.03042
407  0.621794  -4.12903  6.90279  8.06747
408  -2.05912  -5.20218  5.34241  7.73589
409  0.712933  -3.47843  5.83128  6.82727
410  -1.64587  -2.31886  7.02613  7.57975
411  -1.64587  -2.31886  7.02613  7.57975
412  -3.34563  -1.37623  6.75482  7.66256
413  -3.34563  -1.37623  6.75482  7.66256
414  -6.09237  -0.199546  5.86164  8.45669
415  -8.06101  -1.50771  5.916  10.112
416  -8.51619  0.748125  4.37555  9.60368
417  -6.89428  0.846932  4.25709  8.14685
418  -4.61724  3.45624  6.679  8.8246
419  -2.99419  4.98138  5.22233  7.81357
420  -2.99419  4.98138  5.22233  7.81357
421  -2.99419  4.98138  5.22233  7.81357
422  -1.42996  4.66977  5.81442  7.59335
423  -0.785306  4.39809  7.10479  8.39273
424  0.557962  3.64595  7.48571  8.34507
425  0.557962  3.64595  7.48571  8.34507
426  3.27961  3.1261  7.0637  8.39191
427  3.27961  3.1261  7.0637  8.39191
428  4.35245  1.71097  7.09783  8.50003
429  4.35245  1.71097  7.09783  8.50003
430  2.34643  1.49623  6.12785  6.73015
431  0.24537  -0.0965253  5.26437  5.27097
432  1.58612  1.20234  2.84239  3.46996
433  0.405974  1.61055  3.28289  3.67914
434  0.405974  1.61055  3.28289  3.67914
435  0.405974  1.61055  3.28289  3.67914
436  2.11376  0.614492  3.27372  3.94497
437  0.819156  1.52675  3.69256  4.07885
438  -1.14454  -0.879973  5.81654  5.99303
439  -0.89884  -1.29175  7.5675  7.7294
440  -2.09089  -1.18538  10.0187  10.303
441  -1.70762  -3.5903  9.41649  10.2214
442  -1.70762  -3.5903  9.41649  10.2214
443  -1.70762  -3.5903  9.41649  10.2214
444  0.0288959  -1.11523  8.22217  8.29751
445  -2.89811  -3.22786  6.98588  8.22317
446  -2.89811  -3.22786  6.98588  8.22317
447  -5.38919  -1.49717  7.54765  9.39425
448  -2.86447  -2.51588  8.74493  9.53985
449  -3.32137  -0.554008  6.19069  7.04721
450  -0.431166  -2.04585  3.44771  4.03214
451  1.61644  -1.60278  2.64731  3.49142
452  0.199827  -2.64658  0.436793  2.68981
453  -1.47605  -2.22939  2.34867  3.55881
454  -2.99412  -0.424398  3.56357  4.67374
455  -0.808186  1.49935  0.843533  1.90073
456  1.48962  0.135032  -1.13578  1.87809
457  1.48962  0.135032  -1.13578  1.87809
458  -0.758725  -1.88926  -2.19476  2.99365
459  -0.758725  -1.88926  -2.19476  2.99365
460  -1.34293  -0.647989  -1.95113  2.45566
461  -1.34293  -0.647989  -1.95113  2.45566
462  -1.34293  -0.647989  -1.95113  2.45566
463  -1.34293  -0.647989  -1.95113  2.45566
464  -1.34293  -0.647989  -1.95113  2.45566
465  -0.350816  -1.29058  -1.82937  2.26612
466  -0.350816  -1.29058  -1.82937  2.26612
467  -0.350816  -1.29058  -1.82937  2.26612
468  0.235207  -2.81377  -3.83298  4.76071
469  -0.598721  -0.320339  -0.934517  1.15516
470  -0.598721  -0.320339  -0.934517  1.15516
471  -1.33237  0.0611328  -1.36186  1.9062
472  -1.33237  0.0611328  -1.36186  1.9062
473  -1.10612  -0.926683  -2.5604  2.93903
474  -1.10612  -0.926683  -2.5604  2.93903
475  -1.10612  -0.926683  -2.5604  2.93903
476  -1.10612  -0.926683  -2.5604  2.93903
477  -3.86635  -3.24591  -1.38194  5.23396
478  -5.98984  -0.474335  1.55023  6.20536
479  -5.98984  -0.474335  1.55023  6.20536
480  -5.98984  -0.474335  1.55023  6.20536
481  -8.16617  -0.463151  2.23816  8.47999
482  -5.65829  0.400723  2.11925  6.05541
483  -5.65829  0.400723  2.11925  6.05541
484  -5.34354  -1.91953  4.58514  7.29805
485  -5.34354  -1.91953  4.58514  7.29805
486  -5.34354  -1.91953  4.58514  7.29805
487  -5.42093  -1.07133  6.11147  8.23919
488  -5.42093  -1.07133  6.11147  8.23919
489  -7.51231  0.780213  6.19665  9.76944
490  -8.219  -0.0526173  3.42827  8.90549
491  -7.99026  0.491778  2.31783  8.33417
492  -8.09146  -1.85222  4.50325  9.44361
493  -10.8553  -1.18865  6.81015  12.8697
494  -8.7754  -0.712802  9.44628  12.9131
495  -6.62391  -0.421081  8.89826  11.101
496  -4.10042  1.65958  9.67159  10.6352
497  -4.10042  1.65958  9.67159  10.6352
498  -4.10042  1.65958  9.67159  10.6352
499  -2.43956  0.803626  12.2351  12.5018
500  -0.294288  -1.8111  9.53921  9.71407
501  0.324809  -3.51066  9.19349  9.84635
502  -0.703889  -3.02967  8.55415  9.10208
503  -0.259545  -3.64016  7.16685  8.04251
504  1.7176  -1.8624  5.27033  5.84766
505  3.24825  -0.16834  4.74043  5.74901
506  3.24825  -0.16834  4.74043  5.74901
507  3.24825  -0.16834  4.74043  5.74901
508  3.24825  -0.16834  4.74043  5.74901
509  1.41966  -1.85902  5.89198  6.33931
510  3.28501  -3.33779  4.51831  6.50748
511  5.61415  -5.30657  5.78993  9.6541
512  5.61415  -5.30657  5.78993  9.6541
513  5.61415  -5.30657  5.78993  9.6541
514  6.47641  -6.41588  4.93522  10.3665
515  6.24109  -4.42656  4.49594  8.87463
516  3.44659  -5.86926  6.48361  9.40023
517  4.60882  -3.3739  4.63876  7.35816
518  4.60882  -3.3739  4.63876  7.35816
519  4.60882  -3.3739  4.63876  7.35816
520  4.60882  -3.3739  4.63876  7.35816
521  4.88164  -4.42206  2.2222  6.95149
522  4.88164  -4.42206  2.2222  6.95149
523  4.88164  -4.42206  2.2222  6.95149
524  2.61581  -5.8389  3.12686  7.12127
525  2.61581  -5.8389  3.12686  7.12127
526  2.61581  -5.8389  3.12686  7.12127
527  0.426412  -4.93695  4.81684  6.91066
528  -1.24261  -5.72566  6.11728  8.47044
529  -1.24261  -5.72566  6.11728  8.47044
530  0.762864  -6.62393  6.18529  9.09485
531  0.762864  -6.62393  6.18529  9.09485
532  0.853925  -7.82335  4.12771  8.88662
533  0.853925  -7.82335  4.12771  8.88662
534  -0.853037  -6.01165  7.01085  9.27468
535  1.99539  -3.78869  5.28797  6.80429
536  1.99539  -3.78869  5.28797  6.80429
537  0.746181  -6.3444  4.30016  7.70062
538  0.746181  -6.3444  4.30016  7.70062
539  -2.13039  -4.1685  4.26094  6.33013
540  -3.8185  -3.44084  5.10037  7.24114
541  -1.94789  -5.12143  5.07642  7.4695
542  -1.67865  -5.15273  7.99925  9.66211
543  -1.30254  -3.47161  6.91471  7.84614
544  0.54915  -2.12882  4.10505  4.6567
545  0.54915  -2.12882  4.10505  4.6567
546  -0.878912  -1.83544  1.43896  2.49237
547  -2.36574  -0.785787  3.44222  4.25007
548  -2.36574  -0.785787  3.44222  4.25007
549  -2.36574  -0.785787  3.44222  4.25007
550  -2.36574  -0.785787  3.44222  4.25007
551  -2.36574  -0.785787  3.44222  4.25007
552  -2.36574  -0.785787  3.44222  4.25007
553  -2.36574  -0.785787  3.44222  4.25007
554  -2.36574  -0.785787  3.44222  4.25007
555  -1.45752  1.60303  3.89346  4.45568
556  -1.45752  1.60303  3.89346  4.45568
557  -1.45752  1.60303  3.89346  4.45568
558  -1.45752  1.60303  3.89346  4.45568
559  1.0074  1.425  6.64531  6.87064
560  -0.193417  1.76766  3.80906  4.20368
561  -0.193417  1.76766  3.80906  4.20368
562  2.25506  2.28306  2.99638  4.39044
563  3.09152  -0.24478  2.48408  3.97342
564  2.14423  -1.15699  5.1306  5.67974
565  2.14423  -1.15699  5.1306  5.67974
566  0.603923  1.3498  3.19555  3.52111
567  -1.12765  -0.545267  3.03582  3.28407
568  -1.12765  -0.545267  3.03582  3.28407
569  -1.12765  -0.545267  3.03582  3.28407
570  -1.12765  -0.545267  3.03582  3.28407
571  -1.12765  -0.545267  3.03582  3.28407
572  -1.12765  -0.545267  3.03582  3.28407
573  0.991766  0.203311  0.886267  1.34551
574  3.66543  -0.751085  1.42944  4.00535
575  4.51003  -2.24874  3.01021  5.87014
576  4.12197  -2.35812  3.15645  5.70215
577  4.12197  -2.35812  3.15645  5.70215
578  4.12197  -2.35812  3.15645  5.70215
579  1.22025  -1.2158  4.66274  4.97075
580  2.91892  -2.27484  4.34415  5.70672
581  0.466527  0.489906  6.32985  6.36589
582  -0.498473  0.903149  5.06304  5.16706
583  0.643418  -1.10189  2.38354  2.70359
584  -1.19211  1.71609  2.21231  3.04309
585  -1.19211  1.71609  2.21231  3.04309
586  -1.19211  1.71609  2.21231  3.04309
587  -1.19211  1.71609  2.21231  3.04309
588  -1.19211  1.71609  2.21231  3.04309
589  -2.06305  0.33386  1.93638  2.84907
590  -2.06305  0.33386  1.93638  2.84907
591  -2.36276  -0.932997  4.78047  5.4135
592  -2.36276  -0.932997  4.78047  5.4135
593  -2.07436  -0.760429  2.77412  3.5464
594  -2.07436  -0.760429  2.77412  3.5464
595  -2.07436  -0.760429  2.77412  3.5464
596  -0.353532  -1.46208  3.82997  4.11477
597  -0.353532  -1.46208  3.82997  4.11477
598  -0.353532  -1.46208  3.82997  4.11477
599  -0.840839  -0.798495  6.23235  6.3393
600  -0.840839  -0.798495  6.23235  6.3393
601  -2.01699  0.983276  4.23903  4.7963
602  -2.01699  0.983276  4.23903  4.7963
603  -2.01699  0.983276  4.23903  4.7963
604  0.12729  -0.278572  4.0195  4.03116
605  1.14399  0.719386  5.61559  5.77591
606  1.14399  0.719386  5.61559  5.77591
607  0.168071  3.00626  5.64194  6.3951
608  -1.40339  2.29833  5.00301  5.68172
609  -2.24441  -0.243574  5.32879  5.78729
610  -4.0154  -1.19025  6.70108  7.90219
611  -2.19209  -3.24892  8.30706  9.18521
612  0.454605  -1.32089  7.94864  8.07046
613  -0.584167  1.22824  5.82389  5.98059
614  -2.1548  1.13343  7.0121  7.42276
615  0.753785  -1.08051  4.85854  5.034
616  0.753785  -1.08051  4.85854  5.034
617  2.92475  -1.90473  2.23058  4.14218
618  2.92475  -1.90473  2.23058  4.14218
619  0.0602319  0.175655  3.16698  3.17242
620  0.714065  0.926732  4.01076  4.17791
621  0.714065  0.926732  4.01076  4.17791
622  0.714065  0.926732  4.01076  4.17791
623  -1.5817  0.852901  5.38795  5.67972
624  -1.5817  0.852901  5.38795  5.67972
625  -1.5817  0.852901  5.38795  5.67972
626  -0.900008  -1.78165  4.31515  4.75445
627  -0.590412  -0.667274  5.31316  5.38735
628  -0.590412  -0.667274  5.31316  5.38735
629  -0.590412  -0.667274  5.31316  5.38735
630  0.132983  -0.307561  4.47369  4.48622
631  -1.72135  0.216987  3.32073  3.74665
632  -1.72135  0.216987  3.32073  3.74665
633  -3.77516  0.708368  2.60531  4.64126
634  -3.70265  1.61817  3.77772  5.53166
635  -2.37972  0.129537  1.586  2.86274
636  -2.37972  0.129537  1.586  2.86274
637  -0.384059  -1.64567  -1.31925  2.14387
638  0.455924  -0.0265119  -2.65285  2.69187
639  0.455924  -0.0265119  -2.65285  2.69187
640  0.455924  -0.0265119  -2.65285  2.69187
641  0.455924  -0.0265119  -2.65285  2.69187
642  0.455924  -0.0265119  -2.65285  2.69187
643  0.455924  -0.0265119  -2.65285  2.69187
644  0.455924  -0.0265119  -2.65285  2.69187
645  0.455924  -0.0265119  -2.65285  2.69187
646  0.455924  -0.0265119  -2.65285  2.69187
647  0.455924  -0.0265119  -2.65285  2.69187
648  0.455924  -0.0265119  -2.65285  2.69187
649  0.455924  -0.0265119  -2.65285  2.69187
650  -0.848534  2.19778  -2.40672  3.36787
651  0.292045  3.89222  -3.93249  5.54069
652  0.292045  3.89222  -3.93249  5.54069
653  0.292045  3.89222  -3.93249  5.54069
654  0.292045  3.89222  -3.93249  5.54069
655  -0.944488  3.9459  -5.12937  6.54008
656  -0.944488  3.9459  -5.12937  6.54008
657  0.622451  4.46922  -4.14255  6.12552
658  0.622451  4.46922  -4.14255  6.12552
659  0.622451  4.46922  -4.14255  6.12552
660  0.622451  4.46922  -4.14255  6.12552
661  3.1378  1.63419  -2.72605  4.46629
662  3.1378  1.63419  -2.72605  4.46629
663  1.80314  1.85769  -1.52731  3.00583
664  0.0468264  0.335709  -3.98029  3.9947
665  1.00491  1.51476  -3.09838  3.59226
666  0.0614864  -0.580607  -1.2113  1.34467
667  0.0614864  -0.580607  -1.2113  1.34467
668  0.0614864  -0.580607  -1.2113  1.34467
669  0.0614864  -0.580607  -1.2113  1.34467
670  0.0614864  -0.580607  -1.2113  1.34467
671  0.0614864  -0.580607  -1.2113  1.34467
672  0.0614864  -0.580607  -1.2113  1.34467
673  0.0614864  -0.580607  -1.2113  1.34467
674  -0.036397  -3.43244  -2.8931  4.4892
675  2.07544  -0.796887  -3.60348  4.2341
676  2.07544  -0.796887  -3.60348  4.2341
677  2.73722  1.5496  -0.790716  3.24328
678  2.73722  1.5496  -0.790716  3.24328
679  2.73722  1.5496  -0.790716  3.24328
680  1.44581  0.867288  -1.72962  2.41539
681  -1.00531  0.268849  -3.44486  3.59861
682  -1.00531  0.268849  -3.44486  3.59861
683  -0.0134408  -0.928511  -0.901598  1.29429
684  -0.0134408  -0.928511  -0.901598  1.29429
685  -1.07566  -1.53181  0.402197  1.91448
686  -1.07566  -1.53181  0.402197  1.91448
687  -2.91428  -0.00913818  -1.14494  3.13114
688  -2.91428  -0.00913818  -1.14494  3.13114
689  -2.91428  -0.00913818  -1.14494  3.13114
690  -2.91428  -0.00913818  -1.14494  3.13114
691  -2.91428  -0.00913818  -1.14494  3.13114
692  -2.15722  1.99282  1.67526  3.38104
693  -2.15722  1.99282  1.67526  3.38104
694  -0.774704  2.65568  3.35135  4.34561
695  -0.774704  2.65568  3.35135  4.34561
696  -0.774704  2.65568  3.35135  4.34561
697  -0.774704  2.65568  3.35135  4.34561
698  -0.774704  2.65568  3.35135  4.34561
699  -0.774704  2.65568  3.35135  4.34561
700  -1.1935  2.63917  2.97885  4.1549
701  -1.1935  2.63917  2.97885  4.1549
702  -1.1935  2.63917  2.97885  4.1549
703  0.491578  0.238677  5.19774  5.22639
704  0.491578  0.238677  5.19774  5.22639
705  1.82145  2.43848  5.08806  5.92893
706  0.499988  2.24509  5.98605  6.41274
707  0.499988  2.24509  5.98605  6.41274
708  3.02855  -0.261919  6.42056  7.10382
709  3.02855  -0.261919  6.42056  7.10382
710  3.59434  -0.322543  3.83404  5.26528
711  3.59434  -0.322543  3.83404  5.26528
712  3.59434  -0.322543  3.83404  5.26528
713  3.59434  -0.322543  3.83404  5.26528
714  3.59434  -0.322543  3.83404  5.26528
715  3.59434  -0.322543  3.83404  5.26528
716  1.92153  0.4501  4.89984  5.28236
717  0.337056  -1.19707  4.00633  4.19491
718  -0.996936  -1.8755  1.88005  2.83654
719  -0.281398  -1.50845  4.37393  4.63528
720  -0.281398  -1.50845  4.37393  4.63528
721  -0.281398  -1.50845  4.37393  4.63528
722  -0.241652  -1.07592  1.84258  2.14735
723  -0.241652  -1.07592  1.84258  2.14735
724  -0.241652  -1.07592  1.84258  2.14735
725  -0.241652  -1.07592  1.84258  2.14735
726  -0.241652  -1.07592  1.84258  2.14735
727  -0.241652  -1.07592  1.84258  2.14735
728  -0.241652  -1.07592  1.84258  2.14735
729  -0.241652  -1.07592  1.84258  2.14735
730  -0.241652  -1.07592  1.84258  2.14735
731  -0.00281648  0.377015  2.50702  2.53521
732  -0.00281648  0.377015  2.50702  2.53521
733  1.57472  0.583586  2.08689  2.6787
734  2.77964  -1.46328  3.72506  4.87275
735  2.77964  -1.46328  3.72506  4.87275
736  0.195277  -1.39564  5.38076  5.56224
737  -2.02  -1.46133  5.96066  6.46106
738  -3.46251  0.850058  7.22438  8.05625
739  -3.87008  -0.00642015  6.01137  7.14941
740  -0.980945  -1.94281  7.45687  7.76799
741  -0.980945  -1.94281  7.45687  7.76799
742  -0.980945  -1.94281  7.45687  7.76799
743  -1.44158  -1.30364  8.21318  8.44002
744  -1.82136  1.2116  6.53822  6.89447
745  0.562723  2.38096  6.86294  7.28598
746  1.01009  2.41412  8.58028  8.97047
747  1.01009  2.41412  8.58028  8.97047
748  -0.379904  -0.488764  8.65392  8.67604
749  -2.98558  0.421571  10.1868  10.6237
750  -0.643853  -2.02703  9.15831  9.40203
751  -0.643853  -2.02703  9.15831  9.40203
752  0.0139398  -3.34263  7.11258  7.85889
753  2.79618  -1.42478  6.61204  7.319
754  0.506938  -3.38062  4.43804  5.60194
755  -0.763793  -0.755049  6.75878  6.84358
756  1.16179  -0.534935  4.23986  4.42858
757  1.16179  -0.534935  4.23986  4.42858
758  1.16179  -0.534935  4.23986  4.42858
759  1.16179  -0.534935  4.23986  4.42858
760  1.16179  -0.534935  4.23986  4.42858
761  -1.00042  -2.33632  5.48412  6.0444
762  -0.393234  -2.90198  5.35497  6.10343
763  1.68982  -1.25358  5.96511  6.32531
764  2.84331  -2.34231  5.45746  6.58443
765  2.84331  -2.34231  5.45746  6.58443
766  0.255167  0.147249  6.1495  6.15655
767  1.56457  0.339892  5.39786  5.6303
768  1.56457  0.339892  5.39786  5.6303
769  3.93252  1.72009  4.83375  6.46441
770  2.94526  3.87132  5.01536  6.98681
771  2.56075  5.61307  5.74519  8.43037
772  0.662978  2.69668  4.99749  5.71721
773  1.29466  0.425426  3.25525  3.52899
774  -0.518227  -1.23903  3.54905  3.79467
775  -0.518227  -1.23903  3.54905  3.79467
776  1.48569  -1.17371  2.73739  3.32839
777  1.48569  -1.17371  2.73739  3.32839
778  1.48569  -1.17371  2.73739  3.32839
779  1.48569  -1.17371  2.73739  3.32839
780  1.48569  -1.17371  2.73739  3.32839
781  2.70917  -1.70257  3.62299  4.83367
782  2.70917  -1.70257  3.62299  4.83367
783  1.88804  -2.65557  5.96996  6.80127
784  1.88804  -2.65557  5.96996  6.80127
785  0.318631  -3.23842  3.17885  4.54906
786  0.318631  -3.23842  3.17885  4.54906
787  -2.32758  -1.44638  4.45943  5.23414
788  -1.83469  -4.34555  1.69047  5.01075
789  -1.83469  -4.34555  1.69047  5.01075
790  0.0831147  -6.60116  2.69293  7.12981
791  0.0831147  -6.60116  2.69293  7.12981
792  0.258615  -4.65987  5.27118  7.04036
793  0.258615  -4.65987  5.27118  7.04036
794  0.460985  -2.14173  6.17998  6.55681
795  1.70392  -2.85149  5.10758  6.09275
796  4.48839  -0.74453  2.74737  5.31488
797  4.48839  -0.74453  2.74737  5.31488
798  3.80559  -1.00581  2.78438  4.82151
799  1.92927  -2.66668  4.79333  5.81457
800  1.92927  -2.66668  4.79333  5.81457
801  -0.359509  -3.24309  3.56492  4.83276
802  -0.359509  -3.24309  3.56492  4.83276
803  0.401212  -2.17138  1.27469  2.54964
804  -1.17538  -0.498516  3.97051  4.17073
805  1.45442  0.929038  2.9412  3.41015
806  1.45442  0.929038  2.9412  3.41015
807  1.45442  0.929038  2.9412  3.41015
808  1.45442  0.929038  2.9412  3.41015
809  1.45442  0.929038  2.9412  3.41015
810  -0.193366  -1.77075  4.76106  5.08337
811  0.883819  -4.55131  5.3003  7.04193
812  0.87636  -2.0763  4.90052  5.3939
813  0.87636  -2.0763  4.90052  5.3939
814  0.87636  -2.0763  4.90052  5.3939
815  0.87636  -2.0763  4.90052  5.3939
816  0.0640277  -0.152118  5.07716  5.07984
817  -1.58102  1.41734  4.13266  4.64621
818  -1.58102  1.41734  4.13266  4.64621
819  0.800084  -1.10781  5.28472  5.45854
820  -1.01271  0.544643  5.11513  5.24278
821  -2.36012  1.07066  3.21315  4.12805
822  -2.36012  1.07066  3.21315  4.12805
823  -2.36012  1.07066  3.21315  4.12805
824  -2.92459  0.675736  4.65404  5.53805
825  -2.92459  0.675736  4.65404  5.53805
826  -5.40119  -0.288607  4.87235  7.27983
827  -3.58714  0.262584  2.00567  4.11816
828  -3.58714  0.262584  2.00567  4.11816
829  -4.68492  -0.999831  2.26421  5.29856
830  -4.97435  1.0344  2.61638  5.71486
831  -3.98676  -1.71498  3.65454  5.67372
832  -3.98676  -1.71498  3.65454  5.67372
833  -1.06398  -1.49917  3.68993  4.12252
834  -1.12694  0.877093  1.81176  2.30689
835  -1.12694  0.877093  1.81176  2.30689
836  -1.12694  0.877093  1.81176  2.30689
837  1.58082  1.66728  -0.872396  2.45762
838  3.26524  -0.0209024  -2.17632  3.9241
839  3.40954  2.09918  -3.78309  5.50847
840  3.40954  2.09918  -3.78309  5.50847
841  4.56266  1.84904  -3.09106  5.81304
842  4.56266  1.84904  -3.09106  5.81304
843  4.56266  1.84904  -3.09106  5.81304
844  1.966  4.39682  -5.09469  7.01093
845  1.46659  2.1939  -3.76361  4.59661
846  -1.32569  -0.600494  -2.18409  2.62456
847  -2.12289  -1.26301  -4.60721  5.22764
848  -3.16044  -0.297138  -5.81624  6.62611
849  -4.09706  1.6137  -3.48197  5.61374
850  -3.14837  -0.362855  -0.837679  3.27805
851  -2.92013  1.66012  1.35094  3.62053
852  -1.62064  -0.312719  -1.18666  2.03284
853  0.437579  2.16372  -3.26934  3.94484
854  -2.46512  1.00382  -4.15791  4.93687
855  -2.46512  1.00382  -4.15791  4.93687
856  -3.60772  2.47138  -4.9893  6.63449
857  -1.7568  0.0764497  -3.85769  4.23957
858  -1.7568  0.0764497  -3.85769  4.23957
859  -0.179055  -0.710522  -4.6483  4.7057
860  0.861352  0.746966  -3.46592  3.64863
861  0.861352  0.746966  -3.46592  3.64863
862  2.82215  1.30317  -4.11589  5.15784
863  4.90627  -0.742646  -5.74916  7.59446
864  5.52219  0.0960292  -6.09777  8.22719
865  5.52219  0.0960292  -6.09777  8.22719
866  5.52219  0.0960292  -6.09777  8.22719
867  5.52219  0.0960292  -6.09777  8.22719
868  2.91484  -2.20258  -6.59608  7.54029
869  2.91484  -2.20258  -6.59608  7.54029
870  5.07593  0.697335  -6.42247  8.21581
871  5.07593  0.697335  -6.42247  8.21581
872  5.67351  1.06873  -5.90362  8.25734
873  5.86492  0.574738  -8.80609  10.596
874  4.71053  0.953094  -7.85367  9.20748
875  6.13911  3.62029  -6.26471  9.48903
876  7.1327  2.67582  -6.0031  9.6991
877  4.30282  4.00618  -6.9908  9.13428
878  2.06647  4.96325  -4.90915  7.28038
879  1.46986  5.14662  -2.04092  5.72832
880  2.27007  2.8817  -3.43815  5.02776
881  1.81677  3.69303  -3.08663  5.14455
882  1.81677  3.69303  -3.08663  5.14455
883  -0.0821726  1.17188  -0.479272  1.26876
884  -1.70266  2.32783  -2.96735  4.13799
885  -3.32658  4.31205  -3.07113  6.25234
886  -6.02001  6.50598  -5.82483  10.6065
887  -6.48575  4.24003  -6.48627  10.1052
888  -6.48575  4.24003  -6.48627  10.1052
889  -6.50795  3.61501  -5.38017  9.1852
890  -4.2259  1.7356  -7.74177  8.98919
891  -1.5673  1.55473  -6.06082  6.45036
892  -1.5673  1.55473  -6.06082  6.45036
893  -2.34022  -1.25256  -5.58625  6.1848
894  -1.06669  -1.00881  -6.09216  6.26657
895  -1.06669  -1.00881  -6.09216  6.26657
896  -0.185704  0.356219  -4.49749  4.5154
897  -0.185704  0.356219  -4.49749  4.5154
898  0.81996  2.90383  -1.79159  3.50918
899  0.81996  2.90383  -1.79159  3.50918
900  0.81996  2.90383  -1.79159  3.50918
901  2.57916  0.278955  -4.46952  5.16783
902  2.24863  -1.00184  -6.85147  7.28029
903  4.90597  1.38004  -4.59733  6.86357
904  4.90597  1.38004  -4.59733  6.86357
905  5.63573  2.63999  -1.94077  6.51902
906  5.63573  2.63999  -1.94077  6.51902
907  3.62783  2.48044  -2.65094  5.13237
908  3.62783  2.48044  -2.65094  5.13237
909  3.62783  2.48044  -2.65094  5.13237
910  3.62783  2.48044  -2.65094  5.13237
911  3.62783  2.48044  -2.65094  5.13237
912  2.31682  3.24422  -1.10358  4.13649
913  2.49284  2.47156  0.798843  3.60014
914  2.49284  2.47156  0.798843  3.60014
915  1.86466  2.3624  1.22539  3.24953
916  2.15797  -0.056416  2.10855  3.01762
917  2.15797  -0.056416  2.10855  3.01762
918  2.15797  -0.056416  2.10855  3.01762
919  2.15797  -0.056416  2.10855  3.01762
920  2.08641  0.546435  4.70535  5.1761
921  2.49164  -1.81298  4.23135  5.23445
922  2.49164  -1.81298  4.23135  5.23445
923  2.49164  -1.81298  4.23135  5.23445
924  1.26678  -2.83488  1.50368  3.44997
925  1.26678  -2.83488  1.50368  3.44997
926  2.49544  -1.04742  -0.42006  2.73875
927  1.15204  0.739212  1.01596  1.70464
928  1.15204  0.739212  1.01596  1.70464
929  0.196882  2.11792  3.58892  4.17189
930  -2.09573  2.75852  5.91864  6.85797
931  -2.09573  2.75852  5.91864  6.85797
932  -3.12829  1.41328  3.57369  4.95528
933  -3.66838  1.41786  2.50337  4.662
934  -1.38513  -0.930147  3.96766  4.30419
935  -2.38985  0.87214  2.9379  3.88629
936  -1.00381  -0.273961  5.66358  5.75837
937  -1.00381  -0.273961  5.66358  5.75837
938  0.98182  2.5683  2.76152  3.89694
939  0.995842  3.46036  4.08314  5.44406
940  0.199046  0.692913  2.00325  2.12902
941  0.199046  0.692913  2.00325  2.12902
942  0.199046  0.692913  2.00325  2.12902
943  0.199046  0.692913  2.00325  2.12902
944  0.817525  0.121636  3.01537  3.12659
945  0.817525  0.121636  3.01537  3.12659
946  0.817525  0.121636  3.01537  3.12659
947  3.29418  0.267436  4.19851  5.34328
948  1.25493  -1.72352  2.15549  3.03175
949  1.25493  -1.72352  2.15549  3.03175
950  0.407488  -0.875275  1.14623  1.49867
951  0.407488  -0.875275  1.14623  1.49867
952  0.407488  -0.875275  1.14623  1.49867
953  0.228029  -1.05323  3.65519  3.81074
954  0.228029  -1.05323  3.65519  3.81074
955  0.228029  -1.05323  3.65519  3.81074
956  0.228029  -1.05323  3.65519  3.81074
957  0.228029  -1.05323  3.65519  3.81074
958  1.14587  0.208738  4.46958  4.61885
959  1.40653  -0.983387  3.09146  3.53588
960  0.728399  -1.09109  2.55302  2.87036
961  0.728399  -1.09109  2.55302  2.87036
962  0.728399  -1.09109  2.55302  2.87036
963  0.728399  -1.09109  2.55302  2.87036
964  1.10287  0.387453  2.85337  3.08353
965  1.10287  0.387453  2.85337  3.08353
966  1.10287  0.387453  2.85337  3.08353
967  -1.31673  -1.22745  0.941764  2.03158
968  -1.31673  -1.22745  0.941764  2.03158
969  -0.91301  0.867349  -1.11799  1.68398
970  -0.91301  0.867349  -1.11799  1.68398
971  -0.91301  0.867349  -1.11799  1.68398
972  -0.564007  -0.38573  -0.768426  1.02829
973  1.87306  0.233966  1.7941  2.60421
974  1.87306  0.233966  1.7941  2.60421
975  0.817552  2.03107  3.21814  3.8923
976  -1.10502  0.895005  4.53207  4.74992
977  -1.10502  0.895005  4.53207  4.74992
978  -0.690651  2.46767  4.05357  4.7956
979  -0.87759  1.34917  6.18385  6.38987
980  1.53535  3.01126  6.01234  6.89733
981  1.53535  3.01126  6.01234  6.89733
982  -0.151327  3.12696  5.08243  5.96925
983  -0.151327  3.12696  5.08243  5.96925
984  1.39078  3.48171  2.44442  4.47568
985  1.39078  3.48171  2.44442  4.47568
986  1.04397  1.13565  1.71406  2.30599
987  1.04397  1.13565  1.71406  2.30599
988  1.04397  1.13565  1.71406  2.30599
989  1.04397  1.13565  1.71406  2.30599
990  1.04397  1.13565  1.71406  2.30599
991  1.04397  1.13565  1.71406  2.30599
992  -1.11643  -1.08497  -1.15759  1.93999
993  1.59825  1.1575  -2.92749  3.5305
994  1.59825  1.1575  -2.92749  3.5305
995  1.59825  1.1575  -2.92749  3.5305
996  -0.642699  2.03755  -0.77207  2.27174
997  -0.642699  2.03755  -0.77207  2.27174
998  -2.78275  -0.352011  -0.536285  2.85573
999  -2.78275  -0.352011  -0.536285  2.85573
1000  -1.40042  -1.47923  -0.341574  2.06542
1001  -3.61278  -0.73599  1.04447  3.83208
1002  -3.61278  -0.73599  1.04447  3.83208
1003  -2.97815  1.60775  3.24408  4.6881
1004  -2.97815  1.60775  3.24408  4.6881
1005  -2.24395  0.608118  1.03963  2.54675
1006  -2.24395  0.608118  1.03963  2.54675
1007  -2.24395  0.608118  1.03963  2.54675
1008  -2.01272  2.56135  2.93637  4.38564
1009  -2.01272  2.56135  2.93637  4.38564
1010  -2.01272  2.56135  2.93637  4.38564
1011  -1.85532  2.80054  2.89115  4.43215
1012  0.67453  4.59221  1.87564  5.00614
1013  -1.81741  3.22127  0.640359  3.75362
1014  -0.469828  5.01911  -1.08464  5.15642
1015  2.02478  4.08155  -2.78001  5.33734
1016  2.49511  3.70728  -1.90312  4.8571
1017  2.49511  3.70728  -1.90312  4.8571
1018  2.49511  3.70728  -1.90312  4.8571
1019  2.53406  1.93604  -2.2917  3.92703
1020  2.53406  1.93604  -2.2917  3.92703
1021  2.53406  1.93604  -2.2917  3.92703
1022  4.62285  1.9928  -1.58702  5.27831
1023  4.62285  1.9928  -1.58702  5.27831
1024  4.62285  1.9928  -1.58702  5.27831
1025  4.62285  1.9928  -1.58702  5.27831
1026  6.77167  4.59069  -3.90197  9.06395
1027  6.77167  4.59069  -3.90197  9.06395
1028  6.77167  4.59069  -3.90197  9.06395
1029  6.77167  4.59069  -3.90197  9.06395
1030  6.77167  4.59069  -3.90197  9.06395
1031  6.77167  4.59069  -3.90197  9.06395
1032  7.67919  5.06275  -1.04798  9.25742
1033  10.4024  4.85231  -2.9853  11.8603
1034  9.81046  3.685  -1.8894  10.6487
1035  9.81046  3.685  -1.8894  10.6487
1036  11.556  5.33675  -3.72862  13.2637
1037  11.556  5.33675  -3.72862  13.2637
1038  10.5373  7.35692  -5.37322  13.9295
1039  10.5373  7.35692  -5.37322  13.9295
1040  8.07665  4.55962  -6.20421  11.1586
1041  6.22181  5.79965  -6.20959  10.5312
1042  6.22181  5.79965  -6.20959  10.5312
1043  4.38421  5.53568  -7.71497  10.4588
1044  3.60192  2.60622  -7.1739  8.43985
1045  1.77735  -0.210179  -7.40567  7.61886
1046  2.48944  -1.98861  -6.79764  7.50732
1047  0.97052  -1.58143  -5.92694  6.21059
1048  0.97052  -1.58143  -5.92694  6.21059
1049  2.86716  -0.350044  -3.32076  4.4012
1050  3.57734  1.99459  -3.56543  5.43029
1051  3.57734  1.99459  -3.56543  5.43029
1052  3.57734  1.99459  -3.56543  5.43029
1053  3.57734  1.99459  -3.56543  5.43029
1054  2.3675  2.41335  -6.16567  7.03171
1055  5.04193  1.22524  -4.59049  6.92783
1056  3.0403  -0.97236  -5.96681  6.76696
1057  1.72273  -1.99217  -6.74142  7.23763
1058  1.72273  -1.99217  -6.74142  7.23763
1059  -0.145279  -1.0831  -4.73417  4.85866
1060  -0.145279  -1.0831  -4.73417  4.85866
1061  -2.68132  -0.496311  -3.75514  4.64079
1062  -2.68132  -0.496311  -3.75514  4.64079
1063  -2.68132  -0.496311  -3.75514  4.64079
1064  -2.68132  -0.496311  -3.75514  4.64079
1065  -2.68132  -0.496311  -3.75514  4.64079
1066  -2.05727  -0.735418  -1.91514  2.90533
1067  -2.05727  -0.735418  -1.91514  2.90533
1068  -2.05727  -0.735418  -1.91514  2.90533
1069  -2.05727  -0.735418  -1.91514  2.90533
1070  -2.05727  -0.735418  -1.91514  2.90533
1071  -2.05727  -0.735418  -1.91514  2.90533
1072  -0.244347  -1.2022  -1.8139  2.1898
1073  -0.518528  -0.702312  -3.13872  3.25786
1074  -0.518528  -0.702312  -3.13872  3.25786
1075  -0.518528  -0.702312  -3.13872  3.25786
1076  -0.518528  -0.702312  -3.13872  3.25786
1077  -0.518528  -0.702312  -3.13872  3.25786
1078  0.302441  0.00738667  -2.74043  2.75708
1079  0.302441  0.00738667  -2.74043  2.75708
1080  0.302441  0.00738667  -2.74043  2.75708
1081  0.302441  0.00738667  -2.74043  2.75708
1082  0.302441  0.00738667  -2.74043  2.75708
1083  0.302441  0.00738667  -2.74043  2.75708
1084  0.302441  0.00738667  -2.74043  2.75708
1085  0.302441  0.00738667  -2.74043  2.75708
1086  1.40227  0.0673583  -1.72878  2.22701
1087  1.40227  0.0673583  -1.72878  2.22701
1088  0.868231  1.82557  -3.98617  4.46946
1089  0.868231  1.82557  -3.98617  4.46946
1090  2.55606  0.0391401  -1.32114  2.87756
1091  2.2184  0.532799  -3.94465  4.55691
1092  2.2184  0.532799  -3.94465  4.55691
1093  2.2184  0.532799  -3.94465  4.55691
1094  2.2184  0.532799  -3.94465  4.55691
1095  2.2184  0.532799  -3.94465  4.55691
1096  2.2184  0.532799  -3.94465  4.55691
1097  2.2184  0.532799  -3.94465  4.55691
1098  -0.0229434  -1.35062  -5.70935  5.86698
1099  -0.0229434  -1.35062  -5.70935  5.86698
1100  -0.0229434  -1.35062  -5.70935  5.86698
1101  1.92614  0.502967  -4.72262  5.12505
1102  1.92614  0.502967  -4.72262  5.12505
1103  0.320379  -0.114714  -4.73509  4.7473
1104  0.320379  -0.114714  -4.73509  4.7473
1105  0.645345  2.51399  -5.06929  5.69512
1106  2.9808  0.147329  -4.58986  5.47482
1107  3.23308  0.5981  -3.53673  4.82897
1108  1.52068  -0.853194  -3.88552  4.25884
1109  1.52068  -0.853194  -3.88552  4.25884
1110  0.823902  -2.79978  -2.10655  3.59932
1111  0.823902  -2.79978  -2.10655  3.59932
1112  -1.64623  -2.14879  -3.53345  4.45114
1113  -1.64623  -2.14879  -3.53345  4.45114
1114  -0.610155  -0.877629  -4.48536  4.61096
1115  -0.610155  -0.877629  -4.48536  4.61096
1116  -0.238833  -2.22974  -1.75142  2.84539
1117  -3.114  0.338876  -4.0763  5.14082
1118  -3.114  0.338876  -4.0763  5.14082
1119  -3.114  0.338876  -4.0763  5.14082
1120  -3.114  0.338876  -4.0763  5.14082
1121  -3.114  0.338876  -4.0763  5.14082
1122  -3.114  0.338876  -4.0763  5.14082
1123  -3.23231  0.127341  -3.24527  4.58212
1124  -1.79089  2.06936  -4.05203  4.88963
1125  -2.66962  -0.680317  -1.79761  3.28955
1126  0.114687  -3.39604  -3.6096  4.95737
1127  0.114687  -3.39604  -3.6096  4.95737
1128  2.59132  -1.65721  -4.18791  5.19614
1129  0.510005  1.14507  -4.68083  4.84577
1130  -1.42532  2.04494  -4.07803  4.7795
1131  -1.42532  2.04494  -4.07803  4.7795
1132  -0.700962  1.65875  -3.61348  4.03733
1133  -0.692504  1.68297  -1.15962  2.15793
1134  -0.692504  1.68297  -1.15962  2.15793
1135  0.550904  -0.620952  -3.19327  3.2994
1136  2.79462  -3.19119  -4.37044  6.09051
1137  5.42028  -0.793333  -3.25699  6.37313
1138  5.42028  -0.793333  -3.25699  6.37313
1139  6.72225  -1.59804  -2.89582  7.49187
1140  6.49333  0.774627  -3.97533  7.65288
1141  6.49333  0.774627  -3.97533  7.65288
1142  4.15358  -1.9206  -1.09047  4.70426
1143  4.15358  -1.9206  -1.09047  4.70426
1144  4.15358  -1.9206  -1.09047  4.70426
1145  1.2422  -2.96994  -1.66002  3.62205
1146  2.13954  -3.77068  -2.78471  5.15269
1147  -0.215705  -4.44445  -1.89113  4.83487
1148  -2.92775  -2.15848  -3.79735  5.25838
1149  -1.90705  -0.66428  -2.62291  3.31025
1150  -1.90705  -0.66428  -2.62291  3.31025
1151  -0.110955  -0.0930848  -3.00298  3.00647
1152  -0.110955  -0.0930848  -3.00298  3.00647
1153  -0.110955  -0.0930848  -3.00298  3.00647
1154  -0.110955  -0.0930848  -3.00298  3.00647
1155  -0.110955  -0.0930848  -3.00298  3.00647
1156  -0.110955  -0.0930848  -3.00298  3.00647
1157  -0.661066  -1.0143  -2.96645  3.20401
1158  -2.06128  -3.8646  -3.17118  5.40744
1159  -2.29498  -4.36001  -0.517359  4.95422
1160  -1.61161  -6.58617  -2.74298  7.31429
1161  -1.61161  -6.58617  -2.74298  7.31429
1162  -4.33335  -5.04913  -3.76443  7.64477
1163  -3.04079  -3.17718  -6.43395  7.79337
1164  -0.810612  -3.0823  -3.67038  4.861
1165  -0.810612  -3.0823  -3.67038  4.861
1166  -0.810612  -3.0823  -3.67038  4.861
1167  -0.810612  -3.0823  -3.67038  4.861
1168  -0.810612  -3.0823  -3.67038  4.861
1169  -0.810612  -3.0823  -3.67038  4.861
1170  -1.67898  -0.459664  -2.93912  3.41595
1171  -1.67898  -0.459664  -2.93912  3.41595
1172  -1.97562  1.28056  -1.12235  2.60818
1173  -2.21276  -0.903817  -2.5614  3.50342
1174  -2.04942  -1.01461  -4.87163  5.38167
1175  -4.24151  0.440395  -3.25994  5.36764
1176  -5.75205  -1.43672  -6.00964  8.44192
1177  -5.27234  -2.15222  -7.88524  9.72659
1178  -2.84637  0.139652  -4.9766  5.7348
1179  -2.12181  -1.15028  -4.85519  5.422
1180  -1.20785  -2.97659  -2.88643  4.31862
1181  -0.333237  -1.24914  -5.65168  5.79767
1182  -2.54368  -1.68177  -4.63054  5.54442
1183  -0.183336  -2.50813  -5.43363  5.98737
1184  -1.50741  -4.11199  -3.56285  5.64576
1185  -1.16131  -3.40859  -5.58285  6.64344
1186  1.28221  -5.10312  -3.26176  6.19072
1187  1.09614  -3.47635  -5.93617  6.96597
1188  1.09614  -3.47635  -5.93617  6.96597
1189  -1.27883  -0.549151  -6.38692  6.53679
1190  -1.35769  0.124431  -5.36208  5.5327
1191  0.55224  -1.76124  -4.39962  4.77112
1192  -2.22477  0.860541  -4.40241  5.00712
1193  -2.22477  0.860541  -4.40241  5.00712
1194  -0.188375  -1.98637  -4.17133  4.62397
1195  -1.71043  -2.27137  -2.32961  3.67584
1196  0.132261  0.234058  -2.8839  2.89641
1197  0.132261  0.234058  -2.8839  2.89641
1198  -0.122637  -0.799606  -1.24099  1.48137
1199  -0.122637  -0.799606  -1.24099  1.48137
1200  -0.122637  -0.799606  -1.24099  1.48137
1201  -0.122637  -0.799606  -1.24099  1.48137
1202  -0.122637  -0.799606  -1.24099  1.48137
1203  2.41191  -3.41847  -3.12022  5.2191
1204  2.41191  -3.41847  -3.12022  5.2191
1205  0.463258  -2.90064  -0.858992  3.06043
1206  1.45443  -1.66263  0.505093  2.26601
1207  1.45443  -1.66263  0.505093  2.26601
1208  2.74466  -0.701441  1.86674  3.39263
1209  2.74466  -0.701441  1.86674  3.39263
1210  0.930569  -2.34094  4.73366  5.36223
1211  0.930569  -2.34094  4.73366  5.36223
1212  0.930569  -2.34094  4.73366  5.36223
1213  1.18101  -1.02788  1.97109  2.51724
1214  2.21819  -0.0889497  4.22901  4.77628
1215  2.21819  -0.0889497  4.22901  4.77628
1216  0.569094  0.434301  4.87363  4.92593
1217  -1.22857  2.36333  5.10627  5.75922
1218  -3.33267  0.898652  2.40994  4.20976
1219  -3.33267  0.898652  2.40994  4.20976
1220  -3.33267  0.898652  2.40994  4.20976
1221  -3.33267  0.898652  2.40994  4.20976
1222  -3.45537  -1.154  3.54938  5.0862
1223  -3.45537  -1.154  3.54938  5.0862
1224  -2.11967  -1.46021  2.75436  3.76984
1225  -0.545384  -1.00431  1.04276  1.54707
1226  -1.17101  -1.04014  1.54169  2.19772
1227  -1.17101  -1.04014  1.54169  2.19772
1228  -1.17101  -1.04014  1.54169  2.19772
1229  -1.17101  -1.04014  1.54169  2.19772
1230  -1.17101  -1.04014  1.54169  2.19772
1231  -1.17101  -1.04014  1.54169  2.19772
1232  -1.17101  -1.04014  1.54169  2.19772
1233  -1.17101  -1.04014  1.54169  2.19772
1234  1.17087  1.30221  0.880214  1.95997
1235  3.94386  -1.33547  2.94147  5.09802
1236  5.87025  -0.505246  5.02467  7.74354
1237  5.87025  -0.505246  5.02467  7.74354
1238  6.63754  1.67562  4.21695  8.04036
1239  6.63754  1.67562  4.21695  8.04036
1240  6.63754  1.67562  4.21695  8.04036
1241  6.63754  1.67562  4.21695  8.04036
1242  6.63754  1.67562  4.21695  8.04036
1243  6.17174  3.1832  6.06167  9.21775
1244  5.86701  0.832619  4.97818  7.73934
1245  5.86701  0.832619  4.97818  7.73934
1246  5.90757  3.14782  5.56447  8.70468
1247  7.73157  3.52293  4.69823  9.70884
1248  5.82588  4.58817  5.75162  9.38474
1249  5.82588  4.58817  5.75162  9.38474
1250  4.15117  6.28645  3.05875  8.13066
1251  5.50919  4.16352  2.23315  7.25762
1252  5.50919  4.16352  2.23315  7.25762
1253  7.14596  2.2094  4.27132  8.61338
1254  4.63681  1.18645  7.04598  8.51783
1255  4.63681  1.18645  7.04598  8.51783
1256  6.63072  2.29914  6.39609  9.49539
1257  4.63247  3.14726  3.83478  6.78753
1258  7.2958  4.77739  2.62294  9.10669
1259  7.2958  4.77739  2.62294  9.10669
1260  7.87613  5.11263  5.16194  10.7153
1261  7.87613  5.11263  5.16194  10.7153
1262  7.87613  5.11263  5.16194  10.7153
1263  8.38554  3.3766  4.64204  10.162
1264  8.38554  3.3766  4.64204  10.162
1265  7.26772  4.1492  4.09287  9.31596
1266  4.79699  4.05812  3.85269  7.37039
1267  3.28671  1.57777  3.93863  5.36699
1268  3.28671  1.57777  3.93863  5.36699
1269  2.7095  1.35582  4.66559  5.56304
1270  2.7095  1.35582  4.66559  5.56304
1271  0.333967  0.985235  4.39463  4.51608
1272  0.333967  0.985235  4.39463  4.51608
1273  -1.42567  -0.447623  3.90777  4.18373
1274  -1.87727  -2.66606  5.26282  6.19106
1275  -1.87727  -2.66606  5.26282  6.19106
1276  -0.769414  -1.29428  5.18482  5.39903
1277  0.0854964  -3.5536  8.00222  8.75619
1278  0.176962  -5.47531  6.88824  8.80104
1279  -1.47282  -4.50603  4.69178  6.66981
1280  -0.383574  -3.9598  2.51668  4.70753
1281  -0.383574  -3.9598  2.51668  4.70753
1282  -0.383574  -3.9598  2.51668  4.70753
1283  -2.39343  -3.6209  2.59442  5.05673
1284  -0.77631  -3.80576  2.15609  4.44243
1285  -0.77631  -3.80576  2.15609  4.44243
1286  -0.77631  -3.80576  2.15609  4.44243
1287  -0.675469  -1.63458  0.386862  1.81046
1288  1.40435  -1.32914  -0.192901  1.9432
1289  0.891836  0.26742  -2.88449  3.03104
1290  0.891836  0.26742  -2.88449  3.03104
1291  0.891836  0.26742  -2.88449  3.03104
1292  0.891836  0.26742  -2.88449  3.03104
1293  0.891836  0.26742  -2.88449  3.03104
1294  0.891836  0.26742  -2.88449  3.03104
1295  -1.67805  3.0157  -4.00993  5.29054
1296  -0.344177  3.48377  -5.62874  6.62856
1297  -2.42553  0.840098  -2.99861  3.94723
1298  -0.382571  -0.87282  -3.01964  3.16645
1299  1.79587  -1.52488  -1.22743  2.6565
1300  3.59469  -1.21956  -3.58392  5.2205
1301  2.07502  1.28666  -2.81835  3.72885
1302  2.07502  1.28666  -2.81835  3.72885
1303  0.855305  -0.20488  -1.86673  2.06355
1304  -2.08311  1.59687  -1.57116  3.05907
1305  0.515245  3.69817  -4.34444  5.72854
1306  0.515245  3.69817  -4.34444  5.72854
1307  0.515245  3.69817  -4.34444  5.72854
1308  0.515245  3.69817  -4.34444  5.72854
1309  0.515245  3.69817  -4.34444  5.72854
1310  2.1412  1.16996  -5.06909  5.62576
1311  2.1412  1.16996  -5.06909  5.62576
1312  2.22286  3.73884  -3.85885  5.8147
1313  2.22286  3.73884  -3.85885  5.8147
1314  2.22286  3.73884  -3.85885  5.8147
1315  4.68808  1.56656  -1.79909  5.26012
1316  4.68808  1.56656  -1.79909  5.26012
1317  4.68808  1.56656  -1.79909  5.26012
1318  4.68808  1.56656  -1.79909  5.26012
1319  4.68808  1.56656  -1.79909  5.26012
1320  4.68808  1.56656  -1.79909  5.26012
1321  4.68808  1.56656  -1.79909  5.26012
1322  4.53088  -0.0138735  -2.74165  5.29582
1323  2.99188  -0.664091  -0.811055  3.1702
1324  2.50344  -2.97802  -2.8989  4.85175
1325  0.126274  -2.34159  -0.910592  2.51558
1326  -1.64855  -1.52056  0.915019  2.42221
1327  -2.55741  -2.05451  3.76499  4.99365
1328  -4.81947  -2.55759  5.03574  7.42477
1329  -2.60614  -4.67659  4.62211  7.07293
1330  -2.60614  -4.67659  4.62211  7.07293
1331  -2.60614  -4.67659  4.62211  7.07293
1332  -2.0797  -5.50732  3.27385  6.736
1333  -2.0797  -5.50732  3.27385  6.736
1334  -2.0797  -5.50732  3.27385  6.736
1335  -2.0797  -5.50732  3.27385  6.736
1336  -2.0797  -5.50732  3.27385  6.736
1337  -2.0797  -5.50732  3.27385  6.736
1338  -2.0797  -5.50732  3.27385  6.736
1339  -2.0797  -5.50732  3.27385  6.736
1340  -1.8659  -2.98865  1.29509  3.75378
1341  -0.429143  -4.91687  -0.566598  4.96798
1342  -1.30733  -4.20359  -1.49816  4.65014
1343  -1.30733  -4.20359  -1.49816  4.65014
1344  -1.50946  -2.51669  -3.83688  4.83051
1345  -1.50946  -2.51669  -3.83688  4.83051
1346  0.285574  -2.92858  -5.40826  6.1569
1347  2.10492  -2.66535  -7.38829  8.13152
1348  1.62743  -4.75752  -5.32679  7.32511
1349  -1.15799  -2.1888  -6.97836  7.40468
1350  -1.15799  -2.1888  -6.97836  7.40468
1351  -1.15799  -2.1888  -6.97836  7.40468
1352  -1.15799  -2.1888  -6.97836  7.40468
1353  -1.15799  -2.1888  -6.97836  7.40468
1354  -0.0457837  -2.05513  -6.45374  6.77322
1355  2.03877  0.591163  -8.27999  8.54777
1356  0.0376316  -0.0920318  -8.6608  8.66137
1357  0.0376316  -0.0920318  -8.6608  8.66137
1358  0.0376316  -0.0920318  -8.6608  8.66137
1359  -1.0936  -2.71807  -8.80225  9.27704
1360  -2.65655  -4.8758  -6.48827  8.53981
1361  -2.65655  -4.8758  -6.48827  8.53981
1362  -3.10173  -2.25544  -5.72784  6.89318
1363  -3.10173  -2.25544  -5.72784  6.89318
1364  -3.10173  -2.25544  -5.72784  6.89318
1365  -3.52523  0.512292  -4.50184  5.74075
1366  -2.50817  -0.798261  -4.51636  5.22739
1367  -1.42467  0.660457  -2.47003  2.92693
1368  -1.42467  0.660457  -2.47003  2.92693
1369  -0.891694  1.53145  -3.16043  3.62337
1370  -0.891694  1.53145  -3.16043  3.62337
1371  -0.891694  1.53145  -3.16043  3.62337
1372  -0.0907341  0.143282  -1.32864  1.33942
1373  -0.0907341  0.143282  -1.32864  1.33942
1374  -0.0907341  0.143282  -1.32864  1.33942
1375  -0.0907341  0.143282  -1.32864  1.33942
1376  -1.8887  0.820778  -2.62045  3.33281
1377  -1.8887  0.820778  -2.62045  3.33281
1378  -1.8887  0.820778  -2.62045  3.33281
1379  -0.399977  0.0230623  -1.19767  1.2629
1380  -0.399977  0.0230623  -1.19767  1.2629
1381  -0.399977  0.0230623  -1.19767  1.2629
1382  0.907527  -0.048833  -2.89635  3.03559
1383  2.59181  -0.14263  -1.67483  3.08915
1384  2.59181  -0.14263  -1.67483  3.08915
1385  2.59181  -0.14263  -1.67483  3.08915
1386  -0.0428396  1.24631  0.98758  1.59073
1387  1.86258  -1.05475  1.83241  2.8177
1388  1.86258  -1.05475  1.83241  2.8177
1389  1.86258  -1.05475  1.83241  2.8177
1390  3.89083  1.24686  3.63097  5.466
1391  3.93177  -1.53504  1.76753  4.57595
1392  1.53264  -0.014753  -0.628251  1.65647
1393  -0.877206  -0.152372  -1.88196  2.08195
1394  -0.877206  -0.152372  -1.88196  2.08195
1395  -0.877206  -0.152372  -1.88196  2.08195
1396  -0.877206  -0.152372  -1.88196  2.08195
1397  1.59481  -2.56576  -4.65238  5.54718
1398  1.99897  0.180053  -4.06501  4.5335
1399  0.253522  -0.475513  -2.80123  2.85259
1400  1.02709  0.922901  -1.96401  2.40083
1401  1.02709  0.922901  -1.96401  2.40083
1402  1.02709  0.922901  -1.96401  2.40083
1403  -0.761438  0.642199  0.583091  1.15421
1404  1.39227  -1.72725  2.98409  3.71841
1405  -0.179669  -2.58842  1.81455  3.16619
1406  -0.236938  -0.912756  4.3418  4.44303
1407  -0.236938  -0.912756  4.3418  4.44303
1408  -0.236938  -0.912756  4.3418  4.44303
1409  1.89274  0.137484  2.98476  3.53697
1410  1.89274  0.137484  2.98476  3.53697
1411  1.89274  0.137484  2.98476  3.53697
1412  1.89274  0.137484  2.98476  3.53697
1413  1.89274  0.137484  2.98476  3.53697
1414  1.89274  0.137484  2.98476  3.53697
1415  0.610839  -2.16841  4.88544  5.37984
1416  0.610839  -2.16841  4.88544  5.37984
1417  2.29036  0.66115  3.38147  4.13729
1418  1.80535  -2.0677  2.71836  3.86317
1419  1.80868  -0.228375  4.43673  4.79667
1420  -0.421338  1.12299  3.06871  3.29478
1421  -0.421338  1.12299  3.06871  3.29478
1422  0.781727  1.95853  4.17348  4.67599
1423  0.781727  1.95853  4.17348  4.67599
1424  0.781727  1.95853  4.17348  4.67599
1425  0.781727  1.95853  4.17348  4.67599
1426  0.781727  1.95853  4.17348  4.67599
1427  -0.0176271  0.343751  3.80593  3.82146
1428  -2.73377  -0.351608  1.48172  3.12931
1429  -2.73377  -0.351608  1.48172  3.12931
1430  -2.73377  -0.351608  1.48172  3.12931
1431  -1.10183  -0.323046  2.89634  3.11563
1432  -1.10183  -0.323046  2.89634  3.11563
1433  -1.10183  -0.323046  2.89634  3.11563
1434  -1.41179  0.445036  3.36226  3.67369
1435  0.24736  -2.21075  1.99384  2.98731
1436  1.53297  0.467067  3.25759  3.63044
1437  1.53297  0.467067  3.25759  3.63044
1438  1.08268  -1.09869  2.47613  2.91728
1439  1.08268  -1.09869  2.47613  2.91728
1440  1.08268  -1.09869  2.47613  2.91728
1441  1.08268  -1.09869  2.47613  2.91728
1442  1.36383  0.722998  3.33302  3.67312
1443  -1.45244  0.642562  1.67642  2.3093
1444  -0.785505  -1.82215  2.08275  2.87665
1445  -0.785505  -1.82215  2.08275  2.87665
1446  -0.785505  -1.82215  2.08275  2.87665
1447  -0.785505  -1.82215  2.08275  2.87665
1448  -0.258663  -1.13552  2.16105  2.45488
1449  -0.258663  -1.13552  2.16105  2.45488
1450  -0.258663  -1.13552  2.16105  2.45488
1451  -0.258663  -1.13552  2.16105  2.45488
1452  -0.258663  -1.13552  2.16105  2.45488
1453  -0.258663  -1.13552  2.16105  2.45488
1454  -0.0905342  -0.409497  0.749815  0.859131
1455  -0.0905342  -0.409497  0.749815  0.859131
1456  -0.0905342  -0.409497  0.749815  0.859131
1457  -0.0905342  -0.409497  0.749815  0.859131
1458  1.19006  -1.43406  3.19985  3.70294
1459  1.19006  -1.43406  3.19985  3.70294
1460  1.19006  -1.43406  3.19985  3.70294
1461  -1.03511  -2.02464  2.81039  3.61509
1462  0.80795  -0.0438933  4.20268  4.27986
1463  0.80795  -0.0438933  4.20268  4.27986
1464  0.728264  1.75085  4.84928  5.20685
1465  -1.22089  1.51434  5.53392  5.86584
1466  -1.22089  1.51434  5.53392  5.86584
1467  -0.309158  2.08808  5.06968  5.49157
1468  -1.80075  3.32668  5.25074  6.47145
1469  -3.95037  2.39868  2.3812  5.19896
1470  -3.95037  2.39868  2.3812  5.19896
1471  -4.46857  4.11222  2.59167  6.60267
1472  -5.10932  3.28463  3.4792  6.99991
1473  -7.39263  4.33601  6.30239  10.6382
1474  -5.06138  3.81438  6.645  9.18276
1475  -5.06138  3.81438  6.645  9.18276
1476  -5.06138  3.81438  6.645  9.18276
1477  -5.06138  3.81438  6.645  9.18276
1478  -2.26447  5.23998  7.48665  9.41462
1479  -4.03635  7.27286  4.95404  9.68138
1480  -4.03635  7.27286  4.95404  9.68138
1481  -1.35363  5.23062  3.10415  6.23117
1482  -3.33724  3.07612  2.64436  5.25284
1483  -0.463081  1.70982  4.9494  5.25685
1484  -0.463081  1.70982  4.9494  5.25685
1485  -0.335081  0.798161  2.42326  2.57323
1486  -0.335081  0.798161  2.42326  2.57323
1487  -0.335081  0.798161  2.42326  2.57323
1488  -0.335081  0.798161  2.42326  2.57323
1489  2.32733  3.02522  1.32024  4.03874
1490  4.79403  0.356961  3.92832  6.2082
1491  2.99774  2.75406  1.50435  4.33986
1492  5.00198  3.26358  2.89605  6.63761
1493  4.59828  3.22287  4.32935  7.09044
1494  6.45358  0.697162  4.48461  7.88965
1495  7.54577  1.23837  5.09118  9.18653
1496  7.54577  1.23837  5.09118  9.18653
1497  8.20892  3.30753  2.59452  9.22267
1498  10.2178  2.64699  2.07354  10.7568
1499  10.2178  2.64699  2.07354  10.7568
1500  10.2178  2.64699  2.07354  10.7568
1501  9.19821  0.617468  1.31294  9.31193
1502  9.15167  -1.37092  3.31994  9.8313
1503  10.7282  1.43883  5.70876  12.2374
1504  8.97469  2.07246  7.48651  11.8696
1505  8.97469  2.07246  7.48651  11.8696
1506  8.3495  0.0779038  6.05362  10.3134
1507  8.81684  -1.82849  5.59401  10.6006
1508  8.81684  -1.82849  5.59401  10.6006
1509  6.8515  -3.02999  3.13288  8.12027
1510  6.8515  -3.02999  3.13288  8.12027
1511  6.8515  -3.02999  3.13288  8.12027
1512  7.17885  -2.99472  4.4517  8.96225
1513  7.17885  -2.99472  4.4517  8.96225
1514  5.84664  -2.08209  7.38542  9.6469
1515  6.11064  -2.98959  6.19919  9.20367
1516  6.11064  -2.98959  6.19919  9.20367
1517  5.65082  -1.23595  4.54942  7.35911
1518  5.65082  -1.23595  4.54942  7.35911
1519  4.26404  -1.94888  4.23639  6.31879
1520  1.61156  -1.07405  4.59546  4.98688
1521  -0.349708  -1.63663  4.92215  5.19889
1522  1.14112  1.17113  5.84592  6.0703
1523  2.11186  -1.76716  4.36045  5.15717
1524  -0.41455  -4.52975  3.2251  5.576
1525  1.71767  -2.39598  0.786295  3.05113
1526  1.71767  -2.39598  0.786295  3.05113
1527  1.36487  -4.07165  2.96621  5.21916
1528  1.36487  -4.07165  2.96621  5.21916
1529  1.36487  -4.07165  2.96621  5.21916
1530  3.8432  -3.54674  3.63859  6.37094
1531  2.85314  -1.65519  6.12729  6.95872
1532  1.20259  -0.229786  5.86608  5.99249
1533  -1.1227  -2.93056  3.02735  4.36044
1534  0.952557  -2.46096  1.42525  2.99917
1535  0.952557  -2.46096  1.42525  2.99917
1536  -0.544514  0.403027  1.1467  1.33185
1537  -0.544514  0.403027  1.1467  1.33185
1538  -0.544514  0.403027  1.1467  1.33185
1539  -0.544514  0.403027  1.1467  1.33185
1540  -0.544514  0.403027  1.1467  1.33185
1541  -0.544514  0.403027  1.1467  1.33185
1542  -0.544514  0.403027  1.1467  1.33185
1543  -0.544514  0.403027  1.1467  1.33185
1544  -0.544514  0.403027  1.1467  1.33185
1545  -0.544514  0.403027  1.1467  1.33185
1546  -0.544514  0.403027  1.1467  1.33185
1547  -0.544514  0.403027  1.1467  1.33185
1548  -0.544514  0.403027  1.1467  1.33185
1549  -0.931001  -0.641178  0.88577  1.43613
1550  0.144321  1.14964  1.04144  1.55792
1551  0.144321  1.14964  1.04144  1.55792
1552  -2.37974  -0.984251  -1.77234  3.1262
1553  -2.37974  -0.984251  -1.77234  3.1262
1554  -0.337115  -0.28237  -0.332033  0.551022
1555  -0.228231  -2.57235  -1.07584  2.79759
1556  -1.1587  -2.99158  -2.18648  3.88237
1557  0.644622  -3.34456  -3.63326  4.98018
1558  0.644622  -3.34456  -3.63326  4.98018
1559  1.91244  -3.38447  -1.96716  4.35681
1560  2.65595  -3.29821  0.591229  4.27573
1561  1.59017  -0.88788  2.66521  3.22805
1562  2.48977  -1.63407  1.23111  3.22254
1563  2.22513  -1.53034  3.62147  4.51754
1564  2.22513  -1.53034  3.62147  4.51754
1565  2.22513  -1.53034  3.62147  4.51754
1566  2.22513  -1.53034  3.62147  4.51754
1567  1.83229  -1.44848  2.12236  3.15592
1568  1.83229  -1.44848  2.12236  3.15592
1569  1.83229  -1.44848  2.12236  3.15592
1570  1.83229  -1.44848  2.12236  3.15592
1571  1.83229  -1.44848  2.12236  3.15592
1572  1.83229  -1.44848  2.12236  3.15592
1573  1.58219  -1.24468  4.05158  4.52414
1574  1.58219  -1.24468  4.05158  4.52414
1575  1.58219  -1.24468  4.05158  4.52414
1576  1.58219  -1.24468  4.05158  4.52414
1577  0.468558  -0.70347  2.33717  2.48531
1578  0.468558  -0.70347  2.33717  2.48531
1579  -0.207861  0.661785  2.50048  2.59491
1580  -0.875819  -1.42105  3.41397  3.80021
1581  -0.875819  -1.42105  3.41397  3.80021
1582  -0.875819  -1.42105  3.41397  3.80021
1583  -0.875819  -1.42105  3.41397  3.80021
1584  -2.27009  -2.09857  2.61233  4.04742
1585  -0.669515  0.065996  4.72655  4.77419
1586  -0.669515  0.065996  4.72655  4.77419
1587  -0.669515  0.065996  4.72655  4.77419
1588  -0.669515  0.065996  4.72655  4.77419
1589  -0.354191  -0.317779  3.44095  3.47369
1590  -0.354191  -0.317779  3.44095  3.47369
1591  -0.336418  -0.845694  4.76809  4.85418
1592  -0.665873  -3.39607  3.24256  4.74245
1593  0.615724  -3.73511  4.52646  5.90077
1594  -0.747809  -1.00321  4.70496  4.8685
1595  -0.747809  -1.00321  4.70496  4.8685
1596  -1.90872  -0.0181319  6.0141  6.30975
1597  -2.32721  0.408028  3.30625  4.0637
1598  -2.32721  0.408028  3.30625  4.0637
1599  -2.95857  1.70375  3.85558  5.14989
1600  -0.999858  0.550503  1.83513  2.16113
1601  -0.999858  0.550503  1.83513  2.16113
1602  -0.999858  0.550503  1.83513  2.16113
1603  -0.999858  0.550503  1.83513  2.16113
1604  -0.999858  0.550503  1.83513  2.16113
1605  -0.999858  0.550503  1.83513  2.16113
1606  -0.999858  0.550503  1.83513  2.16113
1607  -0.999858  0.550503  1.83513  2.16113
1608  -0.999858  0.550503  1.83513  2.16113
1609  -0.0170175  -0.266809  1.2651  1.29304
1610  -0.0170175  -0.266809  1.2651  1.29304
1611  -1.66228  -0.418335  1.68814  2.40582
1612  0.379962  -0.900513  -0.335122  1.03325
1613  -2.49196  -0.00899487  0.738176  2.59901
1614  -2.49196  -0.00899487  0.738176  2.59901
1615  -3.21138  0.629727  2.41061  4.06455
1616  -3.21138  0.629727  2.41061  4.06455
1617  -2.42109  -1.30996  2.00277  3.40423
1618  -2.42109  -1.30996  2.00277  3.40423
1619  -0.216887  0.212203  4.5199  4.53008
1620  0.528498  -0.195357  2.61962  2.67953
1621  0.528498  -0.195357  2.61962  2.67953
1622  3.22454  2.53892  3.27923  5.25329
1623  2.44387  0.18783  4.53017  5.15075
1624  2.24431  2.39447  2.60706  4.19132
1625  1.57467  5.01039  4.78627  7.10577
1626  1.57467  5.01039  4.78627  7.10577
1627  4.24862  2.8804  4.82666  7.04586
1628  4.30189  3.71222  3.63924  6.74766
1629  4.30189  3.71222  3.63924  6.74766
1630  4.30189  3.71222  3.63924  6.74766
1631  4.30189  3.71222  3.63924  6.74766
1632  3.91616  1.73878  1.32782  4.48584
1633  3.91616  1.73878  1.32782  4.48584
1634  3.91616  1.73878  1.32782  4.48584
1635  2.95479  -0.376946  0.600578  3.03868
1636  0.060422  1.40555  1.12028  1.79841
1637  -2.74885  0.769631  1.24464  3.11411
1638  -1.06971  2.01086  1.88811  2.95851
1639  -1.97437  3.46893  -0.957841  4.10476
1640  -1.97437  3.46893  -0.957841  4.10476
1641  -3.93082  2.28148  -3.0814  5.49104
1642  -3.93082  2.28148  -3.0814  5.49104
1643  -3.66391  2.37112  -2.29389  4.93035
1644  -3.38424  -0.292048  -4.33657  5.50856
1645  -3.28498  -1.70563  -3.41047  5.03305
1646  -3.28498  -1.70563  -3.41047  5.03305
1647  -1.8523  -1.14239  -3.26663  3.92517
1648  -1.13264  1.22644  -4.7215  5.00795
1649  -1.06435  3.61813  -3.0613  4.8575
1650  -1.06435  3.61813  -3.0613  4.8575
1651  -1.06435  3.61813  -3.0613  4.8575
1652  1.50378  1.46651  -5.64508  6.0232
1653  1.50378  1.46651  -5.64508  6.0232
1654  2.7218  -1.18287  -4.32009  5.24123
1655  1.31263  0.49383  -3.13134  3.43105
1656  1.31263  0.49383  -3.13134  3.43105
1657  1.31263  0.49383  -3.13134  3.43105
1658  1.31263  0.49383  -3.13134  3.43105
1659  1.31263  0.49383  -3.13134  3.43105
1660  1.31263  0.49383  -3.13134  3.43105
1661  1.31263  0.49383  -3.13134  3.43105
1662  3.16171  1.04774  -3.83503  5.07953
1663  3.16171  1.04774  -3.83503  5.07953
1664  0.268023  3.26304  -1.03972  3.43515
1665  0.268023  3.26304  -1.03972  3.43515
1666  1.44617  4.37861  -1.74501  4.93039
1667  1.44617  4.37861  -1.74501  4.93039
1668  1.44617  4.37861  -1.74501  4.93039
1669  3.34136  2.97724  -0.846477  4.55469
1670  3.34136  2.97724  -0.846477  4.55469
1671  0.497665  0.547107  1.8851  2.02499
1672  0.497665  0.547107  1.8851  2.02499
1673  0.497665  0.547107  1.8851  2.02499
1674  0.497665  0.547107  1.8851  2.02499
1675  0.497665  0.547107  1.8851  2.02499
1676  0.497665  0.547107  1.8851  2.02499
1677  0.497665  0.547107  1.8851  2.02499
1678  -1.06422  2.00479  3.19868  3.92216
1679  -1.06422  2.00479  3.19868  3.92216
1680  -1.06422  2.00479  3.19868  3.92216
1681  -1.06422  2.00479  3.19868  3.92216
1682  -1.4859  1.67331  0.740959  2.35731
1683  -2.24625  0.560282  2.76288  3.60458
1684  -2.24625  0.560282  2.76288  3.60458
1685  -2.24625  0.560282  2.76288  3.60458
1686  -2.24625  0.560282  2.76288  3.60458
1687  -2.24625  0.560282  2.76288  3.60458
1688  -2.24625  0.560282  2.76288  3.60458
1689  0.669236  1.40438  1.82014  2.39438
1690  0.369654  2.83976  2.88632  4.06592
1691  0.369654  2.83976  2.88632  4.06592
1692  0.369654  2.83976  2.88632  4.06592
1693  0.369654  2.83976  2.88632  4.06592
1694  -0.473391  1.10077  1.28903  1.75994
1695  -0.473391  1.10077  1.28903  1.75994
1696  -1.09331  0.873761  1.6443  2.15928
1697  -1.09331  0.873761  1.6443  2.15928
1698  -1.09331  0.873761  1.6443  2.15928
1699  -1.09331  0.873761  1.6443  2.15928
1700  -1.09331  0.873761  1.6443  2.15928
1701  -1.09847  -0.104298  2.35752  2.60296
1702  -1.09847  -0.104298  2.35752  2.60296
1703  -0.970354  0.818939  3.40585  3.63484
1704  -0.970354  0.818939  3.40585  3.63484
1705  -0.970354  0.818939  3.40585  3.63484
1706  0.386506  -1.63294  2.71565  3.19228
1707  0.386506  -1.63294  2.71565  3.19228
1708  -0.582288  -1.13751  3.79226  4.00177
1709  -0.582288  -1.13751  3.79226  4.00177
1710  -0.582288  -1.13751  3.79226  4.00177
1711  -0.582288  -1.13751  3.79226  4.00177
1712  -0.621471  1.74584  3.40205  3.87403
1713  0.236559  1.4282  1.26352  1.92151
1714  0.236559  1.4282  1.26352  1.92151
1715  0.236559  1.4282  1.26352  1.92151
1716  0.236559  1.4282  1.26352  1.92151
1717  0.236559  1.4282  1.26352  1.92151
1718  -0.17048  1.71323  1.75506  2.45855
1719  -0.17048  1.71323  1.75506  2.45855
1720  1.95561  1.59424  4.04704  4.76913
1721  1.95561  1.59424  4.04704  4.76913
1722  1.95561  1.59424  4.04704  4.76913
1723  1.95561  1.59424  4.04704  4.76913
1724  1.95561  1.59424  4.04704  4.76913
1725  1.5872  2.9647  1.88992  3.85752
1726  2.49457  2.5539  1.98629  4.08542
1727  2.49457  2.5539  1.98629  4.08542
1728  2.49457  2.5539  1.98629  4.08542
1729  2.49457  2.5539  1.98629  4.08542
1730  2.49457  2.5539  1.98629  4.08542
1731  2.49457  2.5539  1.98629  4.08542
1732  2.49457  2.5539  1.98629  4.08542
1733  2.49457  2.5539  1.98629  4.08542
1734  2.49457  2.5539  1.98629  4.08542
1735  2.49457  2.5539  1.98629  4.08542
1736  2.49457  2.5539  1.98629  4.08542
1737  1.36354  2.94167  1.3987  3.53116
1738  -0.159504  4.27821  2.13738  4.78507
1739  -0.159504  4.27821  2.13738  4.78507
1740  2.52436  4.11277  3.66163  6.05762
1741  2.52436  4.11277  3.66163  6.05762
1742  -0.00240627  3.02371  5.83044  6.56786
1743  -0.753301  1.91311  4.31463  4.77949
1744  0.00736148  2.55095  3.22406  4.1112
1745  -1.45645  2.02294  4.52955  5.17014
1746  -1.45645  2.02294  4.52955  5.17014
1747  -0.389251  3.53606  5.54197  6.58549
1748  -0.389251  3.53606  5.54197  6.58549
1749  -0.389251  3.53606  5.54197  6.58549
1750  -0.389251  3.53606  5.54197  6.58549
1751  -0.372479  0.8283  8.27869  8.32836
1752  -2.35381  0.224365  8.55782  8.87846
1753  -2.35381  0.224365  8.55782  8.87846
1754  -0.58865  -0.373608  7.78018  7.81136
1755  -0.58865  -0.373608  7.78018  7.81136
1756  -0.58865  -0.373608  7.78018  7.81136
1757  0.959385  2.36733  8.40314  8.7828
1758  0.959385  2.36733  8.40314  8.7828
1759  2.22085  0.382251  9.75445  10.0114
1760  2.22085  0.382251  9.75445  10.0114
1761  0.387044  2.16961  10.2135  10.4485
1762  0.789333  1.95656  11.6989  11.8876
1763  -0.712019  1.10786  14.2055  14.2664
1764  -0.712019  1.10786  14.2055  14.2664
1765  -0.712019  1.10786  14.2055  14.2664
1766  -0.712019  1.10786  14.2055  14.2664
1767  -2.67025  -1.61779  12.2345  12.6266
1768  -2.67025  -1.61779  12.2345  12.6266
1769  -2.67025  -1.61779  12.2345  12.6266
1770  -3.99196  -4.37895  10.1809  11.7797
1771  -2.58482  -3.65134  10.5075  11.4202
1772  -2.52899  -3.35521  7.80962  8.86811
1773  -3.00218  -3.64664  5.68155  7.38858
1774  -0.0778602  -1.12325  4.14733  4.29745
1775  2.4192  -0.860543  1.68824  3.07298
1776  1.48559  -1.9686  3.76356  4.49964
1777  1.48559  -1.9686  3.76356  4.49964
1778  1.48559  -1.9686  3.76356  4.49964
1779  1.48559  -1.9686  3.76356  4.49964
1780  -0.779721  0.419206  4.80197  4.88289
1781  -2.89749  -0.0868523  5.92483  6.59595
1782  -2.89749  -0.0868523  5.92483  6.59595
1783  -4.59238  -0.0939856  4.9477  6.75119
1784  -3.989  1.89828  5.5008  7.05509
1785  -1.637  -0.995777  3.18873  3.72012
1786  -1.637  -0.995777  3.18873  3.72012
1787  -1.637  -0.995777  3.18873  3.72012
1788  -1.637  -0.995777  3.18873  3.72012
1789  0.406032  0.252038  4.70164  4.72587
1790  -1.47848  2.57819  4.16372  5.11562
1791  -0.360919  2.13292  2.75965  3.50647
1792  -0.360919  2.13292  2.75965  3.50647
1793  -0.360919  2.13292  2.75965  3.50647
1794  -0.360919  2.13292  2.75965  3.50647
1795  0.146136  -0.237978  2.29525  2.31218
1796  0.146136  -0.237978  2.29525  2.31218
1797  0.146136  -0.237978  2.29525  2.31218
1798  0.146136  -0.237978  2.29525  2.31218
1799  0.146136  -0.237978  2.29525  2.31218
1800  2.4561  0.90527  3.01002  3.989
1801  -0.265011  3.28418  2.58223  4.18617
1802  -0.265011  3.28418  2.58223  4.18617
1803  -1.48273  2.03968  3.99001  4.72006
1804  -1.48273  2.03968  3.99001  4.72006
1805  -2.92164  0.399913  4.81851  5.64925
1806  -4.4625  2.86156  5.72679  7.80376
1807  -2.17372  1.39479  6.99039  7.45225
1808  -2.72767  2.63127  8.7452  9.53112
1809  -2.72767  2.63127  8.7452  9.53112
1810  -3.09944  4.68969  7.41795  9.3073
1811  -3.09944  4.68969  7.41795  9.3073
1812  -0.656254  7.06221  7.34761  10.2124
1813  0.836529  7.47341  4.61676  8.82418
1814  0.836529  7.47341  4.61676  8.82418
1815  3.50501  5.6887  5.03903  8.36888
1816  1.34454  6.13104  3.08475  6.99379
1817  1.90496  6.17568  2.82601  7.05367
1818  1.90496  6.17568  2.82601  7.05367
1819  1.90496  6.17568  2.82601  7.05367
1820  0.118396  3.32287  3.9999  5.20142
1821  0.118396  3.32287  3.9999  5.20142
1822  0.118396  3.32287  3.9999  5.20142
1823  0.8084  3.05207  5.51775  6.35722
1824  0.915341  3.08439  3.68064  4.8886
1825  3.03207  1.53061  4.20286  5.40372
1826  3.03207  1.53061  4.20286  5.40372
1827  3.02255  -0.0364763  4.02898  5.03685
1828  1.13715  -2.14999  4.84533  5.42151
1829  -0.921901  -3.97048  3.33482  5.26646
1830  -0.921901  -3.97048  3.33482  5.26646
1831  -0.921901  -3.97048  3.33482  5.26646
1832  -0.921901  -3.97048  3.33482  5.26646
1833  -0.921901  -3.97048  3.33482  5.26646
1834  -0.921901  -3.97048  3.33482  5.26646
1835  -3.71681  -6.41905  2.9418  7.97954
1836  -3.71681  -6.41905  2.9418  7.97954
1837  -3.71681  -6.41905  2.9418  7.97954
1838  -3.71681  -6.41905  2.9418  7.97954
1839  -2.47352  -6.74807  2.70362  7.67882
1840  -2.47352  -6.74807  2.70362  7.67882
1841  -2.47352  -6.74807  2.70362  7.67882
1842  -2.47352  -6.74807  2.70362  7.67882
1843  -2.47352  -6.74807  2.70362  7.67882
1844  -3.84212  -8.10458  3.09149  9.48702
1845  -4.73337  -8.77539  2.95293  10.3987
1846  -4.73337  -8.77539  2.95293  10.3987
1847  -7.28431  -8.3622  5.04677  12.1843
1848  -5.5819  -7.7503  5.22703  10.8879
1849  -5.5819  -7.7503  5.22703  10.8879
1850  -5.5819  -7.7503  5.22703  10.8879
1851  -5.5819  -7.7503  5.22703  10.8879
1852  -5.5819  -7.7503  5.22703  10.8879
1853  -5.5819  -7.7503  5.22703  10.8879
1854  -7.29656  -5.70589  5.24809  10.6461
1855  -5.67381  -8.01316  2.45829  10.1216
1856  -5.17107  -8.26447  4.57015  10.767
1857  -5.27004  -5.40541  5.39878  9.28109
1858  -3.2387  -5.89096  4.2641  7.96085
1859  -4.15175  -3.03331  3.24062  6.07779
1860  -1.22395  -1.00527  2.38195  2.86047
1861  -2.16626  0.25529  4.22411  4.75405
1862  -2.16626  0.25529  4.22411  4.75405
1863  -0.251425  0.249114  3.78902  3.80552
1864  -0.251425  0.249114  3.78902  3.80552
1865  2.00531  -1.40508  2.76547  3.69369
1866  -0.176671  -0.809768  3.54896  3.64446
1867  0.584068  -0.340709  3.45047  3.5161
1868  0.584068  -0.340709  3.45047  3.5161
1869  0.584068  -0.340709  3.45047  3.5161
1870  0.584068  -0.340709  3.45047  3.5161
1871  1.8079  1.46221  4.54214  5.1027
1872  1.8079  1.46221  4.54214  5.1027
1873  1.8079  1.46221  4.54214  5.1027
1874  2.21686  -0.271457  3.61555  4.24975
1875  0.992922  2.4688  4.0078  4.81075
1876  0.992922  2.4688  4.0078  4.81075
1877  0.992922  2.4688  4.0078  4.81075
1878  2.8503  -0.0572235  5.91783  6.56873
1879  2.8503  -0.0572235  5.91783  6.56873
1880  2.89109  -2.48527  5.22667  6.46939
1881  2.89109  -2.48527  5.22667  6.46939
1882  0.190155  -2.19722  6.54102  6.90281
1883  0.190155  -2.19722  6.54102  6.90281
1884  0.190155  -2.19722  6.54102  6.90281
1885  1.06688  -0.254868  5.95645  6.05661
1886  -1.36858  2.24686  4.37756  5.1073
1887  -1.36858  2.24686  4.37756  5.1073
1888  -1.36858  2.24686  4.37756  5.1073
1889  1.5463  0.894444  6.97644  7.20151
1890  3.98943  1.50951  7.4626  8.59561
1891  3.98943  1.50951  7.4626  8.59561
1892  3.98943  1.50951  7.4626  8.59561
1893  1.08503  3.8126  4.779  6.20903
1894  1.08503  3.8126  4.779  6.20903
1895  1.08503  3.8126  4.779  6.20903
1896  1.08503  3.8126  4.779  6.20903
1897  -0.108914  1.76896  4.59431  4.9243
1898  0.687767  4.08176  3.50454  5.42361
1899  -1.46333  2.36914  2.39746  3.6745
1900  -1.46333  2.36914  2.39746  3.6745
1901  -1.46333  2.36914  2.39746  3.6745
1902  -2.0578  2.43942  4.36329  5.40589
1903  0.177502  3.16475  2.17648  3.84502
1904  0.177502  3.16475  2.17648  3.84502
1905  0.177502  3.16475  2.17648  3.84502
1906  -1.7228  2.52483  1.79725  3.54583
1907  -1.7228  2.52483  1.79725  3.54583
1908  -0.647561  2.96842  3.03765  4.2963
1909  -0.647561  2.96842  3.03765  4.2963
1910  -1.92601  1.14121  4.40655  4.94263
1911  0.634943  -0.110866  2.84266  2.91482
1912  0.634943  -0.110866  2.84266  2.91482
1913  -1.97166  0.425899  2.85079  3.49225
1914  -2.46855  0.0836884  3.2972  4.11974
1915  -0.401444  -0.706478  0.77775  1.12479
1916  0.802648  -0.932569  1.70157  2.09983
1917  0.802648  -0.932569  1.70157  2.09983
1918  0.802648  -0.932569  1.70157  2.09983
1919  0.802648  -0.932569  1.70157  2.09983
1920  0.802648  -0.932569  1.70157  2.09983
1921  -2.11637  -0.0561829  2.72824  3.45333
1922  -2.11637  -0.0561829  2.72824  3.45333
1923  -0.627011  0.191884  1.32053  1.47437
1924  -0.627011  0.191884  1.32053  1.47437
1925  -0.627011  0.191884  1.32053  1.47437
1926  1.69972  -1.38814  2.16149  3.08026
1927  3.24418  1.30318  1.22486  3.70449
1928  2.97082  -0.225136  1.22609  3.22176
1929  2.16391  2.29676  1.84939  3.65758
1930  2.16391  2.29676  1.84939  3.65758
1931  2.16391  2.29676  1.84939  3.65758
1932  2.16391  2.29676  1.84939  3.65758
1933  2.16391  2.29676  1.84939  3.65758
1934  2.16391  2.29676  1.84939  3.65758
1935  2.16391  2.29676  1.84939  3.65758
1936  2.16391  2.29676  1.84939  3.65758
1937  2.16391  2.29676  1.84939  3.65758
1938  1.54808  0.855873  4.26842  4.62045
1939  3.21914  0.130633  1.5079  3.5572
1940  3.48862  1.74266  2.38201  4.56961
1941  2.69416  -0.432231  3.24582  4.24036
1942  3.92313  -2.66505  1.3647  4.93516
1943  3.92313  -2.66505  1.3647  4.93516
1944  2.25459  -2.61531  0.831044  3.55157
1945  3.32377  -0.203208  2.68931  4.28032
1946  1.9659  0.977558  1.60272  2.71829
1947  1.9659  0.977558  1.60272  2.71829
1948  1.34909  2.99922  4.23876  5.36492
1949  -0.748907  2.80492  4.62719  5.46254
1950  -0.748907  2.80492  4.62719  5.46254
1951  -0.887711  2.93888  4.63196  5.55699
1952  1.63473  4.49356  2.09043  5.21865
1953  1.63473  4.49356  2.09043  5.21865
1954  0.958317  4.1173  2.97069  5.16677
1955  0.958317  4.1173  2.97069  5.16677
1956  0.958317  4.1173  2.97069  5.16677
1957  -1.16287  2.64929  4.78673  5.59319
1958  -1.23289  1.66473  2.54997  3.28538
1959  -1.23289  1.66473  2.54997  3.28538
1960  0.271828  3.37316  3.92933  5.18572
1961  0.271828  3.37316  3.92933  5.18572
1962  0.271828  3.37316  3.92933  5.18572
1963  0.210823  3.5168  5.36856  6.42135
1964  -2.30856  6.35183  6.85621  9.6272
1965  -2.54132  7.82768  5.72423  10.0249
1966  -2.88358  8.1123  7.9803  11.7392
1967  -5.53949  7.54109  6.79677  11.565
1968  -3.21235  7.38995  4.47232  9.21587
1969  -1.37545  10.1779  2.93503  10.6816
1970  -1.37545  10.1779  2.93503  10.6816
1971  1.15484  8.8478  2.94282  9.39561
1972  1.15484  8.8478  2.94282  9.39561
1973  1.15484  8.8478  2.94282  9.39561
1974  1.15484  8.8478  2.94282  9.39561
1975  1.93937  6.11983  0.65628  6.45323
1976  4.12558  3.34887  3.47791  6.35068
1977  2.94943  4.43756  2.20898  5.76807
1978  1.94932  6.49453  3.60326  7.67868
1979  1.94932  6.49453  3.60326  7.67868
1980  1.94932  6.49453  3.60326  7.67868
1981  1.94932  6.49453  3.60326  7.67868
1982  1.94932  6.49453  3.60326  7.67868
1983  -0.414939  9.40273  5.10077  10.7052
1984  -0.414939  9.40273  5.10077  10.7052
1985  2.20836  7.76198  4.68589  9.33181
1986  3.52944  4.89579  3.83407  7.15023
1987  3.52944  4.89579  3.83407  7.15023
1988  3.52944  4.89579  3.83407  7.15023
1989  1.82856  3.67824  3.19941  5.20666
1990  0.352234  2.0905  1.61099  2.66263
1991  3.26972  2.2731  1.28291  4.18376
1992  3.26972  2.2731  1.28291  4.18376
1993  3.24271  1.10645  2.30523  4.12959
1994  3.24271  1.10645  2.30523  4.12959
1995  2.47297  2.98516  4.5615  5.98616
1996  0.16722  2.25299  2.94974  3.71549
1997  -1.23827  1.21216  4.10288  4.4538
1998  -1.23827  1.21216  4.10288  4.4538
1999  0.398877  0.574087  1.93867  2.06086
2000  0.398877  0.574087  1.93867  2.06086
