0 100  100  100  173.205
1  97.7812  98.0591  101.35  171.606
2  97.6466  98.4815  102.556  172.485
3  97.6466  98.4815  102.556  172.485
4  99.2698  95.6658  100.606  170.669
5  97.9717  95.9354  97.7674  168.406
6  95.4118  97.4328  96.1984  166.885
7  95.4118  97.4328  96.1984  166.885
8  93.9882  95.8997  96.0325  165.084
9  94.675  96.3729  93.5862  164.346
10  97.2144  97.8667  93.5971  166.7
11  98.3081  97.0985  94.4906  167.395
12  99.357  94.736  92.2618  165.405
13  99.8113  96.7352  89.6321  165.39
14  99.8113  96.7352  89.6321  165.39
15  102.274  99.3217  91.4742  169.388
16  100.121  96.6961  92.7291  167.251
17  102.976  96.1024  91.3929  167.906
18  103.2  94.8217  91.2843  167.255
19  101.522  91.9867  89.0161  163.378
20  100.105  89.8727  91.3814  162.631
21  100.105  89.8727  91.3814  162.631
22  98.3487  87.8682  92.41  161.037
23  97.7601  86.8501  95.2704  161.791
24  97.389  84.0788  97.3035  161.313
25  97.389  84.0788  97.3035  161.313
26  97.389  84.0788  97.3035  161.313
27  99.6347  82.8465  98.9612  163.046
28  99.6347  82.8465  98.9612  163.046
29  98.2261  84.9439  99.2423  163.441
30  98.2261  84.9439  99.2423  163.441
31  97.2949  86.473  96.534  162.058
32  97.2949  86.473  96.534  162.058
33  94.6875  83.9905  94.1051  157.721
34  96.4107  81.6908  93.2015  157.019
35  96.067  84.2582  95.6485  159.615
36  93.5852  82.9031  98.0144  158.865
37  95.4919  83.7624  96.1765  159.326
38  92.9052  81.5976  93.3127  154.909
39  92.9052  81.5976  93.3127  154.909
40  92.9052  81.5976  93.3127  154.909
41  93.4839  80.1185  94.8316  155.407
42  93.4592  82.3969  94.0025  156.078
43  93.4592  82.3969  94.0025  156.078
44  93.4592  82.3969  94.0025  156.078
45  90.5196  83.3172  92.8051  154.105
46  91.2504  84.0876  90.5144  153.591
47  91.2504  84.0876  90.5144  153.591
48  91.2504  84.0876  90.5144  153.591
49  91.2504  84.0876  90.5144  153.591
50  91.9451  82.0278  90.742  153.025
51  92.1812  81.2961  91.6998  153.347
52  90.3161  78.4065  91.2645  150.445
53  88.6035  75.6583  90.2435  147.372
54  88.6778  75.4782  90.3629  147.398
55  86.0488  75.8823  92.737  147.522
56  84.8291  76.4362  91.1297  146.093
57  82.334  74.1894  88.2886  141.696
58  80.1536  75.1453  87.3798  140.38
59  77.586  72.3378  87.7046  137.639
60  79.0644  69.4138  87.0601  136.561
61  78.8546  67.6676  88.9425  136.776
62  78.8546  67.6676  88.9425  136.776
63  78.8546  67.6676  88.9425  136.776
64  77.7772  67.6242  90.3373  137.052
65  76.834  67.6046  91.8788  137.534
66  77.2056  65.7884  92.8622  137.522
67  75.0215  66.9464  92.8036  136.83
68  74.6379  67.8984  92.8459  137.118
69  73.9809  65.5975  89.995  133.699
70  72.3775  65.2772  89.2028  132.124
71  71.835  62.8848  91.7729  132.427
72  73.4498  63.8255  89.5103  132.214
73  74.042  63.1718  89.9091  132.501
74  74.042  63.1718  89.9091  132.501
75  71.1603  62.2251  90.1127  130.599
76  71.1603  62.2251  90.1127  130.599
77  71.1603  62.2251  90.1127  130.599
78  70.5955  61.5683  88.1698  128.64
79  72.8009  60.449  86.0719  127.916
80  72.8009  60.449  86.0719  127.916
81  72.8009  60.449  86.0719  127.916
82  72.2608  57.804  88.2824  127.893
83  70.1407  55.0682  85.5938  123.606
84  70.1407  55.0682  85.5938  123.606
85  68.7644  53.6077  87.9882  123.872
86  66.4193  52.3034  85.9441  120.555
87  66.4193  52.3034  85.9441  120.555
88  66.4193  52.3034  85.9441  120.555
89  66.0109  54.4921  83.8977  119.857
90  66.0109  54.4921  83.8977  119.857
91  66.0109  54.4921  83.8977  119.857
92  66.0715  53.8548  82.9168  118.916
93  66.0715  53.8548  82.9168  118.916
94  68.5665  54.2412  83.1651  120.664
95  68.5665  54.2412  83.1651  120.664
96  68.5665  54.2412  83.1651  120.664
97  66.2357  55.8437  82.8558  119.878
98  67.5273  55.3511  82.9152  120.41
99  65.8849  57.806  81.3604  119.59
100  65.8849  57.806  81.3604  119.59
101  64.3583  59.4747  83.7535  121.218
102  62.5449  57.1  86.4783  121.04
103  64.5371  57.4762  83.6198  120.253
104  64.5371  57.4762  83.6198  120.253
105  64.2378  54.9699  86.4549  120.924
106  64.2378  54.9699  86.4549  120.924
107  67.1634  54.8604  85.0985  121.5
108  69.27  52.3992  82.9704  120.117
109  69.6102  50.2668  80.5182  117.709
110  67.119  52.535  79.7119  116.7
111  65.7608  51.158  80.6883  115.984
112  66.5723  49.6623  78.1169  114.02
113  66.5346  49.6542  76.2066  112.694
114  68.9326  47.8474  74.9278  112.496
115  69.7296  47.2097  74.9994  112.765
116  69.7296  47.2097  74.9994  112.765
117  68.5172  45.201  72.749  109.682
118  66.4469  44.6478  75.0916  109.76
119  66.417  46.9462  76.1998  111.452
120  66.313  45.5782  76.9511  111.338
121  67.0787  45.604  74.3979  110.065
122  67.0787  45.604  74.3979  110.065
123  66.5812  45.9314  72.057  108.328
124  64.6055  46.78  70.9634  106.762
125  65.759  49.2912  69.4143  107.574
126  64.6472  48.5567  71.1041  107.67
127  63.1374  46.5132  72.2965  106.661
128  62.6221  46.4408  71.6624  105.895
129  62.6221  46.4408  71.6624  105.895
130  62.6221  46.4408  71.6624  105.895
131  62.6221  46.4408  71.6624  105.895
132  63.7606  48.1422  69.17  105.677
133  64.2298  48.9938  67.9143  105.538
134  62.1308  46.3977  65.6609  101.609
135  63.9829  48.7979  64.7702  103.297
136  66.5298  47.1406  63.1189  103.114
137  63.5929  47.0866  60.3379  99.5082
138  66.3682  48.777  60.7525  102.346
139  63.8071  51.4144  62.762  103.218
140  61.2537  51.5618  61.1994  100.777
141  60.0894  51.9026  60.3703  99.7456
142  60.8592  49.4079  61.0398  99.3521
143  61.0675  46.9726  58.2503  96.5855
144  62.4112  47.7511  55.9202  96.4489
145  64.9561  45.5106  58.5331  98.573
146  65.6109  43.8187  58.0983  97.981
147  65.6077  41.617  59.8365  98.065
148  66.0404  41.7572  59.2012  98.0295
149  66.0404  41.7572  59.2012  98.0295
150  64.8941  43.028  58.4845  97.3812
151  63.2922  45.9196  56.8534  96.6789
152  61.3907  46.2273  57.8867  96.2115
153  59.0517  46.1459  57.4703  94.4424
154  61.5236  47.5634  54.8  95.134
155  61.5236  47.5634  54.8  95.134
156  58.6899  46.2912  53.6582  92.014
157  59.6873  44.2511  52.4051  90.9232
158  59.6873  44.2511  52.4051  90.9232
159  60.9163  41.325  52.0012  90.1259
160  60.9971  41.2777  54.436  91.5848
161  58.3937  40.5252  56.3054  90.6775
162  58.3937  40.5252  56.3054  90.6775
163  58.3937  40.5252  56.3054  90.6775
164  58.3937  40.5252  56.3054  90.6775
165  58.3937  40.5252  56.3054  90.6775
166  59.2698  42.402  53.856  90.6163
167  58.1664  43.2145  54.72  90.8025
168  58.1664  43.2145  54.72  90.8025
169  60.848  45.4509  55.2888  93.9421
170  62.0638  44.6783  53.3295  93.2314
171  62.0638  44.6783  53.3295  93.2314
172  63.7454  46.1459  50.8175  93.6768
173  62.5512  46.4576  51.8946  93.6163
174  64.8305  44.4395  49.6767  92.9819
175  64.4118  41.622  49.4083  91.2275
176  65.0798  38.7684  51.245  91.4572
177  65.0798  38.7684  51.245  91.4572
178  64.0213  36.459  49.275  88.6341
179  66.1535  34.325  48.665  89.01
180  67.6806  31.6669  45.7904  87.6368
181  66.4225  29.378  43.4821  84.6505
182  66.4718  26.7489  45.3403  84.7923
183  63.9759  28.0005  46.5183  83.9101
184  63.9759  28.0005  46.5183  83.9101
185  63.9759  28.0005  46.5183  83.9101
186  64.4534  29.0179  45.4744  84.0488
187  61.7874  28.6797  48.334  83.5248
188  61.7874  28.6797  48.334  83.5248
189  61.7874  28.6797  48.334  83.5248
190  61.7874  28.6797  48.334  83.5248
191  61.7874  28.6797  48.334  83.5248
192  59.7954  26.1191  45.6212  79.6178
193  59.2256  24.9002  42.8382  77.2192
194  59.2256  24.9002  42.8382  77.2192
195  59.2256  24.9002  42.8382  77.2192
196  56.7475  27.1515  43.7788  76.6424
197  54.0584  24.5591  41.7913  72.6084
198  53.8631  23.4664  41.1007  71.702
199  55.1879  21.6908  40.1532  71.6134
200  56.3596  22.2344  37.6813  71.3488
201  56.3596  22.2344  37.6813  71.3488
202  54.9555  23.3449  37.6525  70.589
203  54.9555  23.3449  37.6525  70.589
204  54.9555  23.3449  37.6525  70.589
205  54.9555  23.3449  37.6525  70.589
206  53.8347  23.4108  38.7063  70.3166
207  53.8347  23.4108  38.7063  70.3166
208  53.5194  24.5879  39.0733  70.6796
209  53.3622  22.699  40.9577  70.9951
210  53.3622  22.699  40.9577  70.9951
211  52.3603  22.6094  43.3597  71.6439
212  52.3603  22.6094  43.3597  71.6439
213  52.3603  22.6094  43.3597  71.6439
214  54.0636  20.7184  42.5014  71.8226
215  56.6926  20.3701  39.7416  72.1692
216  56.6926  20.3701  39.7416  72.1692
217  57.4992  19.9646  40.4751  73.0956
218  58.9009  17.4591  38.5692  72.5377
219  58.9009  17.4591  38.5692  72.5377
220  59.8818  20.225  36.9165  73.1964
221  59.8818  20.225  36.9165  73.1964
222  57.7057  20.8907  35.969  71.1346
223  55.156  21.2914  34.3019  68.3529
224  53.8889  23.9641  31.7216  66.9668
225  51.9336  21.8442  34.1769  65.8963
226  51.9336  21.8442  34.1769  65.8963
227  50.3895  23.1468  32.3688  64.2076
228  48.3058  24.7709  30.3581  62.1986
229  48.4663  25.4328  29.7844  62.3131
230  47.6191  27.5864  27.4726  61.5088
231  47.6191  27.5864  27.4726  61.5088
232  47.6191  27.5864  27.4726  61.5088
233  47.6191  27.5864  27.4726  61.5088
234  47.6191  27.5864  27.4726  61.5088
235  47.9391  29.7375  26.0345  62.131
236  47.9391  29.7375  26.0345  62.131
237  47.4085  29.8817  24.1272  61.0132
238  47.4085  29.8817  24.1272  61.0132
239  44.6696  31.4023  25.7307  60.3618
240  46.9399  29.1321  25.1364  60.695
241  46.9399  29.1321  25.1364  60.695
242  46.1589  31.8311  26.2617  61.9156
243  46.1589  31.8311  26.2617  61.9156
244  46.1589  31.8311  26.2617  61.9156
245  46.732  34.5365  25.6369  63.513
246  44.3177  35.7739  24.8362  62.1343
247  43.657  35.1861  23.7502  60.8939
248  42.7153  33.8667  25.1477  60.033
249  40.11  32.0778  23.2228  56.3657
250  40.11  32.0778  23.2228  56.3657
251  40.11  32.0778  23.2228  56.3657
252  40.8579  29.3309  20.4498  54.2943
253  41.3484  27.3659  20.9477  53.8274
254  40.2623  29.2422  18.1735  52.9758
255  41.9141  28.1265  19.0539  53.9532
256  40.301  28.1106  19.6692  52.9269
257  38.8293  29.8059  17.8876  52.1159
258  39.4085  27.4808  15.4115  50.4553
259  41.2257  24.7304  16.691  50.8895
260  41.2257  24.7304  16.691  50.8895
261  41.2257  24.7304  16.691  50.8895
262  43.5234  22.5113  15.134  51.2843
263  43.5234  22.5113  15.134  51.2843
264  43.5234  22.5113  15.134  51.2843
265  46.3601  24.0876  17.9998  55.2582
266  46.3601  24.0876  17.9998  55.2582
267  45.4877  25.9633  16.0246  54.7724
268  42.5498  27.1327  13.7849  52.3134
269  40.7995  24.8845  15.7705  50.3244
270  41.3246  22.6081  18.2022  50.4992
271  41.9863  21.987  17.5431  50.5375
272  41.9863  21.987  17.5431  50.5375
273  41.8622  24.1615  14.7792  50.5435
274  39.8376  22.204  17.4968  48.8486
275  38.2685  24.2028  16.7688  48.285
276  39.5674  21.837  14.9729  47.609
277  39.5674  21.837  14.9729  47.609
278  37.0329  19.2494  16.4993  44.8799
279  36.3983  19.783  14.5075  43.8939
280  33.4906  19.2716  14.8707  41.4023
281  31.0648  20.9664  13.2629  39.7557
282  29.3902  20.4827  15.7062  39.1153
283  29.3902  20.4827  15.7062  39.1153
284  29.3902  20.4827  15.7062  39.1153
285  29.3902  20.4827  15.7062  39.1153
286  29.3902  20.4827  15.7062  39.1153
287  30.0615  19.6054  15.4622  39.0787
288  30.3663  19.9083  18.0019  40.528
289  32.9544  19.5186  15.7202  41.4016
290  32.7461  22.2465  13.0874  41.6953
291  32.8772  22.8834  14.3511  42.5502
292  33.9445  20.1452  11.7072  41.1718
293  31.2254  20.468  13.9587  39.8598
294  31.2254  20.468  13.9587  39.8598
295  31.2254  20.468  13.9587  39.8598
296  31.2254  20.468  13.9587  39.8598
297  31.2254  20.468  13.9587  39.8598
298  31.2254  20.468  13.9587  39.8598
299  31.2254  20.468  13.9587  39.8598
300  31.2254  20.468  13.9587  39.8598
301  29.578  19.842  11.9621  37.572
302  29.578  19.842  11.9621  37.572
303  27.6693  20.9362  9.89582  36.0811
304  28.4338  18.2177  11.3252  35.6177
305  29.5646  15.8112  10.7752  35.216
306  29.4123  16.5648  10.304  35.2938
307  29.7436  14.7647  12.002  35.309
308  27.0708  16.9128  12.4978  34.2793
309  24.2539  15.4288  14.5242  32.2064
310  24.2539  15.4288  14.5242  32.2064
311  24.2539  15.4288  14.5242  32.2064
312  22.4203  16.3722  16.811  32.455
313  22.6149  14.392  18.0243  32.3023
314  22.6149  14.392  18.0243  32.3023
315  24.6003  15.0298  18.4973  34.2523
316  26.0918  12.9724  19.5232  35.0745
317  26.0918  12.9724  19.5232  35.0745
318  23.2206  11.176  21.6211  33.6388
319  20.3727  11.5958  24.2422  33.7223
320  22.534  11.2257  22.8219  33.9799
321  22.534  11.2257  22.8219  33.9799
322  20.8461  10.9335  20.83  31.4323
323  18.1158  8.40702  18.2365  27.045
324  17.842  6.32049  17.2827  25.6316
325  17.842  6.32049  17.2827  25.6316
326  15.7497  6.81046  19.7823  26.1873
327  16.1222  8.16275  19.6524  26.6978
328  14.1539  6.0398  20.8574  25.92
329  14.1539  6.0398  20.8574  25.92
330  14.1539  6.0398  20.8574  25.92
331  14.1539  6.0398  20.8574  25.92
332  13.3388  8.59765  20.9381  26.2725
333  15.9555  7.81494  20.5915  27.1967
334  18.3526  6.27598  19.372  27.4131
335  19.5851  8.27896  18.9187  28.4611
336  17.2121  7.81889  18.9757  26.7856
337  17.2121  7.81889  18.9757  26.7856
338  17.2121  7.81889  18.9757  26.7856
339  16.5162  7.53582  19.8713  26.9154
340  17.1495  4.62749  17.7468  25.1091
341  15.2755  5.00629  20.1635  25.787
342  15.2755  5.00629  20.1635  25.787
343  13.4841  3.06268  19.3774  23.8052
344  13.4841  3.06268  19.3774  23.8052
345  13.5486  5.91271  17.1376  22.6323
346  13.8349  7.50715  16.0145  22.455
347  13.8349  7.50715  16.0145  22.455
348  13.9139  10.2746  14.2061  22.3825
349  12.4914  9.33244  11.3383  19.2792
350  11.2872  6.87852  13.4965  18.891
351  11.2872  6.87852  13.4965  18.891
352  12.0364  9.06798  10.9367  18.6203
353  9.90248  10.2993  10.4263  17.6874
354  8.32526  7.76249  12.0409  16.5695
355  6.19075  10.2085  9.81544  15.4558
356  3.34472  7.61609  9.55109  12.6655
357  0.522857  8.40689  7.24275  11.1089
358  -0.0764684  6.29716  8.34464  10.4543
359  -0.0764684  6.29716  8.34464  10.4543
360  -0.0764684  6.29716  8.34464  10.4543
361  0.188418  3.42382  7.15571  7.93488
362  2.13558  2.61875  7.61414  8.33028
363  1.60305  1.66787  9.26198  9.5465
364  1.60305  1.66787  9.26198  9.5465
365  -0.270723  0.035742  10.7861  10.7895
366  -0.411763  1.49879  10.3568  10.4728
367  -0.411763  1.49879  10.3568  10.4728
368  -2.64964  -0.516664  10.3907  10.7356
369  -4.97656  -2.01153  10.2905  11.6063
370  -2.16864  -0.192716  13.0025  13.1835
371  -0.0155313  -0.0355896  14.2053  14.2054
372  -1.56933  1.75866  12.7261  12.9426
373  -0.21578  4.61112  10.3741  11.3548
374  0.255224  5.81964  8.03046  9.92077
375  0.255224  5.81964  8.03046  9.92077
376  0.255224  5.81964  8.03046  9.92077
377  0.255224  5.81964  8.03046  9.92077
378  0.255224  5.81964  8.03046  9.92077
379  0.255224  5.81964  8.03046  9.92077
380  2.1264  8.56038  5.72974  10.5182
381  -0.178642  10.4412  5.94864  12.0182
382  -0.0119685  10.5894  4.93088  11.6812
383  0.119699  8.77225  5.06145  10.1284
384  0.119699  8.77225  5.06145  10.1284
385  0.0708951  10.2923  6.87172  12.3757
386  0.0708951  10.2923  6.87172  12.3757
387  0.399134  10.0428  4.42889  10.9832
388  0.399134  10.0428  4.42889  10.9832
389  -1.59485  8.16573  6.16156  10.3531
390  -1.59485  8.16573  6.16156  10.3531
391  -1.59485  8.16573  6.16156  10.3531
392  -4.27214  7.00898  6.2372  10.3092
393  -4.32797  5.56277  4.24591  8.22822
394  -4.32797  5.56277  4.24591  8.22822
395  -3.13132  4.24633  4.70741  7.0708
396  -3.13132  4.24633  4.70741  7.0708
397  -0.98301  2.79072  3.47091  4.56088
398  1.8898  0.935318  1.82312  2.78746
399  1.8898  0.935318  1.82312  2.78746
400  -0.598169  -0.133918  3.70571  3.75607
401  0.475242  -1.81512  2.22023  2.90688
402  0.475242  -1.81512  2.22023  2.90688
403  0.475242  -1.81512  2.22023  2.90688
404  0.475242  -1.81512  2.22023  2.90688
405  0.475242  -1.81512  2.22023  2.90688
406  1.96111  -4.12138  4.96413  6.74347
407  0.0983047  -5.2222  4.85662  7.13217
408  -2.58261  -6.29535  3.29625  7.56086
409  0.189443  -4.5716  3.78512  5.93822
410  -2.16936  -3.41203  4.97997  6.41468
411  -1.40707  -0.574818  7.43165  7.58549
412  -3.10682  0.367811  7.16034  7.81397
413  -3.10682  0.367811  7.16034  7.81397
414  -5.85356  1.5445  6.26716  8.71361
415  -7.8222  0.236341  6.32152  10.06
416  -8.27739  2.49217  4.78107  9.8785
417  -6.65547  2.59098  4.6626  8.52926
418  -4.37843  5.20029  7.08452  9.81856
419  -2.75538  6.72542  5.62784  9.19217
420  -2.75538  6.72542  5.62784  9.19217
421  -2.75538  6.72542  5.62784  9.19217
422  -1.19115  6.41381  6.21994  9.01351
423  -0.5465  6.14213  7.51031  9.71747
424  0.796769  5.39  7.89123  9.58949
425  0.796769  5.39  7.89123  9.58949
426  3.51842  4.87014  7.46921  9.58576
427  3.51842  4.87014  7.46921  9.58576
428  4.59125  3.45502  7.50335  9.45077
429  4.59125  3.45502  7.50335  9.45077
430  2.58523  3.24027  6.53337  7.73742
431  0.484176  1.64752  5.66988  5.92422
432  1.82493  2.94638  3.24791  4.74979
433  0.644781  3.35459  3.68841  5.02727
434  0.644781  3.35459  3.68841  5.02727
435  0.644781  3.35459  3.68841  5.02727
436  2.35256  2.35854  3.67924  4.96327
437  2.35256  2.35854  3.67924  4.96327
438  0.388872  -0.0481865  5.80322  5.81643
439  0.634568  -0.459961  7.55418  7.59473
440  -0.557485  -0.353598  10.0054  10.0271
441  -0.174211  -2.75851  9.40317  9.80099
442  -0.174211  -2.75851  9.40317  9.80099
443  -0.174211  -2.75851  9.40317  9.80099
444  1.5623  -0.283447  8.20885  8.361
445  -1.3647  -2.39608  6.97255  7.49801
446  -1.3647  -2.39608  6.97255  7.49801
447  -3.85578  -0.66538  7.53433  8.48975
448  -1.33107  -1.68409  8.73161  8.9916
449  -1.78796  0.277779  6.17737  6.43692
450  1.10224  -1.21407  3.43439  3.80578
451  3.14984  -0.770989  2.63399  4.17778
452  1.73324  -1.81479  0.423473  2.54498
453  0.0573579  -1.39761  2.33534  2.72221
454  -1.46071  0.407388  3.55025  3.86056
455  -1.46071  0.407388  3.55025  3.86056
456  0.8371  -0.956931  1.57094  2.02096
457  0.8371  -0.956931  1.57094  2.02096
458  0.8371  -0.956931  1.57094  2.02096
459  0.8371  -0.956931  1.57094  2.02096
460  0.252894  0.284342  1.81456  1.85404
461  0.252894  0.284342  1.81456  1.85404
462  0.252894  0.284342  1.81456  1.85404
463  0.252894  0.284342  1.81456  1.85404
464  -2.53576  2.41073  3.59906  5.01945
465  -1.54364  1.76813  3.72082  4.39927
466  -1.54364  1.76813  3.72082  4.39927
467  -1.54364  1.76813  3.72082  4.39927
468  -0.957618  0.244948  1.71721  1.98138
469  -0.957618  0.244948  1.71721  1.98138
470  1.22095  0.310783  1.81064  2.20584
471  0.487302  0.692255  1.38329  1.62178
472  0.487302  0.692255  1.38329  1.62178
473  0.487302  0.692255  1.38329  1.62178
474  -0.1727  -0.346602  2.8401  2.86638
475  -0.1727  -0.346602  2.8401  2.86638
476  -0.1727  -0.346602  2.8401  2.86638
477  -2.93293  -2.66582  4.01856  5.64425
478  -5.05642  0.105747  6.95074  8.596
479  -5.05642  0.105747  6.95074  8.596
480  -5.05642  0.105747  6.95074  8.596
481  -7.23275  0.11693  7.63866  10.5202
482  -4.72486  0.980805  7.51975  8.93493
483  -4.72486  0.980805  7.51975  8.93493
484  -4.72486  0.980805  7.51975  8.93493
485  -5.48731  0.308651  5.66278  7.89132
486  -5.78792  -1.26283  3.48528  6.87327
487  -5.86531  -0.414622  5.01161  7.72593
488  -5.86531  -0.414622  5.01161  7.72593
489  -7.95668  1.43692  5.09679  9.55776
490  -7.95668  1.43692  5.09679  9.55776
491  -7.72795  1.98131  3.98635  8.9184
492  -7.82914  -0.362687  6.17177  9.97586
493  -10.593  0.300884  8.47867  13.5717
494  -8.51309  0.776734  11.1148  14.0219
495  -6.3616  1.06845  10.5668  12.3802
496  -3.8381  3.14911  11.3401  12.3793
497  -3.8381  3.14911  11.3401  12.3793
498  -6.29811  3.49206  9.51453  11.9326
499  -4.63726  2.63611  12.0781  13.2035
500  -2.49199  0.0213845  9.38215  9.70749
501  -1.87289  -1.67818  9.03644  9.37983
502  -2.90159  -1.19719  8.39709  8.96458
503  -2.45724  -1.80768  7.0098  7.64481
504  -0.480095  -0.0299245  5.11328  5.13585
505  1.05055  1.66414  4.58337  4.98802
506  1.05055  1.66414  4.58337  4.98802
507  1.05055  1.66414  4.58337  4.98802
508  1.05055  1.66414  4.58337  4.98802
509  -0.778036  -0.026542  5.73492  5.78752
510  1.08731  -1.50531  4.36126  4.74013
511  3.41645  -3.47409  5.63288  7.44787
512  5.59863  -3.68799  2.88497  7.29857
513  5.59863  -3.68799  2.88497  7.29857
514  6.46089  -4.7973  2.03026  8.29935
515  6.22557  -2.80799  1.59098  7.0124
516  3.43107  -4.25068  3.57865  6.53049
517  4.59331  -1.75532  1.7338  5.21399
518  4.59331  -1.75532  1.7338  5.21399
519  5.88777  -3.3471  3.16415  7.47534
520  5.88777  -3.3471  3.16415  7.47534
521  5.88777  -3.3471  3.16415  7.47534
522  5.88777  -3.3471  3.16415  7.47534
523  5.12224  -5.42543  2.50726  7.8714
524  2.85641  -6.84228  3.41192  8.16192
525  2.85641  -6.84228  3.41192  8.16192
526  2.85641  -6.84228  3.41192  8.16192
527  0.667008  -5.94032  5.1019  7.85887
528  -1.00201  -6.72904  6.40234  9.34205
529  -1.00201  -6.72904  6.40234  9.34205
530  1.00346  -7.62731  6.47036  10.0523
531  1.00346  -7.62731  6.47036  10.0523
532  1.09452  -8.82673  4.41277  9.92883
533  1.09452  -8.82673  4.41277  9.92883
534  -0.612441  -7.01503  7.29591  10.1398
535  2.23599  -4.79207  5.57304  7.6826
536  2.23599  -4.79207  5.57304  7.6826
537  0.986777  -7.34778  4.58522  8.7171
538  0.986777  -7.34778  4.58522  8.7171
539  -1.88979  -5.17188  4.546  7.14043
540  -3.57791  -4.44422  5.38543  7.84573
541  -3.57791  -4.44422  5.38543  7.84573
542  -3.30867  -4.47552  8.30825  10.0002
543  -2.93256  -2.7944  7.22372  8.28195
544  -1.08087  -1.4516  4.41406  4.77068
545  -1.08087  -1.4516  4.41406  4.77068
546  -1.08087  -1.4516  4.41406  4.77068
547  -2.5677  -0.401956  6.41732  6.92363
548  -2.5677  -0.401956  6.41732  6.92363
549  -2.5677  -0.401956  6.41732  6.92363
550  -2.5677  -0.401956  6.41732  6.92363
551  -2.5677  -0.401956  6.41732  6.92363
552  -2.5677  -0.401956  6.41732  6.92363
553  -3.41058  -2.99782  5.91527  7.45716
554  -5.64956  -1.68106  4.27706  7.28263
555  -4.74134  0.707748  4.7283  6.73335
556  -4.74134  0.707748  4.7283  6.73335
557  -4.85966  3.07538  3.41886  6.69051
558  -4.85966  3.07538  3.41886  6.69051
559  -2.39474  2.89736  6.17071  7.22545
560  -3.59556  3.24001  3.33445  5.87744
561  -3.59556  3.24001  3.33445  5.87744
562  -1.14708  3.75541  2.52178  4.66672
563  -0.310621  1.22757  2.00948  2.37517
564  -0.310621  1.22757  2.00948  2.37517
565  -0.310621  1.22757  2.00948  2.37517
566  -0.310621  1.22757  2.00948  2.37517
567  -0.310621  1.22757  2.00948  2.37517
568  -0.310621  1.22757  2.00948  2.37517
569  -0.310621  1.22757  2.00948  2.37517
570  -0.310621  1.22757  2.00948  2.37517
571  -0.310621  1.22757  2.00948  2.37517
572  -1.73448  1.3267  4.20905  4.7418
573  0.38494  2.07527  2.0595  2.94898
574  3.05861  1.12088  2.60268  4.16958
575  3.9032  -0.376773  4.18345  5.73395
576  3.51514  -0.486154  4.32968  5.5981
577  3.51514  -0.486154  4.32968  5.5981
578  3.51514  -0.486154  4.32968  5.5981
579  0.613424  0.656159  5.83598  5.9047
580  2.31209  -0.40288  5.51739  5.9958
581  2.31209  -0.40288  5.51739  5.9958
582  1.34709  0.0103629  4.25058  4.45895
583  1.34709  0.0103629  4.25058  4.45895
584  1.34709  0.0103629  4.25058  4.45895
585  -0.492236  -1.36989  1.98037  2.4578
586  -0.492236  -1.36989  1.98037  2.4578
587  -0.492236  -1.36989  1.98037  2.4578
588  -0.492236  -1.36989  1.98037  2.4578
589  -1.36318  -2.75213  1.70445  3.51249
590  -1.36318  -2.75213  1.70445  3.51249
591  -1.66289  -4.01899  4.54854  6.29338
592  -1.66289  -4.01899  4.54854  6.29338
593  -1.37448  -3.84642  2.54219  4.81112
594  -1.37448  -3.84642  2.54219  4.81112
595  0.095011  -4.75564  5.3609  7.16689
596  0.095011  -4.75564  5.3609  7.16689
597  0.095011  -4.75564  5.3609  7.16689
598  2.85709  -2.75221  5.11508  6.47315
599  2.36979  -2.08863  7.51745  8.15416
600  2.36979  -2.08863  7.51745  8.15416
601  1.19364  -0.306857  5.52414  5.65995
602  1.19364  -0.306857  5.52414  5.65995
603  1.19364  -0.306857  5.52414  5.65995
604  1.19364  -0.306857  5.52414  5.65995
605  2.21033  0.6911  7.12023  7.48738
606  2.21033  0.6911  7.12023  7.48738
607  1.23442  2.97797  7.14658  7.84
608  -0.337044  2.27005  6.50764  6.90044
609  -1.17806  -0.271859  6.83342  6.93956
610  -2.94905  -1.21854  8.20571  8.80428
611  -1.12574  -3.2772  9.81169  10.4056
612  1.52095  -1.34917  9.45328  9.66944
613  0.482182  1.19995  7.32852  7.44175
614  -1.08845  1.10514  8.51673  8.65683
615  1.82013  -1.10879  6.36318  6.71061
616  1.82013  -1.10879  6.36318  6.71061
617  3.9911  -1.93302  3.73522  5.79804
618  3.9911  -1.93302  3.73522  5.79804
619  1.12658  0.14737  4.67161  4.80779
620  1.78041  0.898446  5.5154  5.86487
621  1.78041  0.898446  5.5154  5.86487
622  1.78041  0.898446  5.5154  5.86487
623  -0.515347  0.824616  6.89258  6.96084
624  -0.515347  0.824616  6.89258  6.96084
625  -0.515347  0.824616  6.89258  6.96084
626  0.16634  -1.80993  5.81978  6.097
627  0.475937  -0.695559  6.8178  6.86969
628  0.475937  -0.695559  6.8178  6.86969
629  0.475937  -0.695559  6.8178  6.86969
630  1.19933  -0.335846  5.97832  6.10667
631  -0.655  0.188701  4.82537  4.87327
632  -0.655  0.188701  4.82537  4.87327
633  -2.70881  0.680083  4.10995  4.96909
634  -2.6363  1.58989  5.28235  6.11401
635  -1.31338  0.101252  3.09063  3.35964
636  -0.930245  0.382297  1.74269  2.01208
637  1.06542  -1.39291  -1.16256  2.10402
638  1.9054  0.226249  -2.49616  3.14842
639  1.9054  0.226249  -2.49616  3.14842
640  1.9054  0.226249  -2.49616  3.14842
641  1.9054  0.226249  -2.49616  3.14842
642  1.9054  0.226249  -2.49616  3.14842
643  -0.0254415  0.956686  -0.715242  1.19477
644  0.854879  2.49275  0.983305  2.81274
645  2.18183  1.95309  -1.89367  3.48726
646  2.18183  1.95309  -1.89367  3.48726
647  2.18183  1.95309  -1.89367  3.48726
648  2.18183  1.95309  -1.89367  3.48726
649  2.18183  1.95309  -1.89367  3.48726
650  0.877373  4.17739  -1.64754  4.57545
651  2.01795  5.87183  -3.17331  6.97283
652  2.01795  5.87183  -3.17331  6.97283
653  0.822816  7.85422  -5.90197  9.85895
654  0.822816  7.85422  -5.90197  9.85895
655  -0.413717  7.90789  -7.09885  10.6348
656  -0.413717  7.90789  -7.09885  10.6348
657  -0.413717  7.90789  -7.09885  10.6348
658  -0.413717  7.90789  -7.09885  10.6348
659  -0.413717  7.90789  -7.09885  10.6348
660  -0.413717  7.90789  -7.09885  10.6348
661  2.10163  5.07286  -5.68235  7.90189
662  4.37835  2.95994  -4.70963  7.07897
663  3.04369  3.18345  -3.51089  5.63247
664  1.28737  1.66147  -5.96387  6.32341
665  2.24546  2.84052  -5.08196  6.23995
666  1.30203  0.745151  -3.19488  3.52956
667  1.30203  0.745151  -3.19488  3.52956
668  1.30203  0.745151  -3.19488  3.52956
669  1.30203  0.745151  -3.19488  3.52956
670  1.30203  0.745151  -3.19488  3.52956
671  1.30203  0.745151  -3.19488  3.52956
672  1.30203  0.745151  -3.19488  3.52956
673  1.30203  0.745151  -3.19488  3.52956
674  1.20415  -2.10668  -4.87668  5.44702
675  1.20415  -2.10668  -4.87668  5.44702
676  2.38411  -2.73715  -3.95032  5.36479
677  3.04589  -0.390665  -1.13756  3.27477
678  3.04589  -0.390665  -1.13756  3.27477
679  3.04589  -0.390665  -1.13756  3.27477
680  1.75448  -1.07297  -2.07646  2.92252
681  -0.696645  -1.67141  -3.7917  4.2019
682  -0.696645  -1.67141  -3.7917  4.2019
683  -0.696645  -1.67141  -3.7917  4.2019
684  1.35  0.268034  -3.1745  3.46003
685  0.287787  -0.335266  -1.8707  1.92217
686  0.287787  -0.335266  -1.8707  1.92217
687  -1.55084  1.18741  -3.41784  3.93658
688  -1.55084  1.18741  -3.41784  3.93658
689  -1.55084  1.18741  -3.41784  3.93658
690  -1.55084  1.18741  -3.41784  3.93658
691  -1.55084  1.18741  -3.41784  3.93658
692  -1.55084  1.18741  -3.41784  3.93658
693  -1.55084  1.18741  -3.41784  3.93658
694  -0.168324  1.85026  -1.74174  2.54666
695  -0.168324  1.85026  -1.74174  2.54666
696  -0.745644  -0.433689  -4.42398  4.50729
697  -0.745644  -0.433689  -4.42398  4.50729
698  -0.745644  -0.433689  -4.42398  4.50729
699  -0.745644  -0.433689  -4.42398  4.50729
700  -1.16444  -0.450196  -4.79647  4.95628
701  -0.69617  2.24514  -3.43133  4.15925
702  -0.69617  2.24514  -3.43133  4.15925
703  0.988903  -0.155355  -1.21245  1.57229
704  0.988903  -0.155355  -1.21245  1.57229
705  0.988903  -0.155355  -1.21245  1.57229
706  0.988903  -0.155355  -1.21245  1.57229
707  0.988903  -0.155355  -1.21245  1.57229
708  0.988903  -0.155355  -1.21245  1.57229
709  0.988903  -0.155355  -1.21245  1.57229
710  1.55469  -0.215979  -3.79896  4.11045
711  1.55469  -0.215979  -3.79896  4.11045
712  1.55469  -0.215979  -3.79896  4.11045
713  1.55469  -0.215979  -3.79896  4.11045
714  1.55469  -0.215979  -3.79896  4.11045
715  1.55469  -0.215979  -3.79896  4.11045
716  -0.118121  0.556664  -2.73316  2.79177
717  -0.118121  0.556664  -2.73316  2.79177
718  -1.45211  -0.121765  -4.85944  5.07322
719  -0.736576  0.245287  -2.36556  2.4897
720  -0.736576  0.245287  -2.36556  2.4897
721  -0.736576  0.245287  -2.36556  2.4897
722  -0.736576  0.245287  -2.36556  2.4897
723  0.0853444  -0.907301  -2.22027  2.40001
724  0.0853444  -0.907301  -2.22027  2.40001
725  0.0853444  -0.907301  -2.22027  2.40001
726  0.0853444  -0.907301  -2.22027  2.40001
727  0.0853444  -0.907301  -2.22027  2.40001
728  0.0853444  -0.907301  -2.22027  2.40001
729  0.0853444  -0.907301  -2.22027  2.40001
730  0.0853444  -0.907301  -2.22027  2.40001
731  0.32418  0.545639  -1.55583  1.6803
732  0.32418  0.545639  -1.55583  1.6803
733  1.90172  0.752209  -1.97596  2.84372
734  1.90172  0.752209  -1.97596  2.84372
735  1.90172  0.752209  -1.97596  2.84372
736  1.90172  0.752209  -1.97596  2.84372
737  -0.313558  0.686526  -1.39606  1.58701
738  -0.313558  0.686526  -1.39606  1.58701
739  -0.721129  -0.169952  -2.60907  2.71222
740  -0.721129  -0.169952  -2.60907  2.71222
741  -0.721129  -0.169952  -2.60907  2.71222
742  -0.721129  -0.169952  -2.60907  2.71222
743  -1.18176  0.469221  -1.85276  2.2471
744  -1.18176  0.469221  -1.85276  2.2471
745  -1.18176  0.469221  -1.85276  2.2471
746  -1.18176  0.469221  -1.85276  2.2471
747  -1.18176  0.469221  -1.85276  2.2471
748  -1.18176  0.469221  -1.85276  2.2471
749  -3.78744  1.37956  -0.319873  4.04354
750  -1.44571  -1.06905  -1.34837  2.24745
751  -1.44571  -1.06905  -1.34837  2.24745
752  -0.787921  -2.38464  -3.3941  4.22223
753  1.99432  -0.466794  -3.89464  4.40039
754  1.99432  -0.466794  -3.89464  4.40039
755  0.723589  2.15877  -1.5739  2.76786
756  2.64917  2.37889  -4.09282  5.42479
757  2.64917  2.37889  -4.09282  5.42479
758  2.64917  2.37889  -4.09282  5.42479
759  0.704504  2.97658  -2.49176  3.94528
760  0.404438  0.234724  -4.1381  4.16444
761  -1.75777  -1.56666  -2.89384  3.73075
762  -1.15058  -2.13233  -3.023  3.87416
763  0.932476  -0.483925  -2.41285  2.63164
764  2.08596  -1.57265  -2.92051  3.91839
765  2.08596  -1.57265  -2.92051  3.91839
766  -0.50218  0.916907  -2.22847  2.4615
767  -0.50218  0.916907  -2.22847  2.4615
768  -0.50218  0.916907  -2.22847  2.4615
769  -0.50218  0.916907  -2.22847  2.4615
770  -1.48944  3.06814  -2.04686  3.97763
771  -1.48944  3.06814  -2.04686  3.97763
772  -3.38721  0.151754  -2.79456  4.39384
773  -2.75553  -2.1195  -4.5368  5.71558
774  -4.56842  -3.78396  -4.243  7.29328
775  -4.56842  -3.78396  -4.243  7.29328
776  -2.5645  -3.71863  -5.05466  6.77897
777  -2.5645  -3.71863  -5.05466  6.77897
778  -2.5645  -3.71863  -5.05466  6.77897
779  -2.5645  -3.71863  -5.05466  6.77897
780  -2.5645  -3.71863  -5.05466  6.77897
781  -1.34103  -4.2475  -4.16906  6.10087
782  -1.34103  -4.2475  -4.16906  6.10087
783  -1.34103  -4.2475  -4.16906  6.10087
784  -2.26913  -1.55717  -1.97007  3.38451
785  -2.26913  -1.55717  -1.97007  3.38451
786  0.0746612  -1.39502  0.806107  1.6129
787  -2.57155  0.397022  2.08669  3.33538
788  -2.57155  0.397022  2.08669  3.33538
789  -2.57155  0.397022  2.08669  3.33538
790  -0.653747  -1.85859  3.08915  3.66395
791  -0.653747  -1.85859  3.08915  3.66395
792  -0.653747  -1.85859  3.08915  3.66395
793  -0.653747  -1.85859  3.08915  3.66395
794  -0.451377  0.659551  3.99795  4.07705
795  0.791554  -0.0502039  2.92554  3.03115
796  0.791554  -0.0502039  2.92554  3.03115
797  0.791554  -0.0502039  2.92554  3.03115
798  0.10876  -0.311483  2.96255  2.98087
799  0.10876  -0.311483  2.96255  2.98087
800  0.10876  -0.311483  2.96255  2.98087
801  0.10876  -0.311483  2.96255  2.98087
802  0.10876  -0.311483  2.96255  2.98087
803  0.10876  -0.311483  2.96255  2.98087
804  0.10876  -0.311483  2.96255  2.98087
805  0.10876  -0.311483  2.96255  2.98087
806  0.10876  -0.311483  2.96255  2.98087
807  0.10876  -0.311483  2.96255  2.98087
808  0.10876  -0.311483  2.96255  2.98087
809  0.10876  -0.311483  2.96255  2.98087
810  0.10876  -0.311483  2.96255  2.98087
811  1.18594  -3.09205  3.50179  4.81972
812  1.17849  -0.617036  3.10201  3.3752
813  1.17849  -0.617036  3.10201  3.3752
814  1.17849  -0.617036  3.10201  3.3752
815  1.17849  -0.617036  3.10201  3.3752
816  0.366153  1.30715  3.27865  3.54855
817  0.366153  1.30715  3.27865  3.54855
818  -0.00498265  3.04537  5.59781  6.37258
819  2.37612  0.520223  6.74987  7.17477
820  0.56333  2.17268  6.58028  6.95255
821  -0.784083  2.6987  4.6783  5.45749
822  -0.784083  2.6987  4.6783  5.45749
823  -0.784083  2.6987  4.6783  5.45749
824  -1.34855  2.30377  6.1192  6.67611
825  -1.34855  2.30377  6.1192  6.67611
826  -3.82515  1.33943  6.3375  7.52262
827  -2.01111  1.89062  3.47082  4.43459
828  -2.01111  1.89062  3.47082  4.43459
829  -3.10888  0.628206  3.72937  4.89571
830  -3.39832  2.66244  4.08153  5.94104
831  -2.41072  -0.0869458  5.11969  5.65954
832  -2.41072  -0.0869458  5.11969  5.65954
833  0.512061  0.128867  5.15509  5.18206
834  0.4491  2.50513  3.27691  4.14916
835  -1.06866  0.542984  0.84436  1.46622
836  -1.06866  0.542984  0.84436  1.46622
837  1.6391  1.33318  -1.8398  2.80158
838  1.6391  1.33318  -1.8398  2.80158
839  1.7834  3.45326  -3.44657  5.19465
840  1.7834  3.45326  -3.44657  5.19465
841  2.93652  3.20312  -2.75454  5.14496
842  2.93652  3.20312  -2.75454  5.14496
843  2.93652  3.20312  -2.75454  5.14496
844  2.93652  3.20312  -2.75454  5.14496
845  2.4371  1.0002  -1.42346  2.99434
846  2.4371  1.0002  -1.42346  2.99434
847  1.63991  0.337687  -3.84658  4.19517
848  0.60236  1.30356  -5.05561  5.25559
849  -0.33426  3.2144  -2.72134  4.2249
850  -0.33426  3.2144  -2.72134  4.2249
851  -0.33426  3.2144  -2.72134  4.2249
852  0.965236  1.24156  -5.25894  5.48905
853  0.965236  1.24156  -5.25894  5.48905
854  -1.93746  0.0816664  -6.14751  6.44611
855  -3.24748  -1.29409  -5.38234  6.41798
856  -4.39009  0.17346  -6.21373  7.61008
857  -2.53917  -2.22147  -5.08212  6.10002
858  -2.53917  -2.22147  -5.08212  6.10002
859  -0.961419  -3.00844  -5.87273  6.66813
860  0.0789887  -1.55095  -4.69035  4.94076
861  2.98178  -0.16345  -6.34447  7.01214
862  4.94258  0.392752  -6.99444  8.57353
863  7.0267  -1.65306  -8.62771  11.2492
864  7.64262  -0.814386  -8.97632  11.8172
865  7.64262  -0.814386  -8.97632  11.8172
866  7.64262  -0.814386  -8.97632  11.8172
867  7.64262  -0.814386  -8.97632  11.8172
868  5.03527  -3.113  -9.47463  11.172
869  5.03527  -3.113  -9.47463  11.172
870  7.19636  -0.21308  -9.30102  11.7619
871  7.19636  -0.21308  -9.30102  11.7619
872  7.79394  0.158311  -8.78217  11.743
873  7.79394  0.158311  -8.78217  11.743
874  6.63955  0.536668  -7.82975  10.2799
875  8.06812  3.20387  -6.24079  10.6914
876  9.06172  2.25939  -5.97918  11.0892
877  6.23184  3.58975  -6.96688  10.013
878  3.99548  4.54683  -4.88523  7.77837
879  3.39888  4.7302  -2.017  6.16405
880  4.19909  2.46528  -3.41423  5.94701
881  3.74579  3.2766  -3.06271  5.84356
882  3.74579  3.2766  -3.06271  5.84356
883  1.84685  0.755451  -0.455352  2.04668
884  0.226359  1.9114  -2.94343  3.51688
885  -1.39756  3.89562  -3.04721  5.13951
886  -4.09099  6.08956  -5.80091  9.35251
887  -4.55673  3.82361  -6.46235  8.78327
888  -4.55673  3.82361  -6.46235  8.78327
889  -4.57893  3.19858  -5.35625  7.73866
890  -2.29688  1.31917  -7.71785  8.15972
891  0.361724  1.1383  -6.0369  6.15392
892  0.361724  1.1383  -6.0369  6.15392
893  -0.411204  -1.66898  -5.56233  5.82187
894  0.862326  -1.42524  -6.06824  6.29273
895  0.862326  -1.42524  -6.06824  6.29273
896  1.74332  -0.0602073  -4.47357  4.80163
897  1.74332  -0.0602073  -4.47357  4.80163
898  1.74332  -0.0602073  -4.47357  4.80163
899  -0.687887  2.09473  -3.6528  4.26662
900  -0.687887  2.09473  -3.6528  4.26662
901  -0.687887  2.09473  -3.6528  4.26662
902  -1.01842  0.813934  -6.03475  6.17397
903  1.63893  3.19582  -3.78061  5.21463
904  1.63893  3.19582  -3.78061  5.21463
905  1.63893  3.19582  -3.78061  5.21463
906  1.63893  3.19582  -3.78061  5.21463
907  -0.368976  3.03626  -4.49079  5.43344
908  2.55465  2.12223  -1.80649  3.78068
909  2.55465  2.12223  -1.80649  3.78068
910  2.55465  2.12223  -1.80649  3.78068
911  2.17825  4.59494  -3.62463  6.24469
912  0.867245  5.35872  -2.07726  5.81232
913  0.867245  5.35872  -2.07726  5.81232
914  1.65922  7.41578  -3.18698  8.24037
915  1.03104  7.30663  -2.76044  7.87844
916  1.32435  4.88781  -1.87728  5.40081
917  1.32435  4.88781  -1.87728  5.40081
918  1.32435  4.88781  -1.87728  5.40081
919  1.32435  4.88781  -1.87728  5.40081
920  1.32435  4.88781  -1.87728  5.40081
921  1.72959  2.52839  -2.35128  3.8617
922  1.72959  2.52839  -2.35128  3.8617
923  1.72959  2.52839  -2.35128  3.8617
924  0.504727  1.5065  -5.07894  5.32165
925  0.504727  1.5065  -5.07894  5.32165
926  0.504727  1.5065  -5.07894  5.32165
927  -0.838675  3.29313  -3.64292  4.98186
928  1.61196  1.56726  -1.89734  2.94187
929  1.61196  1.56726  -1.89734  2.94187
930  1.61196  1.56726  -1.89734  2.94187
931  1.61196  1.56726  -1.89734  2.94187
932  0.579396  0.222024  -4.2423  4.28743
933  0.0393027  0.226599  -5.31261  5.31759
934  2.32255  -2.12141  -3.84833  4.97033
935  1.31784  -0.319119  -4.87808  5.06302
936  2.70387  -1.46522  -2.15241  3.75375
937  2.70387  -1.46522  -2.15241  3.75375
938  4.68951  1.37704  -5.05446  7.03102
939  4.70353  2.2691  -3.73284  6.4192
940  3.90673  -0.498347  -5.81274  7.02131
941  3.17878  1.95343  -3.03262  4.80805
942  2.29658  0.704212  -2.47776  3.45101
943  1.68686  0.961824  -2.88708  3.47935
944  2.30534  0.390547  -1.87496  2.9971
945  2.30534  0.390547  -1.87496  2.9971
946  1.8072  -1.11282  -3.04073  3.70815
947  4.28386  -0.967022  -1.85759  4.76836
948  2.2446  -2.95797  -3.90061  5.38541
949  0.27381  -1.05506  -6.43747  6.5291
950  -0.573629  -0.20682  -7.44673  7.47165
951  -2.28697  -2.07328  -7.64017  8.2402
952  -2.28697  -2.07328  -7.64017  8.2402
953  -2.46643  -2.25123  -5.13121  6.12214
954  -2.46643  -2.25123  -5.13121  6.12214
955  -2.46643  -2.25123  -5.13121  6.12214
956  -2.46643  -2.25123  -5.13121  6.12214
957  -2.46643  -2.25123  -5.13121  6.12214
958  -1.54859  -0.989269  -4.31682  4.69166
959  -1.54859  -0.989269  -4.31682  4.69166
960  -1.54859  -0.989269  -4.31682  4.69166
961  1.04626  -3.14892  -1.82967  3.7892
962  1.04626  -3.14892  -1.82967  3.7892
963  1.04626  -3.14892  -1.82967  3.7892
964  1.42073  -1.67037  -1.52933  2.67348
965  1.42073  -1.67037  -1.52933  2.67348
966  0.0329832  -2.14765  -4.3068  4.8127
967  0.0329832  -2.14765  -4.3068  4.8127
968  0.0329832  -2.14765  -4.3068  4.8127
969  0.436701  -0.0528598  -6.36656  6.38173
970  0.436701  -0.0528598  -6.36656  6.38173
971  0.436701  -0.0528598  -6.36656  6.38173
972  0.785704  -1.30594  -6.01699  6.20701
973  3.22278  -0.686243  -3.45447  4.77395
974  3.22278  -0.686243  -3.45447  4.77395
975  2.16726  1.11086  -2.03043  3.17076
976  0.244692  -0.025204  -0.716497  0.757547
977  -1.99184  -0.866429  -2.58159  3.37383
978  -1.57747  0.706237  -3.06009  3.51445
979  -1.76441  -0.412263  -0.929808  2.03658
980  0.648532  1.24982  -1.10132  1.78761
981  0.648532  1.24982  -1.10132  1.78761
982  -1.03815  1.36553  -2.03123  2.65863
983  -1.03815  1.36553  -2.03123  2.65863
984  0.50396  1.72027  -4.66924  5.00151
985  0.50396  1.72027  -4.66924  5.00151
986  0.50396  1.72027  -4.66924  5.00151
987  0.50396  1.72027  -4.66924  5.00151
988  0.50396  1.72027  -4.66924  5.00151
989  0.50396  1.72027  -4.66924  5.00151
990  0.50396  1.72027  -4.66924  5.00151
991  0.50396  1.72027  -4.66924  5.00151
992  -1.65644  -0.500348  -7.54088  7.73686
993  -1.65644  -0.500348  -7.54088  7.73686
994  -1.59838  0.89121  -5.78502  6.06758
995  -1.59838  0.89121  -5.78502  6.06758
996  -3.83932  1.77126  -3.62959  5.5724
997  -3.83932  1.77126  -3.62959  5.5724
998  -5.97937  -0.618303  -3.39381  6.90312
999  -5.97937  -0.618303  -3.39381  6.90312
1000  -4.59704  -1.74552  -3.1991  5.86633
1001  -6.8094  -1.00228  -1.81305  7.11756
1002  -6.84579  -2.35672  -2.97361  7.82696
1003  -6.21116  -0.012985  -0.774001  6.25921
1004  -6.21116  -0.012985  -0.774001  6.25921
1005  -5.47696  -1.01261  -2.97845  6.31614
1006  -5.47696  -1.01261  -2.97845  6.31614
1007  -5.47696  -1.01261  -2.97845  6.31614
1008  -5.24573  0.940621  -1.08171  5.43806
1009  -5.24573  0.940621  -1.08171  5.43806
1010  -5.24573  0.940621  -1.08171  5.43806
1011  -5.08833  1.1798  -1.12694  5.34351
1012  -2.55848  2.97148  -2.14244  4.46828
1013  -5.05042  1.60054  -3.37772  6.28311
1014  -3.70284  3.39838  -5.10272  7.16224
1015  -1.20823  2.46081  -6.79809  7.33004
1016  -0.737903  2.08655  -5.92121  6.3213
1017  -2.92811  2.02998  -3.39286  4.91997
1018  -2.21257  2.69785  -2.15449  4.1007
1019  -2.17362  0.926603  -2.54306  3.47137
1020  -2.17362  0.926603  -2.54306  3.47137
1021  -0.751509  -0.680826  -2.80785  2.98535
1022  1.33727  -0.624065  -2.10318  2.56927
1023  1.33727  -0.624065  -2.10318  2.56927
1024  1.33727  -0.624065  -2.10318  2.56927
1025  1.33727  -0.624065  -2.10318  2.56927
1026  3.48609  1.97382  -4.41813  5.96395
1027  3.48609  1.97382  -4.41813  5.96395
1028  3.48609  1.97382  -4.41813  5.96395
1029  3.48609  1.97382  -4.41813  5.96395
1030  3.48609  1.97382  -4.41813  5.96395
1031  3.48609  1.97382  -4.41813  5.96395
1032  4.39362  2.44589  -1.56413  5.26619
1033  7.11685  2.23545  -3.50145  8.24057
1034  6.52489  1.06814  -2.40556  7.03575
1035  6.52489  1.06814  -2.40556  7.03575
1036  6.52489  1.06814  -2.40556  7.03575
1037  6.52489  1.06814  -2.40556  7.03575
1038  5.50615  3.08831  -4.05016  7.50061
1039  5.50615  3.08831  -4.05016  7.50061
1040  3.04551  0.291012  -4.88115  5.76068
1041  1.19066  1.53104  -4.88653  5.25737
1042  1.19066  1.53104  -4.88653  5.25737
1043  1.19066  1.53104  -4.88653  5.25737
1044  0.408368  -1.39842  -4.34546  4.58316
1045  0.408368  -1.39842  -4.34546  4.58316
1046  1.12046  -3.17685  -3.73743  5.03152
1047  -0.398459  -2.76967  -2.86673  4.00599
1048  -0.398459  -2.76967  -2.86673  4.00599
1049  -0.398459  -2.76967  -2.86673  4.00599
1050  0.311727  -0.425037  -3.11139  3.15572
1051  0.311727  -0.425037  -3.11139  3.15572
1052  0.311727  -0.425037  -3.11139  3.15572
1053  0.311727  -0.425037  -3.11139  3.15572
1054  -0.898112  -0.00627513  -5.71164  5.78182
1055  1.77632  -1.19439  -4.13645  4.65748
1056  1.77632  -1.19439  -4.13645  4.65748
1057  0.458746  -2.21421  -4.91106  5.40664
1058  0.458746  -2.21421  -4.91106  5.40664
1059  -1.40926  -1.30514  -2.90382  3.4816
1060  0.050223  0.900656  -3.33389  3.45377
1061  0.050223  0.900656  -3.33389  3.45377
1062  0.050223  0.900656  -3.33389  3.45377
1063  -0.880191  -0.189939  -2.41469  2.57712
1064  -0.880191  -0.189939  -2.41469  2.57712
1065  -0.880191  -0.189939  -2.41469  2.57712
1066  -0.256137  -0.429046  -0.574687  0.761546
1067  -0.256137  -0.429046  -0.574687  0.761546
1068  -0.256137  -0.429046  -0.574687  0.761546
1069  -0.256137  -0.429046  -0.574687  0.761546
1070  -0.256137  -0.429046  -0.574687  0.761546
1071  -0.256137  -0.429046  -0.574687  0.761546
1072  -0.256137  -0.429046  -0.574687  0.761546
1073  -0.530318  0.0708411  -1.89951  1.97342
1074  -0.530318  0.0708411  -1.89951  1.97342
1075  -0.530318  0.0708411  -1.89951  1.97342
1076  -0.530318  0.0708411  -1.89951  1.97342
1077  -0.530318  0.0708411  -1.89951  1.97342
1078  0.290651  0.78054  -1.50122  1.71679
1079  1.31519  -0.62703  -3.91826  4.18039
1080  1.31519  -0.62703  -3.91826  4.18039
1081  1.31519  -0.62703  -3.91826  4.18039
1082  1.31519  -0.62703  -3.91826  4.18039
1083  1.31519  -0.62703  -3.91826  4.18039
1084  1.31519  -0.62703  -3.91826  4.18039
1085  1.31519  -0.62703  -3.91826  4.18039
1086  2.41502  -0.567059  -2.90661  3.82129
1087  2.41502  -0.567059  -2.90661  3.82129
1088  1.88098  1.19115  -5.164  5.62351
1089  1.88098  1.19115  -5.164  5.62351
1090  3.5688  -0.595277  -2.49897  4.39722
1091  3.5688  -0.595277  -2.49897  4.39722
1092  3.5688  -0.595277  -2.49897  4.39722
1093  1.95151  -3.00925  -3.91612  5.31036
1094  1.95151  -3.00925  -3.91612  5.31036
1095  0.649765  -1.15716  -6.17595  6.31693
1096  0.649765  -1.15716  -6.17595  6.31693
1097  2.10075  1.57496  -4.00116  4.7857
1098  -0.140593  -0.308457  -5.76586  5.77582
1099  -0.140593  -0.308457  -5.76586  5.77582
1100  -0.140593  -0.308457  -5.76586  5.77582
1101  1.80849  1.54513  -4.77913  5.33837
1102  1.80849  1.54513  -4.77913  5.33837
1103  0.202729  0.927447  -4.7916  4.88474
1104  0.202729  0.927447  -4.7916  4.88474
1105  0.527695  3.55615  -5.1258  6.26087
1106  2.86315  1.18949  -4.64637  5.58581
1107  3.11543  1.64026  -3.59324  5.03068
1108  1.40303  0.188967  -3.94203  4.18853
1109  1.40303  0.188967  -3.94203  4.18853
1110  0.706252  -1.75762  -2.16306  2.87521
1111  0.706252  -1.75762  -2.16306  2.87521
1112  -1.76388  -1.10663  -3.58996  4.15015
1113  -1.76388  -1.10663  -3.58996  4.15015
1114  -0.727805  0.164532  -4.54187  4.60275
1115  -0.727805  0.164532  -4.54187  4.60275
1116  -0.356483  -1.18758  -1.80793  2.19227
1117  -0.356483  -1.18758  -1.80793  2.19227
1118  -1.82573  0.554911  -3.0575  3.60409
1119  -1.82573  0.554911  -3.0575  3.60409
1120  -1.82573  0.554911  -3.0575  3.60409
1121  -1.82573  0.554911  -3.0575  3.60409
1122  -1.82573  0.554911  -3.0575  3.60409
1123  -1.94403  0.343375  -2.22647  2.97562
1124  -0.502615  2.28539  -3.03323  3.83094
1125  -0.502615  2.28539  -3.03323  3.83094
1126  2.28169  -0.430332  -4.84522  5.37285
1127  2.28169  -0.430332  -4.84522  5.37285
1128  2.28169  -0.430332  -4.84522  5.37285
1129  0.200384  2.37195  -5.33814  5.84483
1130  -1.73494  3.27182  -4.73534  6.01151
1131  -1.73494  3.27182  -4.73534  6.01151
1132  -1.01058  2.88563  -4.27079  5.2524
1133  -1.00212  2.90985  -1.81693  3.5739
1134  -1.00212  2.90985  -1.81693  3.5739
1135  0.241283  0.605931  -3.85058  3.90542
1136  2.485  -1.9643  -5.02775  5.94238
1137  5.11065  0.43355  -3.9143  6.45201
1138  5.11065  0.43355  -3.9143  6.45201
1139  6.41263  -0.371157  -3.55313  7.34059
1140  6.18371  2.00151  -4.63264  7.98158
1141  6.18371  2.00151  -4.63264  7.98158
1142  3.84396  -0.693713  -1.74778  4.27925
1143  3.84396  -0.693713  -1.74778  4.27925
1144  3.84396  -0.693713  -1.74778  4.27925
1145  0.932582  -1.74305  -2.31733  3.04597
1146  1.82992  -2.54379  -3.44201  4.65478
1147  -0.525326  -3.21756  -2.54844  4.13802
1148  -3.23737  -0.931595  -4.45466  5.58501
1149  -2.21667  0.562604  -3.28021  3.99875
1150  -2.21667  0.562604  -3.28021  3.99875
1151  -0.420576  1.1338  -3.66029  3.85488
1152  -0.420576  1.1338  -3.66029  3.85488
1153  -0.420576  1.1338  -3.66029  3.85488
1154  -0.420576  1.1338  -3.66029  3.85488
1155  -0.420576  1.1338  -3.66029  3.85488
1156  2.05997  -0.999855  -3.6198  4.28324
1157  1.50986  -1.92107  -3.58327  4.33705
1158  0.109639  -4.77137  -3.788  6.09319
1159  -0.124063  -5.26678  -1.13418  5.38895
1160  -0.124063  -5.26678  -1.13418  5.38895
1161  -0.919924  -4.50367  1.80465  4.93822
1162  -0.919924  -4.50367  1.80465  4.93822
1163  0.372638  -2.63172  -0.864872  2.79514
1164  2.60281  -2.53684  1.8987  4.10064
1165  2.60281  -2.53684  1.8987  4.10064
1166  2.60281  -2.53684  1.8987  4.10064
1167  2.34713  -4.73365  4.49092  6.93433
1168  2.34713  -4.73365  4.49092  6.93433
1169  2.34713  -4.73365  4.49092  6.93433
1170  1.47876  -2.11102  5.22218  5.8236
1171  -0.904206  0.0462481  5.74044  5.8114
1172  -1.20085  1.78647  7.55721  7.85779
1173  -1.43798  -0.397905  6.11816  6.29746
1174  -1.27464  -0.508697  3.80793  4.04769
1175  -1.27464  -0.508697  3.80793  4.04769
1176  -2.78518  -2.38581  1.05823  3.81696
1177  -2.30547  -3.10131  -0.817372  3.94986
1178  0.120495  -0.80944  2.09126  2.24569
1179  0.84505  -2.09937  2.21268  3.16503
1180  0.84505  -2.09937  2.21268  3.16503
1181  1.71967  -0.371926  -0.552568  1.84416
1182  -0.490779  -0.804554  0.468579  1.05249
1183  -0.490779  -0.804554  0.468579  1.05249
1184  -1.81485  -2.40841  2.33936  3.81664
1185  -1.46875  -1.70502  0.319357  2.27295
1186  0.974763  -3.39955  2.64044  4.4135
1187  0.974763  -3.39955  2.64044  4.4135
1188  0.974763  -3.39955  2.64044  4.4135
1189  -1.40021  -0.472345  2.1897  2.64168
1190  -1.47907  0.201238  3.21453  3.5442
1191  0.430859  -1.68443  4.17699  4.5244
1192  -2.34615  0.937348  4.17421  4.87925
1193  -2.34615  0.937348  4.17421  4.87925
1194  -0.309756  -1.90956  4.40529  4.81133
1195  -1.83181  -2.19456  6.247  6.86998
1196  0.0108798  0.310864  5.69271  5.7012
1197  0.0108798  0.310864  5.69271  5.7012
1198  0.0108798  0.310864  5.69271  5.7012
1199  -2.3218  -2.52826  7.21266  7.98782
1200  -2.3218  -2.52826  7.21266  7.98782
1201  0.0809745  -5.44098  5.08214  7.44574
1202  0.0809745  -5.44098  5.08214  7.44574
1203  2.61552  -8.05984  3.20292  9.05873
1204  2.61552  -8.05984  3.20292  9.05873
1205  0.666869  -7.54202  5.46414  9.33721
1206  1.65804  -6.304  6.82823  9.44003
1207  1.65804  -6.304  6.82823  9.44003
1208  2.94828  -5.34281  8.18988  10.2133
1209  5.84299  -5.49368  7.89822  11.2562
1210  4.02889  -7.13318  10.7651  13.5278
1211  4.02889  -7.13318  10.7651  13.5278
1212  4.02889  -7.13318  10.7651  13.5278
1213  4.27933  -5.82012  8.00257  10.7809
1214  5.31651  -4.88119  10.2605  12.5447
1215  5.31651  -4.88119  10.2605  12.5447
1216  3.66742  -4.35794  10.9051  12.303
1217  1.86976  -2.42891  11.1377  11.5518
1218  -0.234346  -3.89359  8.44143  9.29906
1219  -0.234346  -3.89359  8.44143  9.29906
1220  -2.39616  -4.06387  6.07317  7.69026
1221  -1.3493  -1.30323  6.5006  6.76586
1222  -1.3493  -1.30323  6.5006  6.76586
1223  -1.3493  -1.30323  6.5006  6.76586
1224  -0.0136108  -1.60944  5.70558  5.92824
1225  1.56068  -1.15354  3.99398  4.44052
1226  0.935047  -1.18937  4.49291  4.7408
1227  0.935047  -1.18937  4.49291  4.7408
1228  -0.821028  0.623469  2.37321  2.58746
1229  -0.821028  0.623469  2.37321  2.58746
1230  -0.821028  0.623469  2.37321  2.58746
1231  1.61592  -0.76323  1.25402  2.18319
1232  1.61592  -0.76323  1.25402  2.18319
1233  0.532622  -3.05082  2.02003  3.69753
1234  2.8745  -0.708461  1.35855  3.25735
1235  5.6475  -3.34615  3.41981  7.40176
1236  7.57389  -2.51592  5.503  9.69416
1237  7.57389  -2.51592  5.503  9.69416
1238  8.34118  -0.335052  4.69529  9.57775
1239  8.34118  -0.335052  4.69529  9.57775
1240  8.34118  -0.335052  4.69529  9.57775
1241  8.34118  -0.335052  4.69529  9.57775
1242  8.34118  -0.335052  4.69529  9.57775
1243  7.87537  1.17253  6.54001  10.3038
1244  7.57065  -1.17806  5.45652  9.40617
1245  8.30951  -0.228728  2.59327  8.70777
1246  8.35006  2.08648  3.17956  9.17532
1247  10.1741  2.46159  2.31332  10.7202
1248  8.26838  3.52682  3.36671  9.59892
1249  8.26838  3.52682  3.36671  9.59892
1250  6.59366  5.22511  0.673834  8.43992
1251  6.59366  5.22511  0.673834  8.43992
1252  4.21773  6.51855  -2.20325  8.07063
1253  4.21773  6.51855  -2.20325  8.07063
1254  1.70857  5.4956  0.571403  5.78337
1255  3.58797  7.68822  3.38677  9.13523
1256  3.58797  7.68822  3.38677  9.13523
1257  3.58797  7.68822  3.38677  9.13523
1258  6.25129  9.31835  2.17493  11.4298
1259  6.25129  9.31835  2.17493  11.4298
1260  6.83163  9.6536  4.71393  12.7312
1261  6.83163  9.6536  4.71393  12.7312
1262  6.83163  9.6536  4.71393  12.7312
1263  7.34104  7.91756  4.19403  11.5831
1264  7.34104  7.91756  4.19403  11.5831
1265  6.22321  8.69016  3.64486  11.293
1266  3.75248  8.59909  3.40468  9.98085
1267  2.24221  6.11874  3.49061  7.39262
1268  4.75113  3.56681  2.79346  6.56497
1269  4.17392  3.34485  3.52043  6.40336
1270  4.17392  3.34485  3.52043  6.40336
1271  1.79838  2.97427  3.24947  4.7581
1272  1.79838  2.97427  3.24947  4.7581
1273  0.0387453  1.54141  2.76261  3.16377
1274  -0.412849  -0.677028  4.11765  4.19331
1275  -0.412849  -0.677028  4.11765  4.19331
1276  0.695004  0.694756  4.03966  4.15747
1277  1.54991  -1.56457  6.85705  7.20203
1278  1.64138  -3.48628  5.74308  6.91601
1279  -0.00840555  -2.51699  3.54662  4.349
1280  1.08084  -1.97076  1.37152  2.6331
1281  1.08084  -1.97076  1.37152  2.6331
1282  1.08084  -1.97076  1.37152  2.6331
1283  -0.929017  -1.63187  1.44925  2.372
1284  -0.929017  -1.63187  1.44925  2.372
1285  -0.929017  -1.63187  1.44925  2.372
1286  -0.929017  -1.63187  1.44925  2.372
1287  -0.828176  0.539316  -0.319979  1.03881
1288  1.25164  0.844751  -0.899742  1.75777
1289  0.739129  2.44131  -3.59133  4.405
1290  0.739129  2.44131  -3.59133  4.405
1291  2.30617  1.13697  -1.54873  3.00162
1292  0.266456  2.63095  -2.3554  3.5413
1293  0.266456  2.63095  -2.3554  3.5413
1294  0.266456  2.63095  -2.3554  3.5413
1295  0.266456  2.63095  -2.3554  3.5413
1296  1.60033  3.09902  -3.97422  5.28766
1297  -0.481026  0.455345  -1.34409  1.49843
1298  1.56193  -1.25757  -1.36512  2.42584
1299  1.56193  -1.25757  -1.36512  2.42584
1300  3.36075  -0.952257  -3.72161  5.1041
1301  1.84108  1.55397  -2.95604  3.81347
1302  1.84108  1.55397  -2.95604  3.81347
1303  0.621366  0.0624228  -2.00442  2.09945
1304  -2.31705  1.86418  -1.70885  3.42987
1305  0.281307  3.96548  -4.48213  5.99113
1306  0.281307  3.96548  -4.48213  5.99113
1307  0.281307  3.96548  -4.48213  5.99113
1308  0.281307  3.96548  -4.48213  5.99113
1309  0.281307  3.96548  -4.48213  5.99113
1310  1.90726  1.43726  -5.20678  5.72834
1311  1.90726  1.43726  -5.20678  5.72834
1312  1.98892  4.00615  -3.99654  5.99811
1313  1.98892  4.00615  -3.99654  5.99811
1314  1.98892  4.00615  -3.99654  5.99811
1315  4.45414  1.83387  -1.93678  5.19168
1316  4.45414  1.83387  -1.93678  5.19168
1317  4.45414  1.83387  -1.93678  5.19168
1318  4.45414  1.83387  -1.93678  5.19168
1319  4.45414  1.83387  -1.93678  5.19168
1320  4.45414  1.83387  -1.93678  5.19168
1321  4.45414  1.83387  -1.93678  5.19168
1322  4.29694  0.253429  -2.87934  5.17866
1323  2.75794  -0.396789  -0.948745  2.94343
1324  2.2695  -2.71072  -3.03659  4.66042
1325  -0.107665  -2.07428  -1.04828  2.32662
1326  -1.88249  -1.25326  0.777329  2.39137
1327  -2.79135  -1.78721  3.6273  4.91356
1328  -5.05341  -2.29029  4.89805  7.40089
1329  -2.84007  -4.40929  4.48442  6.90057
1330  -2.84007  -4.40929  4.48442  6.90057
1331  -2.84007  -4.40929  4.48442  6.90057
1332  -2.31364  -5.24001  3.13616  6.5304
1333  -2.31364  -5.24001  3.13616  6.5304
1334  -2.31364  -5.24001  3.13616  6.5304
1335  -2.31364  -5.24001  3.13616  6.5304
1336  -2.31364  -5.24001  3.13616  6.5304
1337  -2.31364  -5.24001  3.13616  6.5304
1338  -2.31364  -5.24001  3.13616  6.5304
1339  -2.31364  -5.24001  3.13616  6.5304
1340  -2.09983  -2.72135  1.1574  3.62693
1341  -0.663081  -4.64957  -0.704288  4.74913
1342  -1.54126  -3.93629  -1.63585  4.53276
1343  -1.54126  -3.93629  -1.63585  4.53276
1344  -1.7434  -2.24939  -3.97457  4.88839
1345  -1.7434  -2.24939  -3.97457  4.88839
1346  0.0516355  -2.66128  -5.54595  6.15164
1347  1.87098  -2.39805  -7.52598  8.11736
1348  1.39349  -4.49021  -5.46448  7.20864
1349  -1.39193  -1.9215  -7.11605  7.50119
1350  -1.39193  -1.9215  -7.11605  7.50119
1351  -1.39193  -1.9215  -7.11605  7.50119
1352  -1.39193  -1.9215  -7.11605  7.50119
1353  -1.39193  -1.9215  -7.11605  7.50119
1354  -0.279722  -1.78783  -6.59143  6.83532
1355  1.80483  0.858465  -8.41768  8.65169
1356  -0.196307  0.175271  -8.79849  8.80243
1357  -0.196307  0.175271  -8.79849  8.80243
1358  -0.196307  0.175271  -8.79849  8.80243
1359  -1.32754  -2.45077  -8.93994  9.36435
1360  -2.89049  -4.60849  -6.62596  8.57301
1361  -2.89049  -4.60849  -6.62596  8.57301
1362  -3.33567  -1.98813  -5.86553  7.03448
1363  -3.33567  -1.98813  -5.86553  7.03448
1364  -3.33567  -1.98813  -5.86553  7.03448
1365  -3.75917  0.779594  -4.63953  6.02199
1366  -2.7421  -0.530958  -4.65405  5.42782
1367  -1.65861  0.927759  -2.60772  3.22675
1368  -1.65861  0.927759  -2.60772  3.22675
1369  -1.12563  1.79875  -3.29812  3.92176
1370  -1.12563  1.79875  -3.29812  3.92176
1371  -1.12563  1.79875  -3.29812  3.92176
1372  -0.324673  0.410585  -1.46633  1.55696
1373  -0.324673  0.410585  -1.46633  1.55696
1374  -0.324673  0.410585  -1.46633  1.55696
1375  -0.324673  0.410585  -1.46633  1.55696
1376  -2.12264  1.08808  -2.75814  3.64648
1377  -2.12264  1.08808  -2.75814  3.64648
1378  -2.12264  1.08808  -2.75814  3.64648
1379  -0.633915  0.290365  -1.33536  1.50644
1380  -0.633915  0.290365  -1.33536  1.50644
1381  -0.633915  0.290365  -1.33536  1.50644
1382  0.673588  0.21847  -3.03404  3.11558
1383  2.35787  0.124673  -1.81252  2.97663
1384  2.35787  0.124673  -1.81252  2.97663
1385  2.35787  0.124673  -1.81252  2.97663
1386  2.35787  0.124673  -1.81252  2.97663
1387  2.35787  0.124673  -1.81252  2.97663
1388  0.47919  -0.723159  -3.88203  3.97778
1389  0.47919  -0.723159  -3.88203  3.97778
1390  2.50743  1.57845  -2.08346  3.62209
1391  2.54838  -1.20346  -3.94691  4.8498
1392  0.149243  0.316835  -6.34269  6.35235
1393  -2.2606  0.179216  -7.5964  7.92766
1394  -2.2606  0.179216  -7.5964  7.92766
1395  -2.2606  0.179216  -7.5964  7.92766
1396  -5.02025  -0.430013  -6.40064  8.14592
1397  -2.54823  -2.8434  -9.17106  9.93412
1398  -2.14407  -0.0975878  -8.58369  8.84796
1399  -3.88952  -0.753154  -7.31991  8.32326
1400  -3.11596  0.64526  -6.48269  7.22155
1401  -0.873604  -1.14766  -5.7443  5.92261
1402  1.88732  -0.482322  -4.81967  5.19845
1403  0.0987973  -0.763023  -2.27257  2.39928
1404  0.0987973  -0.763023  -2.27257  2.39928
1405  -1.47314  -1.6242  -3.44211  4.08121
1406  -1.53041  0.0514665  -0.914858  1.78375
1407  -1.53041  0.0514665  -0.914858  1.78375
1408  -1.53041  0.0514665  -0.914858  1.78375
1409  0.599263  1.10171  -2.2719  2.59507
1410  0.599263  1.10171  -2.2719  2.59507
1411  0.599263  1.10171  -2.2719  2.59507
1412  0.599263  1.10171  -2.2719  2.59507
1413  0.599263  1.10171  -2.2719  2.59507
1414  0.599263  1.10171  -2.2719  2.59507
1415  0.599263  1.10171  -2.2719  2.59507
1416  0.599263  1.10171  -2.2719  2.59507
1417  0.599263  1.10171  -2.2719  2.59507
1418  0.114255  -1.62714  -2.93501  3.35782
1419  0.117592  0.212182  -1.21664  1.24059
1420  0.117592  0.212182  -1.21664  1.24059
1421  0.117592  0.212182  -1.21664  1.24059
1422  0.117592  0.212182  -1.21664  1.24059
1423  0.117592  0.212182  -1.21664  1.24059
1424  0.117592  0.212182  -1.21664  1.24059
1425  0.117592  0.212182  -1.21664  1.24059
1426  0.117592  0.212182  -1.21664  1.24059
1427  -0.681762  -1.40259  -1.5842  2.223
1428  -3.3979  -2.09795  -3.90841  5.58774
1429  -2.6434  0.802476  -5.18595  5.87585
1430  -2.99982  -0.877375  -5.44062  6.27448
1431  -1.36789  -0.848813  -4.026  4.33593
1432  -1.36789  -0.848813  -4.026  4.33593
1433  -1.36789  -0.848813  -4.026  4.33593
1434  -1.67785  -0.080731  -3.56008  3.93648
1435  -1.67785  -0.080731  -3.56008  3.93648
1436  -0.392234  2.59709  -2.29633  3.48882
1437  0.872487  1.03759  -4.1797  4.39405
1438  0.872487  1.03759  -4.1797  4.39405
1439  2.2579  0.918095  -2.46353  3.46554
1440  2.2579  0.918095  -2.46353  3.46554
1441  2.2579  0.918095  -2.46353  3.46554
1442  2.2579  0.918095  -2.46353  3.46554
1443  -0.558372  0.83766  -4.12013  4.24134
1444  0.108567  -1.62705  -3.71379  4.05602
1445  0.108567  -1.62705  -3.71379  4.05602
1446  0.108567  -1.62705  -3.71379  4.05602
1447  0.108567  -1.62705  -3.71379  4.05602
1448  0.63541  -0.940424  -3.6355  3.80854
1449  0.63541  -0.940424  -3.6355  3.80854
1450  0.63541  -0.940424  -3.6355  3.80854
1451  -1.15708  0.508906  -4.00728  4.20191
1452  -2.47179  -1.91179  -6.01036  6.77415
1453  -2.47179  -1.91179  -6.01036  6.77415
1454  -2.30366  -1.18576  -7.42159  7.86085
1455  -2.30366  -1.18576  -7.42159  7.86085
1456  -2.30366  -1.18576  -7.42159  7.86085
1457  -2.30366  -1.18576  -7.42159  7.86085
1458  -1.02307  -2.21033  -4.97156  5.53612
1459  1.61005  -1.84656  -6.24767  6.71085
1460  0.284595  -4.36368  -4.1008  5.99493
1461  -1.94057  -4.95426  -4.49026  6.96225
1462  -0.0975117  -2.97351  -3.09796  4.29519
1463  -1.71738  -0.893878  -0.665556  2.04728
1464  -1.71738  -0.893878  -0.665556  2.04728
1465  -1.71738  -0.893878  -0.665556  2.04728
1466  -0.590576  1.40276  0.642612  1.65211
1467  -0.590576  1.40276  0.642612  1.65211
1468  -2.08216  2.64136  0.823669  3.46275
1469  -4.23179  1.71336  -2.04587  5.00292
1470  -4.23179  1.71336  -2.04587  5.00292
1471  -4.23179  1.71336  -2.04587  5.00292
1472  -4.87253  0.88577  -1.15833  5.08605
1473  -7.15584  1.93716  1.66486  7.59805
1474  -4.82459  1.41553  2.00747  5.4139
1475  -4.82459  1.41553  2.00747  5.4139
1476  -4.82459  1.41553  2.00747  5.4139
1477  -4.82459  1.41553  2.00747  5.4139
1478  -2.02768  2.84112  2.84911  4.50565
1479  -2.02768  2.84112  2.84911  4.50565
1480  -2.02768  2.84112  2.84911  4.50565
1481  0.655037  0.798881  0.999225  1.43727
1482  0.655037  0.798881  0.999225  1.43727
1483  0.655037  0.798881  0.999225  1.43727
1484  0.655037  0.798881  0.999225  1.43727
1485  0.783036  -0.112776  -1.52692  1.71969
1486  0.783036  -0.112776  -1.52692  1.71969
1487  0.783036  -0.112776  -1.52692  1.71969
1488  0.783036  -0.112776  -1.52692  1.71969
1489  3.44545  2.11428  -2.62993  4.82264
1490  3.44545  2.11428  -2.62993  4.82264
1491  3.44545  2.11428  -2.62993  4.82264
1492  3.44545  2.11428  -2.62993  4.82264
1493  3.04176  2.07357  -1.19664  3.87091
1494  3.04176  2.07357  -1.19664  3.87091
1495  3.04176  2.07357  -1.19664  3.87091
1496  3.04176  2.07357  -1.19664  3.87091
1497  3.7049  4.14273  -3.6933  6.67301
1498  5.71374  3.48219  -4.21428  7.90776
1499  5.71374  3.48219  -4.21428  7.90776
1500  5.71374  3.48219  -4.21428  7.90776
1501  4.69419  1.45267  -4.97488  6.99251
1502  4.64766  -0.535709  -2.96788  5.5404
1503  4.64766  -0.535709  -2.96788  5.5404
1504  2.89418  0.0979197  -1.19012  3.13086
1505  2.89418  0.0979197  -1.19012  3.13086
1506  2.26899  -1.89663  -2.62301  3.95294
1507  2.26899  -1.89663  -2.62301  3.95294
1508  2.26899  -1.89663  -2.62301  3.95294
1509  0.30365  -3.09813  -5.08415  5.96147
1510  0.30365  -3.09813  -5.08415  5.96147
1511  -2.01159  -4.51915  -7.93096  9.34716
1512  -1.68424  -4.48388  -6.61214  8.1647
1513  -1.68424  -4.48388  -6.61214  8.1647
1514  -3.01644  -3.57125  -3.67843  5.94841
1515  -2.75245  -4.47875  -4.86465  7.1624
1516  -2.75245  -4.47875  -4.86465  7.1624
1517  -3.21227  -2.7251  -6.51442  7.75774
1518  -1.75608  -0.824593  -7.62221  7.86523
1519  -3.14287  -1.53752  -7.93524  8.67235
1520  -3.14287  -1.53752  -7.93524  8.67235
1521  -3.14287  -1.53752  -7.93524  8.67235
1522  -1.65204  1.27023  -7.01147  7.3146
1523  -1.65204  1.27023  -7.01147  7.3146
1524  -4.17844  -1.49236  -8.14682  9.2767
1525  -4.17844  -1.49236  -8.14682  9.2767
1526  -1.36311  -1.45405  -7.31401  7.5807
1527  -1.71591  -3.12972  -5.13409  6.25287
1528  -1.71591  -3.12972  -5.13409  6.25287
1529  -1.71591  -3.12972  -5.13409  6.25287
1530  0.762429  -2.60481  -4.46172  5.22238
1531  -0.227636  -0.713261  -1.97301  2.11029
1532  -0.227636  -0.713261  -1.97301  2.11029
1533  -0.227636  -0.713261  -1.97301  2.11029
1534  1.84762  -0.24366  -3.57511  4.03169
1535  1.84762  -0.24366  -3.57511  4.03169
1536  0.350545  2.62033  -3.85366  4.6733
1537  2.72189  0.166894  -5.28681  5.94869
1538  2.72189  0.166894  -5.28681  5.94869
1539  0.127332  1.96751  -2.56717  3.23692
1540  -0.373241  -0.00841305  -3.88121  3.89913
1541  -0.373241  -0.00841305  -3.88121  3.89913
1542  -0.373241  -0.00841305  -3.88121  3.89913
1543  -0.373241  -0.00841305  -3.88121  3.89913
1544  -0.373241  -0.00841305  -3.88121  3.89913
1545  -0.373241  -0.00841305  -3.88121  3.89913
1546  -0.52329  0.493312  -5.49296  5.53984
1547  1.95645  0.486922  -2.94178  3.56635
1548  1.95645  0.486922  -2.94178  3.56635
1549  1.56996  -0.557282  -3.20271  3.61008
1550  1.56996  -0.557282  -3.20271  3.61008
1551  1.56996  -0.557282  -3.20271  3.61008
1552  -0.954105  -2.69118  -6.01649  6.65964
1553  -2.64247  -0.960844  -4.61843  5.40701
1554  -0.599844  -0.258963  -3.17812  3.24458
1555  -0.599844  -0.258963  -3.17812  3.24458
1556  -0.599844  -0.258963  -3.17812  3.24458
1557  -0.599844  -0.258963  -3.17812  3.24458
1558  -0.599844  -0.258963  -3.17812  3.24458
1559  0.667978  -0.298869  -1.51202  1.6798
1560  1.41149  -0.212613  1.04636  1.76985
1561  0.345705  2.19772  3.12035  3.83224
1562  1.2453  1.45153  1.68625  2.54974
1563  0.980662  1.55526  4.07661  4.47206
1564  0.980662  1.55526  4.07661  4.47206
1565  -1.54459  -0.244616  2.39842  2.86322
1566  0.39783  0.816119  3.50652  3.62215
1567  0.00499517  0.897973  2.00741  2.19911
1568  -0.947733  -1.75764  3.2734  3.8344
1569  -0.947733  -1.75764  3.2734  3.8344
1570  -0.947733  -1.75764  3.2734  3.8344
1571  -0.947733  -1.75764  3.2734  3.8344
1572  -0.947733  -1.75764  3.2734  3.8344
1573  -0.947733  -1.75764  3.2734  3.8344
1574  -0.947733  -1.75764  3.2734  3.8344
1575  -0.947733  -1.75764  3.2734  3.8344
1576  -0.947733  -1.75764  3.2734  3.8344
1577  -0.947733  -1.75764  3.2734  3.8344
1578  -0.947733  -1.75764  3.2734  3.8344
1579  -1.62415  -0.392388  3.43672  3.82137
1580  -1.62415  -0.392388  3.43672  3.82137
1581  -1.62415  -0.392388  3.43672  3.82137
1582  -1.62415  -0.392388  3.43672  3.82137
1583  -1.62415  -0.392388  3.43672  3.82137
1584  -3.01843  -1.06991  2.63508  4.1472
1585  -1.41785  1.09466  4.7493  5.07586
1586  -1.41785  1.09466  4.7493  5.07586
1587  -1.41785  1.09466  4.7493  5.07586
1588  -1.41785  1.09466  4.7493  5.07586
1589  -1.10253  0.710881  3.46369  3.70379
1590  -1.10253  0.710881  3.46369  3.70379
1591  -1.08475  0.182967  4.79084  4.91551
1592  -1.41421  -2.36741  3.2653  4.27397
1593  -0.13261  -2.70645  4.54921  5.29507
1594  -1.49614  0.0254486  4.72771  4.95886
1595  -1.49614  0.0254486  4.72771  4.95886
1596  -2.65705  1.01053  6.03685  6.67267
1597  -3.07554  1.43669  3.32899  4.7545
1598  -3.07554  1.43669  3.32899  4.7545
1599  -3.7069  2.73241  3.87832  6.02068
1600  -1.74819  1.57916  1.85787  3.00027
1601  -1.74819  1.57916  1.85787  3.00027
1602  -1.74819  1.57916  1.85787  3.00027
1603  -1.74819  1.57916  1.85787  3.00027
1604  -1.74819  1.57916  1.85787  3.00027
1605  -1.74819  1.57916  1.85787  3.00027
1606  -1.74819  1.57916  1.85787  3.00027
1607  -1.74819  1.57916  1.85787  3.00027
1608  -1.74819  1.57916  1.85787  3.00027
1609  -0.765352  0.761852  1.28784  1.68069
1610  -0.38295  -0.854327  -0.857382  1.2695
1611  -0.38295  -0.854327  -0.857382  1.2695
1612  1.65929  -1.33651  -2.88064  3.58296
1613  -1.21263  -0.444987  -1.80734  2.22148
1614  -0.0971299  -1.89728  -2.36855  3.0363
1615  -0.0971299  -1.89728  -2.36855  3.0363
1616  0.945669  -0.508703  -4.59043  4.71436
1617  0.945669  -0.508703  -4.59043  4.71436
1618  0.486849  -3.22406  -2.7648  4.275
1619  0.486849  -3.22406  -2.7648  4.275
1620  0.486849  -3.22406  -2.7648  4.275
1621  0.486849  -3.22406  -2.7648  4.275
1622  3.18289  -0.489782  -2.10519  3.8474
1623  3.18289  -0.489782  -2.10519  3.8474
1624  2.98333  1.71686  -4.02831  5.29859
1625  2.31369  4.33278  -1.84909  5.24836
1626  2.31369  4.33278  -1.84909  5.24836
1627  2.31369  4.33278  -1.84909  5.24836
1628  2.36696  5.1646  -3.0365  6.44173
1629  2.36696  5.1646  -3.0365  6.44173
1630  2.36696  5.1646  -3.0365  6.44173
1631  2.36696  5.1646  -3.0365  6.44173
1632  1.98123  3.19116  -5.34792  6.53521
1633  1.98123  3.19116  -5.34792  6.53521
1634  1.98123  3.19116  -5.34792  6.53521
1635  1.01986  1.07544  -6.07516  6.25334
1636  -1.87451  2.85794  -5.55546  6.52263
1637  -4.68378  2.22201  -5.4311  7.50813
1638  -3.00464  3.46324  -4.78763  6.62898
1639  -3.9093  4.92131  -7.63358  9.88805
1640  -3.9093  4.92131  -7.63358  9.88805
1641  -3.9093  4.92131  -7.63358  9.88805
1642  -3.9093  4.92131  -7.63358  9.88805
1643  -3.6424  5.01095  -6.84608  9.23285
1644  -3.36273  2.34778  -8.88876  9.78928
1645  -3.26347  0.934204  -7.96266  8.65603
1646  -4.90022  -0.40122  -5.60453  7.45546
1647  -3.46753  0.16202  -5.46069  6.47064
1648  -2.74787  2.53085  -6.91555  7.86008
1649  -2.67959  4.92254  -5.25536  7.68312
1650  -2.67959  4.92254  -5.25536  7.68312
1651  0.250527  7.52565  -5.41193  9.27292
1652  2.81866  5.37403  -7.9957  10.0377
1653  2.81866  5.37403  -7.9957  10.0377
1654  4.03668  2.72465  -6.67071  8.25935
1655  2.62751  4.40135  -5.48196  7.50517
1656  2.62751  4.40135  -5.48196  7.50517
1657  4.57023  3.47424  -2.79128  6.38346
1658  4.57023  3.47424  -2.79128  6.38346
1659  4.57023  3.47424  -2.79128  6.38346
1660  4.57023  3.47424  -2.79128  6.38346
1661  1.77091  2.19044  -0.892568  2.95479
1662  3.61998  2.74435  -1.59626  4.81495
1663  3.61998  2.74435  -1.59626  4.81495
1664  0.726297  4.95965  1.19905  5.15396
1665  -0.0221563  4.8466  1.93291  5.21787
1666  1.15599  5.96217  1.22762  6.19603
1667  1.15599  5.96217  1.22762  6.19603
1668  1.15599  5.96217  1.22762  6.19603
1669  3.05118  4.5608  2.12615  5.88482
1670  5.27862  3.43356  3.77046  7.33958
1671  2.43493  1.00342  6.50203  7.01513
1672  4.79873  0.209802  5.47773  7.28542
1673  4.79873  0.209802  5.47773  7.28542
1674  3.67242  2.86457  4.23134  6.29259
1675  3.67242  2.86457  4.23134  6.29259
1676  3.67242  2.86457  4.23134  6.29259
1677  4.49889  2.39041  3.13256  5.98055
1678  2.93701  3.84809  4.44614  6.57283
1679  2.93701  3.84809  4.44614  6.57283
1680  2.93701  3.84809  4.44614  6.57283
1681  2.93701  3.84809  4.44614  6.57283
1682  2.51532  3.51661  1.98842  4.75891
1683  1.75498  2.40359  4.01034  4.994
1684  1.75498  2.40359  4.01034  4.994
1685  1.75498  2.40359  4.01034  4.994
1686  1.75498  2.40359  4.01034  4.994
1687  1.75498  2.40359  4.01034  4.994
1688  -1.08017  3.01837  2.80409  4.25914
1689  1.83531  3.86247  1.86135  4.66387
1690  1.53573  5.29784  2.92754  6.24468
1691  1.53573  5.29784  2.92754  6.24468
1692  1.53573  5.29784  2.92754  6.24468
1693  1.53573  5.29784  2.92754  6.24468
1694  0.692682  3.55886  1.33025  3.86198
1695  -2.1651  1.01111  1.39279  2.76584
1696  -2.1651  1.01111  1.39279  2.76584
1697  -2.1651  1.01111  1.39279  2.76584
1698  -2.1651  1.01111  1.39279  2.76584
1699  -2.1651  1.01111  1.39279  2.76584
1700  -2.1651  1.01111  1.39279  2.76584
1701  -2.17026  0.0330521  2.10601  3.0243
1702  -2.17026  0.0330521  2.10601  3.0243
1703  -2.04214  0.956289  3.15434  3.87746
1704  -2.04214  0.956289  3.15434  3.87746
1705  -2.04214  0.956289  3.15434  3.87746
1706  -0.685283  -1.49559  2.46415  2.96284
1707  -0.685283  -1.49559  2.46415  2.96284
1708  -1.65408  -1.00016  3.54075  4.034
1709  -1.65408  -1.00016  3.54075  4.034
1710  -1.65408  -1.00016  3.54075  4.034
1711  -1.65408  -1.00016  3.54075  4.034
1712  -1.69326  1.88319  3.15055  4.04221
1713  -0.83523  1.56555  1.01201  2.04272
1714  -0.83523  1.56555  1.01201  2.04272
1715  -0.83523  1.56555  1.01201  2.04272
1716  -0.83523  1.56555  1.01201  2.04272
1717  -0.83523  1.56555  1.01201  2.04272
1718  -1.24227  1.85058  1.50355  2.6886
1719  0.24005  -0.537216  -0.803228  0.995691
1720  2.36614  -0.656211  1.48876  2.87152
1721  -0.116194  1.57258  0.91238  1.8218
1722  0.22609  2.09654  2.31418  3.13082
1723  0.22609  2.09654  2.31418  3.13082
1724  0.22609  2.09654  2.31418  3.13082
1725  0.22609  2.09654  2.31418  3.13082
1726  1.13347  1.68574  2.41055  3.15234
1727  1.13347  1.68574  2.41055  3.15234
1728  1.13347  1.68574  2.41055  3.15234
1729  1.13347  1.68574  2.41055  3.15234
1730  1.13347  1.68574  2.41055  3.15234
1731  1.13347  1.68574  2.41055  3.15234
1732  1.13347  1.68574  2.41055  3.15234
1733  1.13347  1.68574  2.41055  3.15234
1734  1.13347  1.68574  2.41055  3.15234
1735  1.13347  1.68574  2.41055  3.15234
1736  1.13347  1.68574  2.41055  3.15234
1737  0.00243864  2.07352  1.82296  2.76092
1738  0.00243864  2.07352  1.82296  2.76092
1739  0.00243864  2.07352  1.82296  2.76092
1740  0.00243864  2.07352  1.82296  2.76092
1741  0.00243864  2.07352  1.82296  2.76092
1742  0.00243864  2.07352  1.82296  2.76092
1743  -0.748456  0.962917  0.307155  1.25767
1744  0.0122064  1.60075  -0.783415  1.78222
1745  -1.4516  1.07275  0.522078  1.87896
1746  -1.4516  1.07275  0.522078  1.87896
1747  -0.384406  2.58587  1.5345  3.03136
1748  -0.384406  2.58587  1.5345  3.03136
1749  -0.384406  2.58587  1.5345  3.03136
1750  0.180153  3.79791  3.0722  4.88825
1751  0.196925  1.09015  5.80892  5.91361
1752  -1.78441  0.48621  6.08805  6.36277
1753  -1.78441  0.48621  6.08805  6.36277
1754  -0.0192469  -0.111763  5.31041  5.31162
1755  -0.0192469  -0.111763  5.31041  5.31162
1756  -0.0192469  -0.111763  5.31041  5.31162
1757  1.52879  2.62918  5.93338  6.66744
1758  1.52879  2.62918  5.93338  6.66744
1759  2.79025  0.644096  7.28468  7.82732
1760  2.79025  0.644096  7.28468  7.82732
1761  0.956448  2.43145  7.7437  8.17261
1762  1.35874  2.2184  9.22911  9.58874
1763  -0.142616  1.36971  11.7357  11.8163
1764  -0.142616  1.36971  11.7357  11.8163
1765  -0.142616  1.36971  11.7357  11.8163
1766  -0.142616  1.36971  11.7357  11.8163
1767  -2.10085  -1.35595  9.76477  10.0798
1768  -2.10085  -1.35595  9.76477  10.0798
1769  -2.10085  -1.35595  9.76477  10.0798
1770  -3.42255  -4.1171  7.71112  9.38753
1771  -2.01542  -3.3895  8.03773  8.95297
1772  -1.95959  -3.09336  5.33985  6.47479
1773  -2.43277  -3.38479  3.21178  5.2622
1774  0.491543  -0.861407  1.67756  1.9488
1775  0.491543  -0.861407  1.67756  1.9488
1776  -0.442062  -1.96946  3.75288  4.26126
1777  -0.442062  -1.96946  3.75288  4.26126
1778  -0.442062  -1.96946  3.75288  4.26126
1779  -0.442062  -1.96946  3.75288  4.26126
1780  -2.70738  0.418342  4.79129  5.51918
1781  -4.82515  -0.0877161  5.91415  7.63327
1782  -4.82515  -0.0877161  5.91415  7.63327
1783  -6.52003  -0.0948494  4.93702  8.17888
1784  -5.91666  1.89742  5.49012  8.29146
1785  -3.56465  -0.996641  3.17805  4.87853
1786  -3.56465  -0.996641  3.17805  4.87853
1787  -3.56465  -0.996641  3.17805  4.87853
1788  -3.56465  -0.996641  3.17805  4.87853
1789  -1.52162  0.251174  4.69096  4.93797
1790  -3.40613  2.57732  4.15304  5.95752
1791  -2.28858  2.13206  2.74897  4.16415
1792  -2.28858  2.13206  2.74897  4.16415
1793  -2.28858  2.13206  2.74897  4.16415
1794  -2.28858  2.13206  2.74897  4.16415
1795  -1.78152  -0.238841  2.28457  2.90691
1796  0.63953  2.6321  1.69421  3.19489
1797  0.63953  2.6321  1.69421  3.19489
1798  3.23007  2.1726  3.40417  5.17126
1799  3.23007  2.1726  3.40417  5.17126
1800  5.54004  3.31585  4.11894  7.65849
1801  2.81893  5.69476  3.69115  7.34855
1802  2.81893  5.69476  3.69115  7.34855
1803  1.60121  4.45025  5.09892  6.95468
1804  -0.652601  6.82323  6.41823  9.39021
1805  -2.09151  5.18347  7.24674  9.15194
1806  -3.63237  7.64512  8.15502  11.7536
1807  -1.3436  6.17834  9.41861  11.3441
1808  -1.89754  7.41482  11.1734  13.5435
1809  -1.89754  7.41482  11.1734  13.5435
1810  -1.89754  7.41482  11.1734  13.5435
1811  -1.89754  7.41482  11.1734  13.5435
1812  0.545644  9.78734  11.1031  14.8111
1813  2.03843  10.1985  8.37223  13.3514
1814  2.03843  10.1985  8.37223  13.3514
1815  4.70691  8.41383  8.7945  13.0495
1816  2.54644  8.85617  6.84022  11.4763
1817  3.10686  8.90081  6.58148  11.4975
1818  1.93812  10.7713  5.27938  12.1511
1819  1.93812  10.7713  5.27938  12.1511
1820  0.151554  7.91853  6.45327  10.2162
1821  2.25444  8.07036  4.1649  9.35733
1822  2.25444  8.07036  4.1649  9.35733
1823  2.94445  7.79956  5.68275  10.0894
1824  3.05139  7.83188  3.84564  9.24328
1825  5.16811  6.2781  4.36786  9.2305
1826  5.16811  6.2781  4.36786  9.2305
1827  5.15859  4.71101  4.19398  8.14826
1828  3.27319  2.5975  5.01033  6.52412
1829  1.21415  0.777005  3.49982  3.78505
1830  0.594634  -2.02718  4.06575  4.58185
1831  0.594634  -2.02718  4.06575  4.58185
1832  0.594634  -2.02718  4.06575  4.58185
1833  0.594634  -2.02718  4.06575  4.58185
1834  0.594634  -2.02718  4.06575  4.58185
1835  -2.20028  -4.47575  3.67274  6.19375
1836  -2.20028  -4.47575  3.67274  6.19375
1837  -2.20028  -4.47575  3.67274  6.19375
1838  -2.20028  -4.47575  3.67274  6.19375
1839  -0.956983  -4.80476  3.43456  5.98312
1840  -0.956983  -4.80476  3.43456  5.98312
1841  1.53365  -3.58238  1.19843  4.07698
1842  2.33856  -0.869653  -1.56537  2.94542
1843  1.54268  -2.98492  -3.72258  5.0147
1844  0.174079  -4.34144  -3.33471  5.47711
1845  -0.717173  -5.01225  -3.47328  6.14008
1846  -0.717173  -5.01225  -3.47328  6.14008
1847  -3.26811  -4.59905  -1.37943  5.80816
1848  -1.5657  -3.98716  -1.19918  4.44825
1849  -1.5657  -3.98716  -1.19918  4.44825
1850  -1.5657  -3.98716  -1.19918  4.44825
1851  -3.0407  -3.3314  -2.86359  5.34268
1852  -3.0407  -3.3314  -2.86359  5.34268
1853  -3.0407  -3.3314  -2.86359  5.34268
1854  -4.75536  -1.28699  -2.84253  5.68768
1855  -3.13261  -3.59426  -5.63233  7.37937
1856  -2.62987  -3.84557  -3.52047  5.83938
1857  -2.72884  -0.986507  -2.69184  3.958
1858  -0.697503  -1.47206  -3.82652  4.15882
1859  -0.697503  -1.47206  -3.82652  4.15882
1860  -0.697503  -1.47206  -3.82652  4.15882
1861  -1.63981  -0.211504  -1.98436  2.58291
1862  -1.63981  -0.211504  -1.98436  2.58291
1863  0.275024  -0.21768  -2.41945  2.44474
1864  0.275024  -0.21768  -2.41945  2.44474
1865  0.275024  -0.21768  -2.41945  2.44474
1866  0.275024  -0.21768  -2.41945  2.44474
1867  1.03576  0.251379  -2.51794  2.73423
1868  1.03576  0.251379  -2.51794  2.73423
1869  1.03576  0.251379  -2.51794  2.73423
1870  1.03576  0.251379  -2.51794  2.73423
1871  1.03576  0.251379  -2.51794  2.73423
1872  1.03576  0.251379  -2.51794  2.73423
1873  1.03576  0.251379  -2.51794  2.73423
1874  1.44472  -1.48229  -3.44453  4.0186
1875  0.220787  1.25797  -3.05228  3.30872
1876  0.220787  1.25797  -3.05228  3.30872
1877  0.220787  1.25797  -3.05228  3.30872
1878  0.220787  1.25797  -3.05228  3.30872
1879  0.220787  1.25797  -3.05228  3.30872
1880  0.261573  -1.17007  -3.74344  3.93075
1881  0.261573  -1.17007  -3.74344  3.93075
1882  0.261573  -1.17007  -3.74344  3.93075
1883  0.261573  -1.17007  -3.74344  3.93075
1884  -0.946257  0.680252  -0.910494  1.4789
1885  -0.0695274  2.6226  -1.49506  3.01962
1886  -0.0695274  2.6226  -1.49506  3.01962
1887  -0.0695274  2.6226  -1.49506  3.01962
1888  -0.0695274  2.6226  -1.49506  3.01962
1889  2.84535  1.27018  1.10381  3.30572
1890  5.28848  1.88525  1.58997  5.83526
1891  5.98314  1.60069  2.98  6.87317
1892  5.98314  1.60069  2.98  6.87317
1893  5.98314  1.60069  2.98  6.87317
1894  5.01083  2.05416  5.38436  7.63671
1895  3.97189  3.45658  3.98865  6.60554
1896  3.97189  3.45658  3.98865  6.60554
1897  2.77795  1.41294  3.80396  4.91767
1898  2.77795  1.41294  3.80396  4.91767
1899  0.626855  -0.299683  2.69688  2.78495
1900  0.221453  2.35436  5.5998  6.07864
1901  -0.846288  2.9208  5.60626  6.37788
1902  -1.44076  2.99108  7.57209  8.26794
1903  0.794539  3.71641  5.38528  6.59122
1904  0.794539  3.71641  5.38528  6.59122
1905  0.0226543  2.30897  3.07061  3.84194
1906  -1.87764  1.66905  2.69138  3.68168
1907  -1.87764  1.66905  2.69138  3.68168
1908  -0.802408  2.11264  3.93178  4.53498
1909  -0.802408  2.11264  3.93178  4.53498
1910  -0.802408  2.11264  3.93178  4.53498
1911  1.75854  0.86057  2.36789  3.07245
1912  1.75854  0.86057  2.36789  3.07245
1913  -0.848058  1.39734  2.37601  2.88395
1914  -1.34495  1.05512  2.82243  3.29974
1915  -1.34495  1.05512  2.82243  3.29974
1916  -0.140859  0.829034  3.74625  3.83947
1917  0.00921332  0.824938  2.00153  2.16488
1918  0.00921332  0.824938  2.00153  2.16488
1919  0.00921332  0.824938  2.00153  2.16488
1920  0.818052  -0.559192  -0.493993  1.10722
1921  0.818052  -0.559192  -0.493993  1.10722
1922  0.176116  0.484148  2.06814  2.13135
1923  0.176116  0.484148  2.06814  2.13135
1924  0.176116  0.484148  2.06814  2.13135
1925  0.176116  0.484148  2.06814  2.13135
1926  0.176116  0.484148  2.06814  2.13135
1927  0.176116  0.484148  2.06814  2.13135
1928  -0.0972426  -1.04417  2.06937  2.31992
1929  -0.904151  1.47773  2.69268  3.20182
1930  -0.904151  1.47773  2.69268  3.20182
1931  0.337117  -0.279083  1.09728  1.18134
1932  0.337117  -0.279083  1.09728  1.18134
1933  0.337117  -0.279083  1.09728  1.18134
1934  0.337117  -0.279083  1.09728  1.18134
1935  0.337117  -0.279083  1.09728  1.18134
1936  -0.344372  2.03602  1.53153  2.5709
1937  1.33505  2.22008  2.44228  3.56031
1938  0.719214  0.779192  4.86131  4.97562
1939  2.39027  0.0539518  2.10079  3.1827
1940  2.65976  1.66598  2.9749  4.32433
1941  1.8653  -0.508912  3.83871  4.29814
1942  3.09426  -2.74173  1.95759  4.57424
1943  3.09426  -2.74173  1.95759  4.57424
1944  1.42572  -2.69199  1.42393  3.3626
1945  2.49491  -0.279889  3.2822  4.13228
1946  1.13703  0.900878  2.19561  2.63156
1947  1.13703  0.900878  2.19561  2.63156
1948  1.13703  0.900878  2.19561  2.63156
1949  -0.96096  0.706578  2.58404  2.84604
1950  -0.96096  0.706578  2.58404  2.84604
1951  -1.09976  0.84054  2.58881  2.93563
1952  -1.09976  0.84054  2.58881  2.93563
1953  -1.09976  0.84054  2.58881  2.93563
1954  -1.77618  0.464277  3.46907  3.9249
1955  -1.77618  0.464277  3.46907  3.9249
1956  -1.77618  0.464277  3.46907  3.9249
1957  -3.89736  -1.00373  5.28512  6.643
1958  -3.96738  -1.98829  3.04836  5.38386
1959  -2.22362  -1.41432  1.04906  2.83643
1960  -0.718906  0.294114  2.42842  2.54962
1961  -0.718906  0.294114  2.42842  2.54962
1962  -0.718906  0.294114  2.42842  2.54962
1963  -0.779912  0.43776  3.86765  3.96971
1964  -3.29929  3.27279  5.35531  7.09054
1965  -3.53206  4.74864  4.22332  7.27059
1966  -3.87432  5.03325  6.47939  9.07339
1967  -3.87432  5.03325  6.47939  9.07339
1968  -1.54717  4.88211  4.15495  6.59487
1969  0.289721  7.67008  2.61766  8.10963
1970  0.289721  7.67008  2.61766  8.10963
1971  2.82001  6.33996  2.62544  7.41893
1972  2.82001  6.33996  2.62544  7.41893
1973  2.82001  6.33996  2.62544  7.41893
1974  2.82001  6.33996  2.62544  7.41893
1975  2.82001  6.33996  2.62544  7.41893
1976  5.00622  3.569  5.44707  8.21405
1977  3.83007  4.65769  4.17814  7.33623
1978  3.83007  4.65769  4.17814  7.33623
1979  3.83007  4.65769  4.17814  7.33623
1980  3.83007  4.65769  4.17814  7.33623
1981  3.83007  4.65769  4.17814  7.33623
1982  3.83007  4.65769  4.17814  7.33623
1983  1.46582  7.56589  5.67565  9.57102
1984  1.69669  9.4349  3.18641  10.102
1985  4.31999  7.79415  2.77153  9.33234
1986  5.64108  4.92796  1.9197  7.73252
1987  5.64108  4.92796  1.9197  7.73252
1988  5.64108  4.92796  1.9197  7.73252
1989  3.94019  3.71041  1.28505  5.5627
1990  2.46387  2.12268  -0.303367  3.26626
1991  5.38135  2.30527  -0.631456  5.88829
1992  6.80163  1.94883  -3.3058  7.80951
1993  6.77462  0.782182  -2.28348  7.19177
1994  6.77462  0.782182  -2.28348  7.19177
1995  6.77462  0.782182  -2.28348  7.19177
1996  4.46888  0.0500056  -3.89524  5.92843
1997  3.06338  -0.990824  -2.7421  4.22908
1998  2.73059  0.149071  -3.30528  4.28989
1999  4.36774  -0.488998  -5.46949  7.01652
2000  4.36774  -0.488998  -5.46949  7.01652
