0 100  100  100  173.205
1  100.464  98.5156  98.0735  171.513
2  100.02  95.6924  98.6565  169.983
3  98.9946  94.2337  98.3522  168.384
4  99.3275  93.0026  95.2213  166.08
5  99.4253  91.1738  92.9432  163.818
6  100.433  88.0252  92.78  162.614
7  100.433  88.0252  92.78  162.614
8  100.433  88.0252  92.78  162.614
9  100.433  88.0252  92.78  162.614
10  101.344  87.7549  91.3904  162.246
11  101.344  87.7549  91.3904  162.246
12  101.344  87.7549  91.3904  162.246
13  101.344  87.7549  91.3904  162.246
14  99.7542  88.0117  89.349  160.25
15  99.7542  88.0117  89.349  160.25
16  100.064  88.1476  89.0819  160.37
17  100.064  88.1476  89.0819  160.37
18  97.5979  91.2271  89.6765  160.902
19  97.5979  91.2271  89.6765  160.902
20  97.0842  87.9879  93.4936  160.961
21  96.9915  86.1895  91.3646  158.693
22  96.9915  86.1895  91.3646  158.693
23  96.9915  86.1895  91.3646  158.693
24  97.0656  84.1365  88.8787  156.205
25  96.4016  80.9971  86.542  152.785
26  99.1127  80.2077  84.5835  153.006
27  99.1127  80.2077  84.5835  153.006
28  99.1127  80.2077  84.5835  153.006
29  100.65  79.6402  82.9207  152.803
30  101.112  79.4197  83.0519  153.065
31  101.569  77.2072  81.2363  151.25
32  103.575  77.0757  81.6053  152.734
33  104.125  76.7743  81.089  152.682
34  105.287  76.3968  81.1084  153.298
35  105.287  76.3968  81.1084  153.298
36  106.193  73.042  80.2997  151.856
37  104.554  72.5335  78.5875  149.561
38  102.461  71.9251  79.6956  148.401
39  100.349  70.8694  79.2186  146.178
40  101.247  71.1208  77.8658  146.192
41  102.851  68.7633  76.1265  145.265
42  101.838  67.0645  76.0907  143.73
43  98.6227  66.9238  75.8513  141.275
44  98.6227  66.9238  75.8513  141.275
45  97.1621  67.5177  74.4479  139.791
46  97.1621  67.5177  74.4479  139.791
47  98.3592  69.3483  72.5159  140.507
48  98.3592  69.3483  72.5159  140.507
49  98.3441  65.9396  72.363  138.766
50  98.3441  65.9396  72.363  138.766
51  98.3441  65.9396  72.363  138.766
52  98.3441  65.9396  72.363  138.766
53  96.5987  65.3313  73.5639  137.881
54  98.5954  62.9881  72.9052  137.854
55  98.5954  62.9881  72.9052  137.854
56  95.5351  62.8272  70.9586  134.571
57  95.5351  62.8272  70.9586  134.571
58  95.8665  65.5715  71.3881  136.331
59  92.7931  62.2659  71.1992  132.503
60  91.8433  60.6145  71.9306  131.466
61  94.3393  55.6837  65.4541  127.612
62  94.924  56.1847  63.4695  127.262
63  94.3611  56.749  63.545  127.132
64  93.6172  54.1681  64.8485  126.11
65  91.4242  54.7722  66.2946  125.512
66  90.0303  52.9036  67.8859  124.55
67  88.1861  53.7573  67.4661  123.363
68  89.7269  49.5678  65.9738  121.903
69  89.4923  47.4594  63.3229  119.462
70  89.9859  45.4533  60.697  117.676
71  89.1145  44.7598  59.1218  115.932
72  89.4777  44.2601  59.5461  116.237
73  90.2849  41.4464  57.6133  114.841
74  90.2849  41.4464  57.6133  114.841
75  90.5876  39.7319  55.126  113.241
76  93.5334  36.8324  54.512  114.353
77  93.5334  36.8324  54.512  114.353
78  93.5334  36.8324  54.512  114.353
79  93.1502  38.0054  56.8849  115.574
80  93.1502  38.0054  56.8849  115.574
81  91.6605  36.9722  59.2444  115.232
82  89.695  37.7584  58.9681  113.79
83  89.695  37.7584  58.9681  113.79
84  88.534  36.8946  59.2433  112.735
85  86.1069  36.5176  57.0029  109.532
86  84.9685  34.3671  57.3868  108.139
87  84.3274  33.2579  56.9857  107.073
88  82.3692  34.5573  59.9488  107.577
89  83.186  32.0818  59.8735  107.396
90  82.375  31.8328  60.5293  107.064
91  80.6699  34.7865  58.8609  105.747
92  80.6699  34.7865  58.8609  105.747
93  78.3034  36.1811  60.1224  105.144
94  75.5948  34.4476  57.9658  101.298
95  75.5948  34.4476  57.9658  101.298
96  75.5948  34.4476  57.9658  101.298
97  75.5948  34.4476  57.9658  101.298
98  75.5948  34.4476  57.9658  101.298
99  76.2542  32.9564  57.8737  101.243
100  77.0411  30.5761  57.5036  100.881
101  77.0411  30.5761  57.5036  100.881
102  76.2861  31.0321  58.8752  101.237
103  76.407  34.064  58.7192  102.207
104  77.1181  32.7849  58.9689  102.466
105  77.1181  32.7849  58.9689  102.466
106  72.7327  34.285  55.9784  97.9749
107  72.7955  33.7418  53.3413  96.3483
108  73.9978  33.1008  53.031  96.8691
109  72.2143  31.1961  55.0499  96.0135
110  72.9108  31.8626  52.6809  95.4279
111  72.4769  33.7881  49.7894  94.1994
112  66.6406  36.7216  47.7021  89.805
113  67.1579  35.6844  46.8751  89.3355
114  66.5321  35.0227  45.6535  87.9623
115  67.2686  32.2503  47.0511  88.1983
116  64.3971  32.7448  44.036  84.6072
117  64.3971  32.7448  44.036  84.6072
118  63.8737  31.777  42.5839  83.0844
119  63.8737  31.777  42.5839  83.0844
120  63.8737  31.777  42.5839  83.0844
121  63.8737  31.777  42.5839  83.0844
122  63.8737  31.777  42.5839  83.0844
123  62.2073  27.5307  42.1156  80.0088
124  60.3277  25.1199  40.7015  76.9874
125  60.3277  25.1199  40.7015  76.9874
126  59.5065  26.0874  42.1064  77.4243
127  56.4304  25.3361  40.6681  74.0283
128  56.4304  25.3361  40.6681  74.0283
129  57.1588  21.9739  42.3517  74.4557
130  57.1588  21.9739  42.3517  74.4557
131  56.2976  20.2245  42.7557  73.5289
132  56.2976  20.2245  42.7557  73.5289
133  58.3238  19.4356  38.0485  72.2986
134  55.0456  19.6791  34.6636  67.9621
135  55.4073  17.4794  32.9769  66.8055
136  55.4073  17.4794  32.9769  66.8055
137  55.4341  14.508  35.9341  67.6364
138  57.0505  13.7019  32.695  67.1675
139  57.0505  13.7019  32.695  67.1675
140  58.4492  11.803  28.9479  66.2842
141  58.2491  10.4169  27.4413  65.2265
142  56.6911  10.3001  33.4704  66.6351
143  56.6911  10.3001  33.4704  66.6351
144  53.808  8.37521  33.9486  64.1713
145  55.0635  9.9256  34.637  65.8044
146  55.7421  8.97099  34.8501  66.349
147  55.7421  8.97099  34.8501  66.349
148  56.5193  10.7448  34.7528  67.2134
149  55.7289  14.1289  35.2717  67.4494
150  55.7289  14.1289  35.2717  67.4494
151  54.8085  10.7859  37.0332  67.0206
152  54.8085  10.7859  37.0332  67.0206
153  55.5436  11.3817  37.0173  67.712
154  56.1538  11.8741  34.586  67.0107
155  54.166  9.83483  35.274  65.3829
156  52.351  8.16332  39.0033  65.7915
157  52.351  8.16332  39.0033  65.7915
158  51.6441  8.4541  40.5083  66.1778
159  50.6226  9.11505  37.4486  63.625
160  50.6226  9.11505  37.4486  63.625
161  50.814  7.97697  36.3108  62.9617
162  50.814  7.97697  36.3108  62.9617
163  50.814  7.97697  36.3108  62.9617
164  49.1995  5.90271  34.6224  60.4495
165  46.9412  8.95759  30.5419  56.7144
166  46.0464  13.545  28.5943  55.8693
167  44.064  16.3231  28.0806  54.7412
168  44.064  16.3231  28.0806  54.7412
169  44.064  16.3231  28.0806  54.7412
170  44.064  16.3231  28.0806  54.7412
171  45.9866  13.0852  25.1379  54.0176
172  45.9866  13.0852  25.1379  54.0176
173  41.9776  10.4076  24.6816  49.7958
174  40.8295  10.385  24.0096  48.4908
175  40.6408  8.90821  23.5451  47.8059
176  40.9385  12.2592  20.2966  47.3097
177  40.9444  15.8678  17.4122  47.2378
178  40.9444  15.8678  17.4122  47.2378
179  40.9444  15.8678  17.4122  47.2378
180  38.7019  17.5277  15.1596  45.1096
181  40.5501  15.6298  18.4324  47.2055
182  40.5501  15.6298  18.4324  47.2055
183  37.8972  12.1413  17.0001  43.2737
184  37.8972  12.1413  17.0001  43.2737
185  38.3553  11.7455  18.2651  44.076
186  39.4162  6.60517  20.1335  44.7507
187  40.6083  6.30155  22.2457  46.7292
188  40.321  6.76258  22.8865  46.8541
189  38.1525  6.60313  24.3815  45.7567
190  34.9374  2.2237  25.6865  43.4208
191  34.9374  2.2237  25.6865  43.4208
192  31.7488  3.47307  23.7224  39.7844
193  29.0008  4.96124  24.4008  38.2238
194  26.6744  3.77382  22.8549  35.3286
195  26.6744  3.77382  22.8549  35.3286
196  26.6744  3.77382  22.8549  35.3286
197  27.1268  0.865988  25.0931  36.9632
198  24.3444  -0.303915  26.0055  35.6234
199  22.4837  1.91441  25.0054  33.6816
200  22.4837  1.91441  25.0054  33.6816
201  19.5226  0.431582  26.8421  33.1937
202  20.4191  -2.09525  27.0942  33.9916
203  17.2075  -1.21365  26.79  31.8634
204  16.5772  0.0662223  28.8724  33.293
205  17.7736  0.282329  25.967  31.4685
206  19.0269  -1.51929  24.0937  30.7382
207  17.5678  -3.83205  23.6493  29.7086
208  17.5678  -3.83205  23.6493  29.7086
209  17.7728  -6.28166  23.6334  30.2303
210  18.5282  -3.66174  24.6326  31.0398
211  16.9988  -3.6383  22.8578  28.7172
212  16.9988  -3.6383  22.8578  28.7172
213  16.9988  -3.6383  22.8578  28.7172
214  15.4113  -1.27551  20.096  25.3571
215  13.8988  -1.70582  18.9938  23.5977
216  13.8988  -1.70582  18.9938  23.5977
217  13.8988  -1.70582  18.9938  23.5977
218  14.3595  -5.09189  17.7973  23.428
219  12.9433  -4.26331  18.78  23.2033
220  9.46531  -6.40661  19.9071  22.955
221  10.7164  -4.62257  17.5967  21.1152
222  7.92249  -5.70909  19.3664  21.6891
223  7.92249  -5.70909  19.3664  21.6891
224  8.57844  -2.46278  17.7733  19.8884
225  8.57844  -2.46278  17.7733  19.8884
226  8.09735  -3.79402  17.985  20.0853
227  8.09735  -3.79402  17.985  20.0853
228  8.09735  -3.79402  17.985  20.0853
229  7.78508  -1.1468  18.6223  20.2166
230  5.83562  -2.28931  16.244  17.4115
231  3.1745  -2.67816  15.068  15.6299
232  4.97596  -2.60548  15.9462  16.9065
233  4.51629  -3.80621  15.714  16.7873
234  4.51629  -3.80621  15.714  16.7873
235  1.6481  -1.17239  13.464  13.6151
236  -0.999277  -3.31479  13.4082  13.848
237  -1.14913  -2.74482  13.2138  13.5447
238  -2.02722  -2.45155  13.4439  13.8151
239  -2.66054  1.23365  9.32396  9.77428
240  -2.70573  2.06052  4.91266  5.97503
241  -0.893392  1.44171  1.88433  2.53523
242  -1.73226  1.04727  1.66209  2.61917
243  0.680165  1.52449  2.41314  2.93427
244  0.680165  1.52449  2.41314  2.93427
245  0.513281  0.860735  3.47489  3.61652
246  2.4749  -0.207625  4.3229  4.98555
247  1.45296  -0.759329  4.44089  4.73383
248  -0.722203  0.447924  4.7248  4.80061
249  -0.722203  0.447924  4.7248  4.80061
250  -1.19186  -2.02518  6.97679  7.3619
251  -1.19186  -2.02518  6.97679  7.3619
252  0.776842  -2.75261  6.31979  6.93686
253  0.649333  -7.02441  6.45572  9.56244
254  0.649333  -7.02441  6.45572  9.56244
255  -0.129102  -5.22598  4.34304  6.79629
256  -2.8881  -3.88044  3.86256  6.19017
257  -1.89998  -3.21452  3.99812  5.47065
258  -0.765688  -4.82867  3.89559  6.25123
259  -0.765688  -4.82867  3.89559  6.25123
260  -0.765688  -4.82867  3.89559  6.25123
261  -0.765688  -4.82867  3.89559  6.25123
262  -0.765688  -4.82867  3.89559  6.25123
263  -0.765688  -4.82867  3.89559  6.25123
264  0.342212  -3.28922  2.69904  4.26859
265  0.342212  -3.28922  2.69904  4.26859
266  0.342212  -3.28922  2.69904  4.26859
267  1.87435  -0.774845  4.45253  4.89271
268  1.87435  -0.774845  4.45253  4.89271
269  -1.91748  -3.03681  2.77849  4.54082
270  -1.91748  -3.03681  2.77849  4.54082
271  -1.91748  -3.03681  2.77849  4.54082
272  -1.91748  -3.03681  2.77849  4.54082
273  -1.54834  -0.15403  3.78989  4.09687
274  -1.54834  -0.15403  3.78989  4.09687
275  -1.54834  -0.15403  3.78989  4.09687
276  -1.54834  -0.15403  3.78989  4.09687
277  0.334485  -0.118936  2.42835  2.45416
278  0.334485  -0.118936  2.42835  2.45416
279  1.10286  -2.14303  -3.55366  4.29388
280  1.10286  -2.14303  -3.55366  4.29388
281  1.10286  -2.14303  -3.55366  4.29388
282  1.55853  -0.12348  -3.27836  3.63206
283  1.55853  -0.12348  -3.27836  3.63206
284  -0.939668  0.0041269  -3.94812  4.0584
285  -0.939668  0.0041269  -3.94812  4.0584
286  -0.328102  0.616923  -4.73108  4.7824
287  -0.328102  0.616923  -4.73108  4.7824
288  -0.494781  1.69277  -3.24105  3.6898
289  -0.494781  1.69277  -3.24105  3.6898
290  -0.494781  1.69277  -3.24105  3.6898
291  -0.494781  1.69277  -3.24105  3.6898
292  -0.640815  2.4947  -3.47873  4.32848
293  -0.640815  2.4947  -3.47873  4.32848
294  -1.62006  1.50236  -4.17606  4.72453
295  0.213368  1.49009  -1.31126  1.99632
296  0.213368  1.49009  -1.31126  1.99632
297  0.602677  2.48407  -3.70361  4.50007
298  0.602677  2.48407  -3.70361  4.50007
299  -0.627466  3.57749  -4.14833  5.51369
300  -0.627466  3.57749  -4.14833  5.51369
301  -0.627466  3.57749  -4.14833  5.51369
302  -0.333699  3.25414  -4.71366  5.73754
303  1.57785  1.18576  -4.209  4.6488
304  1.61496  -0.993443  -3.2837  3.7918
305  -1.11032  -1.65781  -2.82315  3.45707
306  1.54847  -0.628306  0.622544  1.78328
307  2.84364  0.791098  2.30809  3.74692
308  1.48566  3.25585  -1.48655  3.87525
309  1.48566  3.25585  -1.48655  3.87525
310  1.48566  3.25585  -1.48655  3.87525
311  -0.125185  2.7879  -1.87447  3.3618
312  -0.125185  2.7879  -1.87447  3.3618
313  -0.125185  2.7879  -1.87447  3.3618
314  -2.81221  3.418  -3.96574  5.94292
315  -2.81221  3.418  -3.96574  5.94292
316  -3.70602  2.00661  -4.52694  6.185
317  -3.86046  0.82217  -2.248  4.54231
318  -3.86046  0.82217  -2.248  4.54231
319  -3.86046  0.82217  -2.248  4.54231
320  -3.86046  0.82217  -2.248  4.54231
321  -3.88476  0.746133  -5.81715  7.03472
322  -3.95324  0.134137  -7.40397  8.39433
323  -3.95324  0.134137  -7.40397  8.39433
324  -3.95324  0.134137  -7.40397  8.39433
325  -3.10715  -0.961019  -6.26857  7.06207
326  -3.37745  0.192738  -5.32366  6.30759
327  -2.27209  -1.25099  -4.91996  5.56178
328  -0.518222  -0.080282  -6.34707  6.36869
329  -0.518222  -0.080282  -6.34707  6.36869
330  -0.846401  -1.40528  -4.63831  4.91987
331  1.39204  -1.47899  -4.78467  5.19791
332  -0.163995  0.15834  -2.17549  2.1874
333  -1.70179  -0.603649  -0.609578  1.9058
334  -1.70179  -0.603649  -0.609578  1.9058
335  -1.70179  -0.603649  -0.609578  1.9058
336  1.21156  1.65573  -1.24959  2.40225
337  1.21156  1.65573  -1.24959  2.40225
338  -1.68658  3.18614  0.405859  3.62777
339  -3.95304  0.853696  -0.683013  4.10144
340  -5.57878  0.852447  1.03306  5.7373
341  -5.57878  0.852447  1.03306  5.7373
342  -2.82743  -2.62755  -2.00195  4.34813
343  1.28214  -2.90299  -4.07116  5.16194
344  1.28214  -2.90299  -4.07116  5.16194
345  1.28214  -2.90299  -4.07116  5.16194
346  0.0112796  -2.52709  -2.82803  3.79263
347  -0.445172  -1.22829  -4.98501  5.15337
348  -0.445172  -1.22829  -4.98501  5.15337
349  -1.10924  0.174697  -2.96885  3.17411
350  -1.10924  0.174697  -2.96885  3.17411
351  -1.10924  0.174697  -2.96885  3.17411
352  -1.10924  0.174697  -2.96885  3.17411
353  -1.10924  0.174697  -2.96885  3.17411
354  -1.10924  0.174697  -2.96885  3.17411
355  -1.10924  0.174697  -2.96885  3.17411
356  -1.10924  0.174697  -2.96885  3.17411
357  -1.10924  0.174697  -2.96885  3.17411
358  -1.10924  0.174697  -2.96885  3.17411
359  -1.10924  0.174697  -2.96885  3.17411
360  -0.0750796  -2.42833  -4.47434  5.09138
361  -1.09248  -2.91991  -3.35714  4.58146
362  -1.09248  -2.91991  -3.35714  4.58146
363  0.938413  -2.85977  -2.38083  3.83761
364  0.630371  -1.90595  -1.13247  2.30489
365  0.630371  -1.90595  -1.13247  2.30489
366  0.630371  -1.90595  -1.13247  2.30489
367  0.630371  -1.90595  -1.13247  2.30489
368  0.630371  -1.90595  -1.13247  2.30489
369  -1.90439  -2.16412  -5.52015  6.22754
370  -1.90439  -2.16412  -5.52015  6.22754
371  -1.20412  -1.11675  -7.94565  8.11359
372  -4.92983  -1.25061  -7.74836  9.26846
373  -5.556  -0.865403  -6.92716  8.92208
374  -5.556  -0.865403  -6.92716  8.92208
375  -4.15192  2.42914  -6.03906  7.72071
376  -5.38958  -1.9554  -2.92714  6.43734
377  -4.3891  -2.40186  -3.12466  5.89887
378  -0.502411  -2.42225  -1.54792  2.91818
379  -0.502411  -2.42225  -1.54792  2.91818
380  -0.502411  -2.42225  -1.54792  2.91818
381  -0.502411  -2.42225  -1.54792  2.91818
382  -0.502411  -2.42225  -1.54792  2.91818
383  -1.15372  0.86996  -3.39338  3.68822
384  -1.15372  0.86996  -3.39338  3.68822
385  -1.71216  0.42784  -1.24236  2.15824
386  -1.12692  -2.89103  -2.23815  3.82588
387  -3.28384  -0.805582  2.33657  4.11
388  -3.28384  -0.805582  2.33657  4.11
389  -4.42119  -0.162977  1.70803  4.74245
390  -4.42119  -0.162977  1.70803  4.74245
391  -4.42119  -0.162977  1.70803  4.74245
392  -4.75548  -0.375318  1.5835  5.02622
393  -4.68736  0.191696  3.04143  5.59092
394  -4.68736  0.191696  3.04143  5.59092
395  -3.33348  -0.180013  5.44551  6.38734
396  -3.33348  -0.180013  5.44551  6.38734
397  -3.33348  -0.180013  5.44551  6.38734
398  -3.33348  -0.180013  5.44551  6.38734
399  -3.33348  -0.180013  5.44551  6.38734
400  -2.9206  -2.89582  3.41328  5.34473
401  -2.9206  -2.89582  3.41328  5.34473
402  -2.9206  -2.89582  3.41328  5.34473
403  0.0623871  -0.768118  3.33325  3.42117
404  0.0623871  -0.768118  3.33325  3.42117
405  0.0623871  -0.768118  3.33325  3.42117
406  0.0623871  -0.768118  3.33325  3.42117
407  0.0623871  -0.768118  3.33325  3.42117
408  0.923601  -0.694634  2.54402  2.79421
409  -0.329747  1.17085  1.6558  2.05458
410  -0.0833539  0.405385  1.18677  1.25686
411  -0.0833539  0.405385  1.18677  1.25686
412  1.24673  -1.01309  2.96571  3.37286
413  -0.753918  -1.5365  2.07187  2.68735
414  1.38758  -0.993235  0.566566  1.79802
415  -0.797534  0.250539  0.670181  1.07144
416  -0.797534  0.250539  0.670181  1.07144
417  -0.918055  0.172791  1.05729  1.41087
418  -0.918055  0.172791  1.05729  1.41087
419  -0.918055  0.172791  1.05729  1.41087
420  -0.725173  1.13954  2.42924  2.7795
421  -1.38753  0.254589  1.46735  2.03547
422  -1.38753  0.254589  1.46735  2.03547
423  -1.38753  0.254589  1.46735  2.03547
424  -1.38753  0.254589  1.46735  2.03547
425  -2.91364  -1.63689  3.27403  4.67846
426  -2.91364  -1.63689  3.27403  4.67846
427  -1.71094  2.78016  -1.35725  3.53535
428  -1.92185  5.18946  -1.17312  5.65688
429  1.55589  4.85983  1.78747  5.40683
430  -0.347568  5.73232  2.53323  6.27675
431  1.24375  6.18409  3.50552  7.21654
432  1.24375  6.18409  3.50552  7.21654
433  1.24375  6.18409  3.50552  7.21654
434  3.06886  6.54013  0.812235  7.26987
435  4.25934  6.88739  1.0093  8.16069
436  2.3655  7.86244  -1.59254  8.36359
437  2.3655  7.86244  -1.59254  8.36359
438  6.05402  4.71399  -1.91749  7.90884
439  6.05402  4.71399  -1.91749  7.90884
440  3.53109  3.87672  -5.61505  7.68286
441  3.53109  3.87672  -5.61505  7.68286
442  1.80174  4.14169  -4.89983  6.66395
443  1.80174  4.14169  -4.89983  6.66395
444  0.346831  4.70018  -3.39457  5.8082
445  3.01733  2.60454  -2.61686  4.76821
446  3.01733  2.60454  -2.61686  4.76821
447  1.47895  3.64826  -5.57353  6.82359
448  2.85481  2.83193  -2.25353  4.60957
449  2.85481  2.83193  -2.25353  4.60957
450  4.99341  2.1488  -2.78578  6.10836
451  4.99341  2.1488  -2.78578  6.10836
452  4.54535  1.11572  -3.09046  5.60857
453  5.65999  4.52425  -4.67864  8.62519
454  2.65358  2.08867  -5.30049  6.28485
455  2.65358  2.08867  -5.30049  6.28485
456  4.1796  -0.967209  -7.372  8.52942
457  4.42015  -3.37944  -3.82531  6.75214
458  4.42015  -3.37944  -3.82531  6.75214
459  4.08947  -4.47305  -4.39567  7.48691
460  4.08947  -4.47305  -4.39567  7.48691
461  4.08947  -4.47305  -4.39567  7.48691
462  0.336614  -4.39982  -4.41318  6.24082
463  2.13773  -3.11875  -2.41695  4.48756
464  2.13773  -3.11875  -2.41695  4.48756
465  -1.17296  0.651478  -3.81176  4.04102
466  -1.17296  0.651478  -3.81176  4.04102
467  -1.17296  0.651478  -3.81176  4.04102
468  1.46661  1.60886  -4.05141  4.59928
469  1.70424  1.07774  -5.31578  5.68537
470  1.70424  1.07774  -5.31578  5.68537
471  1.70424  1.07774  -5.31578  5.68537
472  3.49975  3.09832  -6.97101  8.39302
473  0.657487  3.29447  -8.13552  8.80184
474  -0.369045  1.81199  -8.66777  8.86283
475  1.8993  4.54593  -7.33287  8.83424
476  1.8993  4.54593  -7.33287  8.83424
477  3.69511  5.71674  -6.63056  9.50259
478  5.36182  4.01155  -3.01724  7.34475
479  5.36182  4.01155  -3.01724  7.34475
480  5.36182  4.01155  -3.01724  7.34475
481  5.36182  4.01155  -3.01724  7.34475
482  5.36182  4.01155  -3.01724  7.34475
483  4.28129  5.3852  -0.970143  6.94773
484  4.33045  3.74938  0.61411  5.76088
485  3.47767  5.11258  1.39292  6.33821
486  3.47767  5.11258  1.39292  6.33821
487  3.47767  5.11258  1.39292  6.33821
488  3.47767  5.11258  1.39292  6.33821
489  3.32538  5.17708  1.38872  6.30784
490  3.62307  4.88371  0.954378  6.15533
491  3.58281  2.73992  -0.750779  4.57245
492  3.58281  2.73992  -0.750779  4.57245
493  0.633547  4.45383  1.37962  4.70546
494  0.0258111  1.94182  2.16842  2.91091
495  0.0258111  1.94182  2.16842  2.91091
496  0.0258111  1.94182  2.16842  2.91091
497  0.0258111  1.94182  2.16842  2.91091
498  0.0258111  1.94182  2.16842  2.91091
499  -0.32367  -0.061127  2.23063  2.25482
500  -1.59676  -0.189292  2.82124  3.24728
501  -1.59676  -0.189292  2.82124  3.24728
502  -1.59676  -0.189292  2.82124  3.24728
503  -1.20358  1.81795  2.05816  2.99826
504  -1.20358  1.81795  2.05816  2.99826
505  -0.145539  4.44179  1.61678  4.72913
506  0.143173  0.880171  2.23984  2.41082
507  0.61944  2.35694  3.56186  4.31575
508  0.673342  1.54397  2.84884  3.30955
509  0.673342  1.54397  2.84884  3.30955
510  0.673342  1.54397  2.84884  3.30955
511  0.673342  1.54397  2.84884  3.30955
512  -0.260318  -0.391012  3.25415  3.28788
513  -0.260318  -0.391012  3.25415  3.28788
514  -0.260318  -0.391012  3.25415  3.28788
515  -0.260318  -0.391012  3.25415  3.28788
516  -0.260318  -0.391012  3.25415  3.28788
517  -0.260318  -0.391012  3.25415  3.28788
518  -0.260318  -0.391012  3.25415  3.28788
519  -0.260318  -0.391012  3.25415  3.28788
520  -0.260318  -0.391012  3.25415  3.28788
521  1.50602  -0.698241  2.2168  2.76945
522  1.50602  -0.698241  2.2168  2.76945
523  1.50602  -0.698241  2.2168  2.76945
524  1.50602  -0.698241  2.2168  2.76945
525  1.98216  -0.364223  3.17501  3.76063
526  0.0790476  2.01975  1.31073  2.40908
527  0.0790476  2.01975  1.31073  2.40908
528  -0.216361  0.805434  2.93854  3.0546
529  2.2277  1.47938  3.92144  4.74647
530  2.08698  1.3562  5.54429  6.07732
531  -1.26908  1.19002  6.89247  7.10865
532  0.778496  0.72072  5.2301  5.33662
533  0.55718  1.56415  3.30462  3.69831
534  1.11366  1.55886  1.94509  2.73014
535  1.20829  0.518398  -2.33996  2.68405
536  2.0633  2.5066  3.03713  4.44572
537  0.777147  -0.121807  4.7969  4.86097
538  0.110156  4.01129  4.05761  5.70673
539  2.58573  2.19361  6.01955  6.9089
540  1.6885  2.46127  6.91488  7.53156
541  1.75793  3.9728  2.7282  5.12996
542  1.75793  3.9728  2.7282  5.12996
543  1.89725  2.88556  1.93677  3.95943
544  1.89725  2.88556  1.93677  3.95943
545  -0.18141  -1.20971  1.58448  2.00172
546  4.56008  1.11376  5.08734  6.92213
547  4.56008  1.11376  5.08734  6.92213
548  2.64082  -1.41449  4.93256  5.77103
549  2.64082  -1.41449  4.93256  5.77103
550  2.64082  -1.41449  4.93256  5.77103
551  2.64082  -1.41449  4.93256  5.77103
552  2.64082  -1.41449  4.93256  5.77103
553  2.76563  -1.08543  7.01709  7.62013
554  1.09535  1.09669  6.37225  6.55805
555  0.38754  0.621597  6.36689  6.40889
556  -1.05185  2.55246  8.72493  9.15127
557  -1.05185  2.55246  8.72493  9.15127
558  -0.671281  2.28531  9.53729  9.83022
559  -1.65293  2.5529  8.49024  9.01851
560  -0.603171  2.94385  5.26054  6.05833
561  0.890348  2.9613  3.96874  5.0312
562  0.890348  2.9613  3.96874  5.0312
563  0.307258  3.13516  4.59257  5.56914
564  -0.309256  0.00131614  6.91121  6.91812
565  3.03695  -0.368335  7.40815  8.01495
566  3.03695  -0.368335  7.40815  8.01495
567  1.74177  0.352433  7.55453  7.76073
568  1.74177  0.352433  7.55453  7.76073
569  2.08127  1.79493  6.99696  7.51738
570  2.08127  1.79493  6.99696  7.51738
571  2.08127  1.79493  6.99696  7.51738
572  0.501914  1.92096  6.76061  7.04613
573  0.501914  1.92096  6.76061  7.04613
574  -0.428388  0.0351328  4.5054  4.52586
575  -1.30527  0.283139  3.17201  3.44174
576  -1.30527  0.283139  3.17201  3.44174
577  -0.374352  -1.0631  3.82277  3.98546
578  -0.374352  -1.0631  3.82277  3.98546
579  1.18706  -1.14219  2.95679  3.38471
580  2.103  -0.01146  3.36595  3.96893
581  -0.177882  -2.27816  2.38578  3.30358
582  -0.177882  -2.27816  2.38578  3.30358
583  -0.177882  -2.27816  2.38578  3.30358
584  -1.47212  -0.787588  0.748126  1.82951
585  0.946562  -0.333571  0.944645  1.37826
586  0.946562  -0.333571  0.944645  1.37826
587  1.53102  0.138984  1.44853  2.11224
588  -0.97261  2.69301  3.24045  4.32421
589  -0.97261  2.69301  3.24045  4.32421
590  -0.97261  2.69301  3.24045  4.32421
591  -0.111551  2.0897  1.82524  2.77683
592  -1.81887  2.94845  3.08446  4.63849
593  -4.38597  1.56754  4.01194  6.14732
594  -4.97118  3.44254  7.40875  9.56312
595  -3.65967  3.1504  8.58669  9.85137
596  -3.65967  3.1504  8.58669  9.85137
597  -1.86202  0.634019  9.79547  9.99101
598  -3.61818  -0.359132  9.90111  10.5476
599  -3.61818  -0.359132  9.90111  10.5476
600  -0.848541  -1.23386  6.01434  6.19796
601  -0.848541  -1.23386  6.01434  6.19796
602  -0.848541  -1.23386  6.01434  6.19796
603  -0.747836  -2.62207  6.00962  6.59925
604  -0.84545  -2.96791  4.8786  5.7727
605  -1.84779  -2.0688  4.2057  5.03807
606  -1.84779  -2.0688  4.2057  5.03807
607  -1.84779  -2.0688  4.2057  5.03807
608  -1.84779  -2.0688  4.2057  5.03807
609  -2.19239  -1.13734  1.72264  3.01125
610  -0.623013  -0.320209  3.64769  3.71434
611  0.573233  2.32807  2.79765  3.68447
612  0.573233  2.32807  2.79765  3.68447
613  0.573233  2.32807  2.79765  3.68447
614  0.573233  2.32807  2.79765  3.68447
615  0.573233  2.32807  2.79765  3.68447
616  0.322825  0.369036  0.413412  0.641337
617  0.135124  0.151373  1.84554  1.85666
618  1.63639  -1.85198  4.03377  4.73063
619  1.76781  0.048349  1.65086  2.41926
620  1.76781  0.048349  1.65086  2.41926
621  1.76781  0.048349  1.65086  2.41926
622  1.76781  0.048349  1.65086  2.41926
623  1.76781  0.048349  1.65086  2.41926
624  1.76781  0.048349  1.65086  2.41926
625  2.90345  -0.8674  3.81942  4.87549
626  2.90345  -0.8674  3.81942  4.87549
627  2.90345  -0.8674  3.81942  4.87549
628  3.26994  -0.83151  4.38541  5.53315
629  3.26994  -0.83151  4.38541  5.53315
630  2.30293  -0.242334  4.69811  5.23779
631  1.95475  0.910233  2.23011  3.10209
632  1.95475  0.910233  2.23011  3.10209
633  -0.13001  -0.924072  2.2044  2.39378
634  -0.13001  -0.924072  2.2044  2.39378
635  -0.13001  -0.924072  2.2044  2.39378
636  -0.13001  -0.924072  2.2044  2.39378
637  -0.725388  -1.73189  2.96667  3.51095
638  -0.725388  -1.73189  2.96667  3.51095
639  -1.20477  -1.32238  1.41877  2.28322
640  -1.20477  -1.32238  1.41877  2.28322
641  -1.20477  -1.32238  1.41877  2.28322
642  -1.20477  -1.32238  1.41877  2.28322
643  -1.20477  -1.32238  1.41877  2.28322
644  -1.01741  -1.49842  3.19714  3.67452
645  -1.01741  -1.49842  3.19714  3.67452
646  -0.526302  -3.68573  5.2213  6.41277
647  -0.526302  -3.68573  5.2213  6.41277
648  1.40666  -3.056  0.979754  3.50396
649  3.71206  -1.97121  4.56404  6.20448
650  3.71206  -1.97121  4.56404  6.20448
651  3.71206  -1.97121  4.56404  6.20448
652  3.71206  -1.97121  4.56404  6.20448
653  3.71206  -1.97121  4.56404  6.20448
654  3.71206  -1.97121  4.56404  6.20448
655  5.23944  -3.76387  5.83839  8.70088
656  4.16773  -1.69914  7.60919  8.84063
657  4.24046  0.160161  7.50062  8.6178
658  4.85597  -2.16872  7.93632  9.55348
659  3.15533  -2.9557  6.71279  7.9846
660  3.15533  -2.9557  6.71279  7.9846
661  3.15533  -2.9557  6.71279  7.9846
662  3.01834  -3.27749  6.53843  7.91223
663  3.01834  -3.27749  6.53843  7.91223
664  5.66863  -0.183397  5.07069  7.60782
665  5.66863  -0.183397  5.07069  7.60782
666  1.44868  -1.0268  8.21753  8.40719
667  1.44868  -1.0268  8.21753  8.40719
668  2.75067  -0.0188585  8.79904  9.21898
669  2.75067  -0.0188585  8.79904  9.21898
670  0.744374  1.19496  7.75329  7.88007
671  0.22537  -1.09192  6.87787  6.96765
672  0.695795  -1.0268  8.04059  8.13569
673  0.695795  -1.0268  8.04059  8.13569
674  0.126221  -2.53984  6.97122  7.42056
675  0.239442  -1.80111  7.20601  7.43155
676  -0.675268  -0.40595  6.04579  6.09691
677  -0.460423  -3.81255  4.28859  5.7567
678  -0.32283  -2.78891  2.03448  3.46718
679  -0.555079  -5.01454  2.67082  5.7085
680  -0.555079  -5.01454  2.67082  5.7085
681  -0.555079  -5.01454  2.67082  5.7085
682  0.651699  -6.33313  4.89  8.02779
683  0.651699  -6.33313  4.89  8.02779
684  0.651699  -6.33313  4.89  8.02779
685  0.651699  -6.33313  4.89  8.02779
686  0.185511  -8.55091  8.56801  12.1063
687  0.185511  -8.55091  8.56801  12.1063
688  0.452342  -8.58424  8.9662  12.4212
689  0.452342  -8.58424  8.9662  12.4212
690  -0.441606  -9.49968  7.94639  12.3929
691  -0.441606  -9.49968  7.94639  12.3929
692  0.883619  -10.0366  6.94139  12.2351
693  -2.04579  -8.01987  6.54889  10.5542
694  -2.6261  -5.96083  6.7216  9.3599
695  -4.30672  -7.08295  5.9161  10.1841
696  -4.30672  -7.08295  5.9161  10.1841
697  -3.53451  -9.48591  4.9309  11.2601
698  -3.53451  -9.48591  4.9309  11.2601
699  -1.32703  -7.01713  8.24829  10.9103
700  -1.32703  -7.01713  8.24829  10.9103
701  -1.32703  -7.01713  8.24829  10.9103
702  -0.621552  -4.83084  7.34206  8.81074
703  -0.621552  -4.83084  7.34206  8.81074
704  -1.16072  -3.40523  7.31288  8.14991
705  -1.16072  -3.40523  7.31288  8.14991
706  0.296039  -3.04447  7.52999  8.12756
707  0.296039  -3.04447  7.52999  8.12756
708  0.296039  -3.04447  7.52999  8.12756
709  1.44091  -5.92763  7.65505  9.78841
710  1.97832  -6.3335  3.93123  7.71243
711  1.97832  -6.3335  3.93123  7.71243
712  1.97832  -6.3335  3.93123  7.71243
713  -1.1774  -4.67707  3.44105  5.92471
714  0.839969  -4.81712  3.79164  6.18763
715  1.38347  -2.85995  4.97172  5.90011
716  1.38347  -2.85995  4.97172  5.90011
717  1.38347  -2.85995  4.97172  5.90011
718  1.38347  -2.85995  4.97172  5.90011
719  1.38347  -2.85995  4.97172  5.90011
720  1.38347  -2.85995  4.97172  5.90011
721  2.1297  -0.326849  5.75097  6.14135
722  -0.0538883  -1.40806  7.08424  7.22302
723  -0.227436  -2.50611  9.00203  9.34713
724  -2.32081  -2.39484  8.24669  8.89547
725  1.61271  -0.55583  6.39412  6.61774
726  1.61271  -0.55583  6.39412  6.61774
727  1.23819  0.431165  6.99282  7.11467
728  -0.0172282  -0.284342  6.87495  6.88085
729  -0.0172282  -0.284342  6.87495  6.88085
730  -1.99643  0.640222  6.16263  6.5095
731  -1.60763  -0.0345015  5.83742  6.05484
732  0.116743  -0.313642  5.58695  5.59696
733  1.20623  0.395635  4.55522  4.7288
734  1.42758  -1.49062  5.41923  5.79897
735  1.42758  -1.49062  5.41923  5.79897
736  2.6196  -1.04185  3.4797  4.4784
737  2.88117  -0.509466  4.10445  5.04055
738  2.88117  -0.509466  4.10445  5.04055
739  2.49733  -4.20074  3.25896  5.87399
740  0.860254  -2.30199  1.48839  2.87307
741  -1.79749  -2.33306  2.49222  3.85815
742  -0.538321  -3.61902  3.47281  5.04455
743  -0.538321  -3.61902  3.47281  5.04455
744  -0.538321  -3.61902  3.47281  5.04455
745  -0.502316  -2.41295  3.48795  4.27088
746  0.569915  1.23862  5.45864  5.62634
747  0.309216  0.706306  4.68854  4.75151
748  0.309216  0.706306  4.68854  4.75151
749  0.309216  0.706306  4.68854  4.75151
750  0.309216  0.706306  4.68854  4.75151
751  0.309216  0.706306  4.68854  4.75151
752  0.309216  0.706306  4.68854  4.75151
753  0.309216  0.706306  4.68854  4.75151
754  0.309216  0.706306  4.68854  4.75151
755  0.837002  -2.34916  2.77844  3.73348
756  0.108647  -2.27122  3.66089  4.30957
757  0.108647  -2.27122  3.66089  4.30957
758  0.58431  -1.27495  2.87155  3.19573
759  0.58431  -1.27495  2.87155  3.19573
760  -0.347655  -0.122613  1.50384  1.54836
761  -0.347655  -0.122613  1.50384  1.54836
762  -0.347655  -0.122613  1.50384  1.54836
763  -0.347655  -0.122613  1.50384  1.54836
764  -0.347655  -0.122613  1.50384  1.54836
765  1.12968  1.73501  0.554389  2.14331
766  1.12968  1.73501  0.554389  2.14331
767  2.28644  0.471318  2.06018  3.11356
768  2.28644  0.471318  2.06018  3.11356
769  2.28644  0.471318  2.06018  3.11356
770  2.68573  1.69403  1.019  3.33485
771  2.68573  1.69403  1.019  3.33485
772  2.68573  1.69403  1.019  3.33485
773  1.53432  2.74201  2.47366  3.99897
774  0.147663  0.80538  5.227  5.29074
775  1.35905  -0.0209267  3.23151  3.50572
776  1.35905  -0.0209267  3.23151  3.50572
777  1.35905  -0.0209267  3.23151  3.50572
778  1.35905  -0.0209267  3.23151  3.50572
779  1.35905  -0.0209267  3.23151  3.50572
780  0.851445  -2.30546  1.94375  3.13341
781  0.374846  -2.40908  1.90933  3.09673
782  1.10609  -1.66616  1.46673  2.48009
783  -0.355491  -2.55472  1.71955  3.09997
784  -0.355491  -2.55472  1.71955  3.09997
785  -0.355491  -2.55472  1.71955  3.09997
786  -3.06047  0.676832  2.66336  4.11316
787  -4.14997  -0.824921  3.70536  5.62427
788  -0.353384  -0.79461  3.61509  3.71822
789  -0.353384  -0.79461  3.61509  3.71822
790  -0.977422  -0.268503  4.59598  4.70643
791  -0.977422  -0.268503  4.59598  4.70643
792  -0.977422  -0.268503  4.59598  4.70643
793  1.7416  -2.42523  3.86418  4.88332
794  1.7416  -2.42523  3.86418  4.88332
795  2.12835  -0.221244  4.72872  5.19034
796  2.12835  -0.221244  4.72872  5.19034
797  3.01398  -0.177232  4.84341  5.70737
798  3.01398  -0.177232  4.84341  5.70737
799  3.46454  2.20872  5.04164  6.50382
800  3.05698  -0.560351  3.11649  4.40132
801  3.05698  -0.560351  3.11649  4.40132
802  3.47667  1.3233  3.74596  5.27926
803  -0.147602  0.494644  5.33672  5.36163
804  -0.147602  0.494644  5.33672  5.36163
805  -0.105918  -2.76746  3.71359  4.63258
806  -0.105918  -2.76746  3.71359  4.63258
807  -2.45547  -2.43294  4.91554  6.00925
808  -2.62106  -1.43245  2.63654  3.98412
809  -1.42885  0.153964  3.1041  3.42064
810  -1.05725  0.346344  2.20438  2.46921
811  -0.0884556  1.19811  4.96247  5.10582
812  -0.0884556  1.19811  4.96247  5.10582
813  -0.0884556  1.19811  4.96247  5.10582
814  -0.417569  1.89811  7.51892  7.76604
815  0.980435  5.0958  5.31005  7.42462
816  -0.260851  6.86815  6.76875  9.64653
817  -0.260851  6.86815  6.76875  9.64653
818  0.065906  6.73632  5.46299  8.67333
819  -0.677014  5.98462  2.44952  6.50186
820  -0.677014  5.98462  2.44952  6.50186
821  -0.677014  5.98462  2.44952  6.50186
822  -2.10342  5.06398  2.08231  5.86552
823  -4.4676  4.38822  1.72566  6.49568
824  -3.21607  1.22999  -0.36126  3.46215
825  -3.60236  -0.0722303  1.90356  4.07502
826  -4.65596  0.917294  3.78009  6.067
827  -4.94185  -1.28299  3.13433  5.99099
828  -4.94185  -1.28299  3.13433  5.99099
829  -4.94185  -1.28299  3.13433  5.99099
830  -5.32083  -0.846973  3.84592  6.61964
831  -4.15187  -2.49287  2.78733  5.58763
832  -4.15187  -2.49287  2.78733  5.58763
833  -4.15187  -2.49287  2.78733  5.58763
834  -3.69853  -2.98969  2.53862  5.39092
835  -3.69853  -2.98969  2.53862  5.39092
836  -3.99546  -2.61061  5.6955  7.43086
837  -3.25733  -0.724335  4.58965  5.67449
838  -3.99331  -1.40483  3.30238  5.36897
839  -2.05083  -1.75089  4.46518  5.21626
840  -2.05083  -1.75089  4.46518  5.21626
841  -1.5524  -2.15824  3.27843  4.22091
842  -0.679467  0.65311  3.70454  3.82255
843  -2.98142  0.58374  1.91487  3.59115
844  -2.98142  0.58374  1.91487  3.59115
845  -3.2245  1.82021  2.62288  4.53763
846  -2.86082  4.82417  4.5272  7.2078
847  -2.86082  4.82417  4.5272  7.2078
848  -1.70562  2.715  7.16516  7.84983
849  -2.98862  2.97741  5.89989  7.25297
850  -5.43558  0.159925  1.23525  5.57646
851  -5.43558  0.159925  1.23525  5.57646
852  -4.89324  0.663911  4.73074  6.83845
853  -4.89324  0.663911  4.73074  6.83845
854  -4.44007  -0.0448734  3.89506  5.90658
855  -4.44007  -0.0448734  3.89506  5.90658
856  -1.17043  0.634907  2.31422  2.66995
857  -0.835132  0.612931  -1.50672  1.82848
858  -1.41856  -0.136792  -2.72996  3.07956
859  -1.41856  -0.136792  -2.72996  3.07956
860  -1.41856  -0.136792  -2.72996  3.07956
861  -0.418762  0.470382  -1.61739  1.73568
862  -0.418762  0.470382  -1.61739  1.73568
863  -0.418762  0.470382  -1.61739  1.73568
864  1.02749  -0.235553  -1.97651  2.24005
865  -0.138821  -0.782164  -2.81948  2.92925
866  -2.8768  -1.2992  -3.84516  4.97485
867  -0.790039  -0.711846  -4.97635  5.0887
868  -2.11107  -0.980824  -6.70905  7.10141
869  -2.11107  -0.980824  -6.70905  7.10141
870  -2.05215  -3.83506  -7.71626  8.85775
871  -3.46908  -3.1299  -6.62877  8.10995
872  -0.246115  -0.690079  -8.03525  8.06858
873  0.195238  -3.80547  -6.432  7.47599
874  -0.981631  -1.39582  -4.84167  5.13359
875  -1.27492  -0.661082  -7.08978  7.23377
876  -1.27492  -0.661082  -7.08978  7.23377
877  -4.50215  -0.295366  -2.40196  5.11136
878  -4.50215  -0.295366  -2.40196  5.11136
879  -3.22103  1.79579  -5.13184  6.31947
880  0.0909137  0.0110676  -5.31847  5.31926
881  0.0909137  0.0110676  -5.31847  5.31926
882  0.0909137  0.0110676  -5.31847  5.31926
883  0.0909137  0.0110676  -5.31847  5.31926
884  0.46731  1.20863  -3.29644  3.54199
885  -0.498961  -0.594366  -4.17827  4.24973
886  -0.498961  -0.594366  -4.17827  4.24973
887  -0.0571447  -0.125276  -3.83488  3.83735
888  -0.313911  1.5917  -3.91776  4.24039
889  1.43247  0.571793  -5.46743  5.68082
890  2.35557  0.521565  -3.26786  4.06197
891  -0.194818  -2.45709  -3.89566  4.60992
892  1.8804  -2.8079  -1.41444  3.66345
893  -0.0304609  -2.00788  -3.47307  4.01183
894  2.59802  0.0636066  -1.30111  2.90631
895  3.05524  -1.43615  -3.85917  5.1274
896  3.12547  -1.62683  -3.9872  5.32099
897  4.23113  0.325437  -4.75732  6.37499
898  2.40385  -0.6845  -2.55985  3.57769
899  2.40385  -0.6845  -2.55985  3.57769
900  2.40385  -0.6845  -2.55985  3.57769
901  1.3642  -0.118857  -3.91764  4.15007
902  1.3642  -0.118857  -3.91764  4.15007
903  1.3642  -0.118857  -3.91764  4.15007
904  1.3642  -0.118857  -3.91764  4.15007
905  1.3642  -0.118857  -3.91764  4.15007
906  1.57487  2.28527  -1.93961  3.38597
907  1.57487  2.28527  -1.93961  3.38597
908  1.57487  2.28527  -1.93961  3.38597
909  1.67982  2.00416  -3.81835  4.62799
910  0.00423166  2.04545  -4.1705  4.6451
911  -2.98612  3.49424  -5.0327  6.81577
912  -3.61054  2.95555  -5.50992  7.22015
913  -5.39749  2.59735  -2.90981  6.65929
914  -5.39749  2.59735  -2.90981  6.65929
915  -5.39749  2.59735  -2.90981  6.65929
916  -2.2154  4.13669  -3.8335  6.05937
917  -2.33882  3.05881  -3.88986  5.47334
918  -2.33882  3.05881  -3.88986  5.47334
919  -2.33882  3.05881  -3.88986  5.47334
920  -3.79809  0.902277  -3.00292  4.92515
921  -5.10667  -0.79292  -6.1746  8.05187
922  -4.38  -1.91589  -6.93267  8.42122
923  -4.38  -1.91589  -6.93267  8.42122
924  -4.38  -1.91589  -6.93267  8.42122
925  -4.38  -1.91589  -6.93267  8.42122
926  -4.70588  -1.03037  -4.61253  6.66952
927  -1.80788  3.59839  -2.54317  4.76283
928  -2.00822  1.26813  -0.757557  2.49298
929  -2.00822  1.26813  -0.757557  2.49298
930  -0.116434  0.2455  -6.56329  6.56891
931  1.09481  1.97021  -5.98151  6.39209
932  1.09481  1.97021  -5.98151  6.39209
933  2.12319  1.97127  -3.94544  4.89493
934  -0.264405  2.12914  -5.18366  5.61012
935  0.11254  2.20606  -3.18254  3.87401
936  -1.74591  2.45833  -5.47197  6.24772
937  -1.76799  2.76257  -3.04189  4.47333
938  -1.76799  2.76257  -3.04189  4.47333
939  -1.38734  0.412785  -3.87306  4.1347
940  -1.38734  0.412785  -3.87306  4.1347
941  -1.38734  0.412785  -3.87306  4.1347
942  -1.38734  0.412785  -3.87306  4.1347
943  -1.38734  0.412785  -3.87306  4.1347
944  -5.82052  1.28659  -2.93649  6.64505
945  -5.82052  1.28659  -2.93649  6.64505
946  -6.12046  0.310564  -5.16524  8.01475
947  -2.15182  -1.6306  -1.20946  2.95838
948  1.36541  -1.11234  -2.58349  3.12667
949  1.36541  -1.11234  -2.58349  3.12667
950  1.36541  -1.11234  -2.58349  3.12667
951  -0.324473  -0.943326  -3.79451  3.92345
952  -1.84833  -1.47278  -5.89181  6.34814
953  -1.30597  -1.68338  -5.07775  5.50662
954  1.47084  -2.52305  -4.83734  5.65058
955  1.47084  -2.52305  -4.83734  5.65058
956  1.47084  -2.52305  -4.83734  5.65058
957  1.47084  -2.52305  -4.83734  5.65058
958  1.47084  -2.52305  -4.83734  5.65058
959  0.313429  -2.54114  -6.20581  6.71325
960  0.313429  -2.54114  -6.20581  6.71325
961  3.05202  -4.09625  -8.07043  9.55122
962  2.1302  -3.19426  -8.49046  9.31821
963  2.1302  -3.19426  -8.49046  9.31821
964  3.51648  -5.67818  -6.01419  8.98764
965  3.51648  -5.67818  -6.01419  8.98764
966  3.51648  -5.67818  -6.01419  8.98764
967  3.51648  -5.67818  -6.01419  8.98764
968  4.85557  -7.63779  -5.84186  10.7722
969  4.85557  -7.63779  -5.84186  10.7722
970  4.85557  -7.63779  -5.84186  10.7722
971  5.61684  -5.30501  -4.67001  9.02779
972  5.61684  -5.30501  -4.67001  9.02779
973  5.61684  -5.30501  -4.67001  9.02779
974  5.61684  -5.30501  -4.67001  9.02779
975  5.61684  -5.30501  -4.67001  9.02779
976  5.21089  -8.03728  -5.68651  11.1395
977  5.21089  -8.03728  -5.68651  11.1395
978  5.21089  -8.03728  -5.68651  11.1395
979  5.21089  -8.03728  -5.68651  11.1395
980  5.21089  -8.03728  -5.68651  11.1395
981  4.73984  -9.12781  -4.20346  11.1109
982  3.54727  -11.179  -4.16048  12.4444
983  3.54727  -11.179  -4.16048  12.4444
984  3.54727  -11.179  -4.16048  12.4444
985  3.54727  -11.179  -4.16048  12.4444
986  1.01599  -9.13173  -4.74334  10.3402
987  1.01599  -9.13173  -4.74334  10.3402
988  -0.759881  -7.42501  -7.93642  10.8947
989  -2.79915  -3.02452  -8.19148  9.1697
990  -2.79915  -3.02452  -8.19148  9.1697
991  -2.79915  -3.02452  -8.19148  9.1697
992  -2.27829  0.250693  -8.21718  8.53086
993  -2.27829  0.250693  -8.21718  8.53086
994  -1.38499  -0.355395  -5.02467  5.22416
995  -4.34184  -3.63559  -5.12207  7.63575
996  -3.23151  -6.38398  -5.04266  8.75364
997  -3.23151  -6.38398  -5.04266  8.75364
998  -3.23151  -6.38398  -5.04266  8.75364
999  -0.819528  -6.16509  -5.01565  7.98979
1000  -0.819528  -6.16509  -5.01565  7.98979
1001  1.33503  -3.47623  -5.91172  6.98677
1002  0.642677  -3.12351  -5.40574  6.27626
1003  0.642677  -3.12351  -5.40574  6.27626
1004  2.51566  -3.00594  -9.2534  10.0494
1005  1.34626  -1.86434  -7.69641  8.03262
1006  1.07091  0.953282  -7.03614  7.18073
1007  -1.39806  -1.42102  -5.56687  5.91302
1008  0.178959  -1.47041  -4.76038  4.98552
1009  0.178959  -1.47041  -4.76038  4.98552
1010  1.49544  -1.20905  -4.12132  4.5479
1011  1.49544  -1.20905  -4.12132  4.5479
1012  1.49544  -1.20905  -4.12132  4.5479
1013  -0.637076  -1.11258  -5.98782  6.12354
1014  1.92438  -0.815929  -4.70825  5.15137
1015  1.49553  -1.46381  -5.94088  6.29868
1016  1.66169  -0.675918  -5.41789  5.70715
1017  1.68588  -1.88877  -4.64665  5.2916
1018  2.00376  -2.59327  -5.42918  6.34161
1019  -0.0210663  -3.89014  -5.60069  6.81919
1020  -3.00374  -1.01604  -5.41627  6.27621
1021  -3.00374  -1.01604  -5.41627  6.27621
1022  -0.386558  -0.799126  -4.15943  4.25311
1023  -0.386558  -0.799126  -4.15943  4.25311
1024  -0.386558  -0.799126  -4.15943  4.25311
1025  -0.386558  -0.799126  -4.15943  4.25311
1026  -0.386558  -0.799126  -4.15943  4.25311
1027  -0.386558  -0.799126  -4.15943  4.25311
1028  0.112562  -0.676735  -4.67015  4.72027
1029  -1.24678  1.8673  -4.24262  4.80012
1030  -1.24678  1.8673  -4.24262  4.80012
1031  -1.12281  2.63715  -1.78074  3.37436
1032  -1.9642  2.81423  -4.15946  5.3925
1033  -1.9778  2.71292  -4.63316  5.7217
1034  -1.9778  2.71292  -4.63316  5.7217
1035  -2.45976  2.27737  -4.7582  5.82042
1036  -2.45976  2.27737  -4.7582  5.82042
1037  -3.1598  0.250347  -3.21962  4.51807
1038  -1.60923  1.46736  -5.943  6.32946
1039  -1.62124  2.12802  -6.36088  6.90055
1040  -3.40417  2.84417  -6.462  7.83805
1041  -3.40417  2.84417  -6.462  7.83805
1042  -3.40417  2.84417  -6.462  7.83805
1043  -2.41481  3.17748  -4.07806  5.70599
1044  -0.530642  2.43559  -5.42547  5.97071
1045  0.219621  -0.0425185  -5.03361  5.03858
1046  -0.643028  -0.376877  -5.26691  5.31939
1047  -1.78518  -0.502373  -2.46415  3.08403
1048  -1.78518  -0.502373  -2.46415  3.08403
1049  -1.42155  1.49932  -2.5607  3.29028
1050  -0.542593  2.09215  -3.87859  4.44016
1051  -0.542593  2.09215  -3.87859  4.44016
1052  -0.542593  2.09215  -3.87859  4.44016
1053  2.05489  1.64253  -2.73948  3.79805
1054  1.80472  0.279372  -2.78136  3.32731
1055  3.31223  0.465117  -2.5907  4.23072
1056  3.31223  0.465117  -2.5907  4.23072
1057  3.31223  0.465117  -2.5907  4.23072
1058  3.32304  0.998342  -1.39677  3.74035
1059  2.14745  1.10353  -3.33136  4.11428
1060  -1.49885  1.25301  -2.44579  3.13025
1061  -1.49885  1.25301  -2.44579  3.13025
1062  -1.14162  0.567652  -3.5101  3.73448
1063  -1.14162  0.567652  -3.5101  3.73448
1064  0.0110082  -0.653732  -2.35665  2.44567
1065  -3.50276  -0.629908  -4.94286  6.09081
1066  -0.646576  -1.23634  -3.44884  3.72037
1067  -0.646576  -1.23634  -3.44884  3.72037
1068  -0.646576  -1.23634  -3.44884  3.72037
1069  -1.3183  -0.525278  -2.42125  2.80647
1070  -1.3183  -0.525278  -2.42125  2.80647
1071  -0.676688  0.153395  -3.68477  3.74952
1072  -0.676688  0.153395  -3.68477  3.74952
1073  -0.676688  0.153395  -3.68477  3.74952
1074  0.968879  -2.79569  -5.0435  5.84735
1075  0.444217  -1.99116  -7.18049  7.46469
1076  0.0514413  -0.379177  -6.13672  6.14863
1077  0.0514413  -0.379177  -6.13672  6.14863
1078  0.0514413  -0.379177  -6.13672  6.14863
1079  -0.668153  0.913254  -3.22345  3.4163
1080  0.725355  1.98731  -5.4466  5.84303
1081  0.725355  1.98731  -5.4466  5.84303
1082  0.725355  1.98731  -5.4466  5.84303
1083  0.725355  1.98731  -5.4466  5.84303
1084  0.725355  1.98731  -5.4466  5.84303
1085  2.81854  1.26551  -5.18789  6.03821
1086  2.81854  1.26551  -5.18789  6.03821
1087  0.898302  -0.625977  -4.2736  4.41163
1088  2.71958  -1.21498  -2.01473  3.59603
1089  2.59912  -0.978139  -2.92386  4.03251
1090  2.59912  -0.978139  -2.92386  4.03251
1091  2.59912  -0.978139  -2.92386  4.03251
1092  2.46782  1.44972  -2.76896  3.98232
1093  1.45779  2.11571  -3.30851  4.18899
1094  -0.157191  0.312224  -2.45297  2.47775
1095  -0.157191  0.312224  -2.45297  2.47775
1096  -0.157191  0.312224  -2.45297  2.47775
1097  0.241198  1.2179  -2.6984  2.97032
1098  0.241198  1.2179  -2.6984  2.97032
1099  0.241198  1.2179  -2.6984  2.97032
1100  0.241198  1.2179  -2.6984  2.97032
1101  0.241198  1.2179  -2.6984  2.97032
1102  0.241198  1.2179  -2.6984  2.97032
1103  0.241198  1.2179  -2.6984  2.97032
1104  0.241198  1.2179  -2.6984  2.97032
1105  0.241198  1.2179  -2.6984  2.97032
1106  0.241198  1.2179  -2.6984  2.97032
1107  0.241198  1.2179  -2.6984  2.97032
1108  0.241198  1.2179  -2.6984  2.97032
1109  0.241198  1.2179  -2.6984  2.97032
1110  -0.718053  1.62269  -1.98335  2.66127
1111  -1.92033  0.312178  -1.48974  2.4504
1112  -0.256441  -0.0395399  -2.65308  2.66574
1113  -0.256441  -0.0395399  -2.65308  2.66574
1114  -0.256441  -0.0395399  -2.65308  2.66574
1115  -0.256441  -0.0395399  -2.65308  2.66574
1116  -0.256441  -0.0395399  -2.65308  2.66574
1117  -0.256441  -0.0395399  -2.65308  2.66574
1118  -0.256441  -0.0395399  -2.65308  2.66574
1119  -0.256441  -0.0395399  -2.65308  2.66574
1120  1.10304  0.0519864  -2.97457  3.17292
1121  1.10304  0.0519864  -2.97457  3.17292
1122  1.10304  0.0519864  -2.97457  3.17292
1123  1.10304  0.0519864  -2.97457  3.17292
1124  1.10304  0.0519864  -2.97457  3.17292
1125  1.10304  0.0519864  -2.97457  3.17292
1126  1.34255  1.79203  -2.21926  3.15261
1127  1.34255  1.79203  -2.21926  3.15261
1128  2.65066  0.0695413  1.56985  3.08144
1129  2.65066  0.0695413  1.56985  3.08144
1130  1.54877  -0.53983  1.02309  1.93308
1131  -0.636818  0.227232  -2.96106  3.03728
1132  -0.636818  0.227232  -2.96106  3.03728
1133  -0.636818  0.227232  -2.96106  3.03728
1134  -0.636818  0.227232  -2.96106  3.03728
1135  -0.636818  0.227232  -2.96106  3.03728
1136  1.02348  -1.10769  -0.840915  1.72674
1137  1.02348  -1.10769  -0.840915  1.72674
1138  1.02348  -1.10769  -0.840915  1.72674
1139  0.544183  -1.80804  1.96232  2.72321
1140  0.544183  -1.80804  1.96232  2.72321
1141  -0.0928776  -1.08144  1.31507  1.70515
1142  -0.0928776  -1.08144  1.31507  1.70515
1143  -0.0928776  -1.08144  1.31507  1.70515
1144  2.70611  -1.25914  1.818  3.49479
1145  4.82871  -1.36625  3.70551  6.2381
1146  4.82871  -1.36625  3.70551  6.2381
1147  4.90567  1.32773  4.53652  6.81238
1148  4.37622  2.6532  3.04896  5.95709
1149  4.37622  2.6532  3.04896  5.95709
1150  5.74222  0.737139  5.14671  7.7463
1151  4.54047  2.17398  4.04071  6.45518
1152  5.70097  2.06857  7.13382  9.3633
1153  4.08276  2.00255  8.28787  9.45346
1154  4.08276  2.00255  8.28787  9.45346
1155  4.08276  2.00255  8.28787  9.45346
1156  5.10943  0.776654  8.26091  9.74434
1157  4.20524  0.467117  8.67334  9.65034
1158  3.74756  2.76213  9.71482  10.7727
1159  3.74756  2.76213  9.71482  10.7727
1160  3.74756  2.76213  9.71482  10.7727
1161  3.74756  2.76213  9.71482  10.7727
1162  3.74756  2.76213  9.71482  10.7727
1163  -0.223371  2.70895  8.01634  8.46463
1164  -0.223371  2.70895  8.01634  8.46463
1165  0.714373  3.45854  7.15222  7.97659
1166  0.714373  3.45854  7.15222  7.97659
1167  0.714373  3.45854  7.15222  7.97659
1168  1.19427  5.80624  6.90348  9.09928
1169  0.720955  2.09428  7.26773  7.59774
1170  -0.390432  0.842461  7.23915  7.29846
1171  1.03103  -1.54882  4.15734  4.55471
1172  2.43025  3.10155  2.26386  4.54432
1173  2.04658  5.91019  3.08568  6.97426
1174  2.04658  5.91019  3.08568  6.97426
1175  2.35272  5.04944  4.2696  7.01866
1176  2.35272  5.04944  4.2696  7.01866
1177  4.70547  3.31521  6.1616  8.43193
1178  2.13281  3.42816  7.02205  8.10002
1179  2.13281  3.42816  7.02205  8.10002
1180  4.8513  2.00913  6.12915  8.07082
1181  4.8513  2.00913  6.12915  8.07082
1182  4.8513  2.00913  6.12915  8.07082
1183  4.83523  3.04468  4.20887  7.09677
1184  4.83523  3.04468  4.20887  7.09677
1185  4.83523  3.04468  4.20887  7.09677
1186  5.09024  6.67121  6.17601  10.4192
1187  5.09024  6.67121  6.17601  10.4192
1188  4.1018  7.29241  3.92443  9.24149
1189  5.32493  8.8999  4.46844  11.2929
1190  6.91251  6.20657  5.31147  10.7012
1191  6.91251  6.20657  5.31147  10.7012
1192  7.1231  4.73264  5.28759  10.0546
1193  8.14542  3.44396  3.35339  9.45801
1194  8.14542  3.44396  3.35339  9.45801
1195  6.05489  3.39637  5.27249  8.71758
1196  6.05489  3.39637  5.27249  8.71758
1197  5.20466  4.89872  4.03667  8.20857
1198  3.47701  4.27124  2.33066  5.98039
1199  4.82706  2.5159  2.51839  5.99771
1200  3.78863  1.614  -3.00079  5.09544
1201  3.78863  1.614  -3.00079  5.09544
1202  3.51794  0.791691  -4.55219  5.80733
1203  1.98383  1.7794  -4.3794  5.1265
1204  1.31953  0.011548  -3.94056  4.15563
1205  1.31953  0.011548  -3.94056  4.15563
1206  0.684353  -0.235556  -2.17525  2.29249
1207  0.684353  -0.235556  -2.17525  2.29249
1208  0.197705  -0.969875  -3.04226  3.19924
1209  0.197705  -0.969875  -3.04226  3.19924
1210  0.197705  -0.969875  -3.04226  3.19924
1211  1.05368  -1.23052  -3.5639  3.91482
1212  2.90318  -1.5077  -3.88725  5.08059
1213  1.46831  0.138679  -5.03976  5.25113
1214  1.46831  0.138679  -5.03976  5.25113
1215  1.44465  2.53584  -5.05926  5.84069
1216  5.16067  4.03647  -6.74889  9.40601
1217  5.16067  4.03647  -6.74889  9.40601
1218  5.16067  4.03647  -6.74889  9.40601
1219  5.16067  4.03647  -6.74889  9.40601
1220  3.46285  4.30575  -7.30778  9.16158
1221  0.348947  2.55264  -10.4849  10.7968
1222  1.42926  1.62619  -10.1828  10.4104
1223  1.42926  1.62619  -10.1828  10.4104
1224  -0.851215  0.690693  -8.57151  8.64132
1225  1.4159  -1.21888  -8.49912  8.70204
1226  2.44677  2.10376  -7.49387  8.15907
1227  4.02407  0.00638981  -9.52769  10.3426
1228  4.02407  0.00638981  -9.52769  10.3426
1229  3.50119  -0.643154  -10.5185  11.1045
1230  2.22454  -0.897008  -10.0269  10.3098
1231  3.5296  0.0454104  -11.1113  11.6585
1232  3.5296  0.0454104  -11.1113  11.6585
1233  2.89428  -3.21839  -12.8395  13.5495
1234  2.89428  -3.21839  -12.8395  13.5495
1235  0.271294  -1.8882  -11.0237  11.1875
1236  0.271294  -1.8882  -11.0237  11.1875
1237  -0.372868  -0.0863554  -8.36814  8.37689
1238  -0.372868  -0.0863554  -8.36814  8.37689
1239  -0.372868  -0.0863554  -8.36814  8.37689
1240  -0.372868  -0.0863554  -8.36814  8.37689
1241  -3.8519  0.338377  -5.20591  6.48484
1242  -3.8519  0.338377  -5.20591  6.48484
1243  -3.8519  0.338377  -5.20591  6.48484
1244  -4.805  -2.1547  -4.67193  7.03972
1245  -2.32197  -2.11734  -6.2623  7.0065
1246  -2.5863  -2.95167  -5.17967  6.49849
1247  -2.70876  -3.00105  -2.09659  4.55404
1248  -2.70876  -3.00105  -2.09659  4.55404
1249  -2.70876  -3.00105  -2.09659  4.55404
1250  -1.81508  -3.71852  -2.90329  5.0548
1251  -1.81508  -3.71852  -2.90329  5.0548
1252  -2.13699  -4.37182  -3.01483  5.7244
1253  -0.65656  -4.74322  -3.71201  6.05873
1254  -0.485402  -1.57078  -3.40113  3.77765
1255  -0.704337  -0.331685  -3.08443  3.18116
1256  -2.219  -1.70552  -1.48941  3.17035
1257  -2.219  -1.70552  -1.48941  3.17035
1258  -2.219  -1.70552  -1.48941  3.17035
1259  -2.219  -1.70552  -1.48941  3.17035
1260  -2.219  -1.70552  -1.48941  3.17035
1261  0.285718  -0.040982  -1.48808  1.51581
1262  0.285718  -0.040982  -1.48808  1.51581
1263  0.285718  -0.040982  -1.48808  1.51581
1264  0.285718  -0.040982  -1.48808  1.51581
1265  0.740326  0.472828  -1.93013  2.12063
1266  0.851504  -0.520628  -2.56304  2.7505
1267  -0.883895  1.22119  -1.87599  2.40664
1268  -0.883895  1.22119  -1.87599  2.40664
1269  -1.29612  2.06805  -2.91584  3.80249
1270  -1.29612  2.06805  -2.91584  3.80249
1271  -1.29612  2.06805  -2.91584  3.80249
1272  -2.13929  0.872866  -2.35836  3.30157
1273  -2.13929  0.872866  -2.35836  3.30157
1274  -2.13929  0.872866  -2.35836  3.30157
1275  -1.96108  -1.39526  -3.92311  4.60254
1276  -1.58056  1.19949  -3.82003  4.30459
1277  -1.73768  -2.06892  -5.349  5.99265
1278  -0.313312  -0.287363  -0.770941  0.880393
1279  -0.313312  -0.287363  -0.770941  0.880393
1280  0.0572129  -1.94265  -2.92827  3.51453
1281  1.58192  -1.36565  1.79194  2.75291
1282  1.58192  -1.36565  1.79194  2.75291
1283  1.58192  -1.36565  1.79194  2.75291
1284  -1.41918  -2.00047  1.55508  2.90417
1285  -1.41918  -2.00047  1.55508  2.90417
1286  -3.54699  -1.06408  -0.294706  3.71487
1287  -3.28523  -2.37805  0.418263  4.0771
1288  -2.29678  -3.56516  0.509987  4.27149
1289  -2.8326  -0.664723  0.308824  2.92589
1290  -2.57  -0.165262  3.95  4.71537
1291  -2.57  -0.165262  3.95  4.71537
1292  -2.57  -0.165262  3.95  4.71537
1293  -0.514799  1.95139  5.62879  5.97965
1294  -0.322415  0.995578  4.23197  4.35944
1295  -0.322415  0.995578  4.23197  4.35944
1296  -0.614385  1.33977  4.48525  4.72122
1297  -2.08376  0.0616681  3.56167  4.12691
1298  -2.08376  0.0616681  3.56167  4.12691
1299  0.341126  -0.123466  2.77724  2.80083
1300  0.341126  -0.123466  2.77724  2.80083
1301  0.341126  -0.123466  2.77724  2.80083
1302  -1.74446  -0.326822  2.98624  3.47384
1303  -1.74446  -0.326822  2.98624  3.47384
1304  -2.35834  2.82195  3.20725  4.87972
1305  -2.35834  2.82195  3.20725  4.87972
1306  -2.35834  2.82195  3.20725  4.87972
1307  -1.35571  0.844649  1.46443  2.16701
1308  -1.35571  0.844649  1.46443  2.16701
1309  0.647294  3.94184  6.88793  7.96246
1310  -1.19783  1.00147  4.5272  4.78887
1311  1.26944  -0.864023  2.77301  3.16979
1312  1.26944  -0.864023  2.77301  3.16979
1313  1.26944  -0.864023  2.77301  3.16979
1314  -1.92818  -2.24555  4.38437  5.2899
1315  -1.92818  -2.24555  4.38437  5.2899
1316  -1.92818  -2.24555  4.38437  5.2899
1317  -1.92818  -2.24555  4.38437  5.2899
1318  -2.60598  -3.43157  3.47508  5.53561
1319  -2.60598  -3.43157  3.47508  5.53561
1320  -1.19477  -1.18131  5.29554  5.55569
1321  -1.23412  -0.10197  9.06118  9.1454
1322  -0.348684  0.821799  6.79587  6.85426
1323  -0.348684  0.821799  6.79587  6.85426
1324  1.08109  -1.85643  5.57634  5.97584
1325  1.88775  -3.68389  5.7118  7.05403
1326  1.27314  -1.60672  3.63255  4.17107
1327  1.2176  -0.877637  3.07249  3.41951
1328  -0.265812  -1.2404  2.8289  3.10031
1329  0.549079  -0.674073  0.47062  0.988607
1330  1.42543  -0.399047  -2.25995  2.70157
1331  1.42543  -0.399047  -2.25995  2.70157
1332  1.42543  -0.399047  -2.25995  2.70157
1333  1.42543  -0.399047  -2.25995  2.70157
1334  1.42543  -0.399047  -2.25995  2.70157
1335  1.42543  -0.399047  -2.25995  2.70157
1336  1.42543  -0.399047  -2.25995  2.70157
1337  1.14129  1.30089  -3.11434  3.56286
1338  1.46083  0.574437  -4.42016  4.69061
1339  1.46083  0.574437  -4.42016  4.69061
1340  -0.278606  -0.0660418  -4.32925  4.33871
1341  -0.278606  -0.0660418  -4.32925  4.33871
1342  1.36593  -1.4218  -4.16414  4.60731
1343  -1.05545  1.11177  -2.31447  2.7761
1344  -1.05545  1.11177  -2.31447  2.7761
1345  1.53115  1.93701  -2.09896  3.24069
1346  2.38806  2.10881  -2.14089  3.8384
1347  -0.275624  2.83921  -1.18778  3.08997
1348  -1.88087  5.13017  -2.7751  6.12842
1349  -1.88087  5.13017  -2.7751  6.12842
1350  -1.88087  5.13017  -2.7751  6.12842
1351  -0.256129  2.99923  -0.736394  3.09891
1352  0.74018  -1.73732  -2.85395  3.42216
1353  1.13283  -0.0273664  -3.28562  3.47553
1354  1.13283  -0.0273664  -3.28562  3.47553
1355  1.13283  -0.0273664  -3.28562  3.47553
1356  -1.26826  0.67013  -4.17838  4.41774
1357  -0.799571  0.488553  -5.29393  5.37621
1358  0.588442  2.07773  -2.62292  3.39749
1359  -0.710507  3.25825  -3.55495  4.87429
1360  -0.710507  3.25825  -3.55495  4.87429
1361  -0.710507  3.25825  -3.55495  4.87429
1362  -0.807296  4.29964  -4.95074  6.60669
1363  -1.55624  2.39383  -6.22849  6.85175
1364  -1.55624  2.39383  -6.22849  6.85175
1365  -1.55624  2.39383  -6.22849  6.85175
1366  1.41787  2.48173  -7.62921  8.14704
1367  1.70472  3.31308  -9.90676  10.5843
1368  1.70472  3.31308  -9.90676  10.5843
1369  2.33085  -0.0351477  -10.7025  10.9535
1370  2.61466  -3.08557  -9.86995  10.6664
1371  2.00934  -4.16466  -10.3135  11.3027
1372  2.00934  -4.16466  -10.3135  11.3027
1373  3.97522  -3.90324  -9.5852  11.0866
1374  3.79024  -1.83712  -11.7841  12.5142
1375  3.09889  -1.66611  -9.44063  10.0749
1376  4.09973  -0.495424  -9.52144  10.3784
1377  4.50575  0.672481  -7.05644  8.39924
1378  4.50575  0.672481  -7.05644  8.39924
1379  4.50575  0.672481  -7.05644  8.39924
1380  4.50575  0.672481  -7.05644  8.39924
1381  4.50575  0.672481  -7.05644  8.39924
1382  4.50575  0.672481  -7.05644  8.39924
1383  3.85559  1.73648  -7.83761  8.90556
1384  3.85559  1.73648  -7.83761  8.90556
1385  1.58481  1.97683  -7.12358  7.56074
1386  1.58481  1.97683  -7.12358  7.56074
1387  1.58481  1.97683  -7.12358  7.56074
1388  1.60025  3.26132  -6.84683  7.75088
1389  1.60025  3.26132  -6.84683  7.75088
1390  3.09245  2.22525  -4.28796  5.73599
1391  3.09245  2.22525  -4.28796  5.73599
1392  3.09245  2.22525  -4.28796  5.73599
1393  1.85679  0.228789  -3.65405  4.10513
1394  1.85679  0.228789  -3.65405  4.10513
1395  -1.44593  -2.58713  -5.51035  6.25683
1396  -1.25526  -2.31196  -3.60297  4.46119
1397  -1.75209  -1.89746  -2.5768  3.6483
1398  -1.75209  -1.89746  -2.5768  3.6483
1399  -1.75209  -1.89746  -2.5768  3.6483
1400  -1.10309  -0.59535  -2.41804  2.72364
1401  -0.842435  0.014857  -4.76961  4.84346
1402  -1.9346  -0.321304  -3.83806  4.31006
1403  -1.9346  -0.321304  -3.83806  4.31006
1404  -1.9346  -0.321304  -3.83806  4.31006
1405  -1.9346  -0.321304  -3.83806  4.31006
1406  -1.53901  0.209588  -3.73756  4.04745
1407  0.258281  -3.1987  -3.1182  4.47455
1408  0.258281  -3.1987  -3.1182  4.47455
1409  2.77127  -1.84292  -5.55902  6.47912
1410  -1.13055  -1.79533  -4.59264  5.05902
1411  -1.13055  -1.79533  -4.59264  5.05902
1412  -2.29337  2.02407  -3.03089  4.30613
1413  -2.29337  2.02407  -3.03089  4.30613
1414  -2.29337  2.02407  -3.03089  4.30613
1415  -4.18175  1.94327  -2.04196  5.04311
1416  -4.18175  1.94327  -2.04196  5.04311
1417  -1.7416  3.48253  2.99473  4.91219
1418  -1.7416  3.48253  2.99473  4.91219
1419  -1.7416  3.48253  2.99473  4.91219
1420  -0.721626  5.13862  2.90716  5.94792
1421  -0.363422  5.89153  1.96244  6.2204
1422  -0.363422  5.89153  1.96244  6.2204
1423  1.14307  5.37586  2.14075  5.89824
1424  -1.53944  4.9314  3.274  6.11618
1425  -1.53944  4.9314  3.274  6.11618
1426  -1.53944  4.9314  3.274  6.11618
1427  -1.69808  2.85538  4.84719  5.87639
1428  -1.69808  2.85538  4.84719  5.87639
1429  -1.69808  2.85538  4.84719  5.87639
1430  0.602321  1.20347  4.46413  4.66258
1431  0.602321  1.20347  4.46413  4.66258
1432  0.602321  1.20347  4.46413  4.66258
1433  0.602321  1.20347  4.46413  4.66258
1434  0.602321  1.20347  4.46413  4.66258
1435  -1.08048  2.65113  3.07518  4.20151
1436  -1.08048  2.65113  3.07518  4.20151
1437  -1.08048  2.65113  3.07518  4.20151
1438  -1.26708  -0.0555338  3.99581  4.19227
1439  2.2998  -1.26426  1.20913  2.88954
1440  2.2998  -1.26426  1.20913  2.88954
1441  2.59015  -4.61206  -2.87042  6.01824
1442  2.59015  -4.61206  -2.87042  6.01824
1443  -0.108452  -5.08768  -2.48345  5.66249
1444  0.867326  -3.11547  -1.81354  3.70774
1445  0.867326  -3.11547  -1.81354  3.70774
1446  0.867326  -3.11547  -1.81354  3.70774
1447  0.867326  -3.11547  -1.81354  3.70774
1448  0.867326  -3.11547  -1.81354  3.70774
1449  1.37812  -2.48289  -2.50799  3.78866
1450  1.37812  -2.48289  -2.50799  3.78866
1451  1.2325  -3.45531  -2.28838  4.32376
1452  -0.892826  -0.829931  0.762529  1.43784
1453  -1.62  -1.72212  2.40876  3.37523
1454  -0.935187  -1.82788  3.97916  4.47766
1455  -0.935187  -1.82788  3.97916  4.47766
1456  -0.935187  -1.82788  3.97916  4.47766
1457  0.116917  -2.32479  5.31859  5.80566
1458  0.535993  -2.12905  5.41847  5.84637
1459  0.535993  -2.12905  5.41847  5.84637
1460  0.535993  -2.12905  5.41847  5.84637
1461  0.535993  -2.12905  5.41847  5.84637
1462  0.535993  -2.12905  5.41847  5.84637
1463  1.10151  -3.49186  3.93298  5.37352
1464  0.342268  -4.24909  4.42982  6.14778
1465  -2.36221  -1.74911  5.92351  6.61267
1466  -2.36221  -1.74911  5.92351  6.61267
1467  -2.34858  -1.34881  4.86063  5.56424
1468  -0.386627  0.333515  4.35369  4.38353
1469  -0.386627  0.333515  4.35369  4.38353
1470  -0.386627  0.333515  4.35369  4.38353
1471  -0.150602  -1.40699  4.1297  4.3654
1472  -0.150602  -1.40699  4.1297  4.3654
1473  -0.150602  -1.40699  4.1297  4.3654
1474  -0.47924  -2.12944  4.23451  4.76395
1475  -1.53669  -2.05498  2.14705  3.34577
1476  -5.07389  -2.51009  4.04351  6.95664
1477  -5.07389  -2.51009  4.04351  6.95664
1478  -5.07389  -2.51009  4.04351  6.95664
1479  -4.64163  -4.51828  2.90181  7.09789
1480  -4.75707  -4.54312  3.97595  7.68621
1481  -3.24528  -3.66738  5.91195  7.67676
1482  -3.24528  -3.66738  5.91195  7.67676
1483  -2.42045  -2.7684  6.0994  7.12217
1484  -2.42045  -2.7684  6.0994  7.12217
1485  0.0317041  -3.66088  6.90771  7.8179
1486  0.0317041  -3.66088  6.90771  7.8179
1487  1.45315  -2.66602  8.0853  8.63663
1488  1.45315  -2.66602  8.0853  8.63663
1489  1.02273  -3.98112  7.7839  8.80252
1490  1.47536  -4.9772  6.54608  8.35466
1491  1.47536  -4.9772  6.54608  8.35466
1492  0.185225  -5.55434  5.90793  8.11102
1493  -1.15515  -4.99164  6.2299  8.06614
1494  0.874892  -6.06274  3.15345  6.88959
1495  0.874892  -6.06274  3.15345  6.88959
1496  0.700249  -3.71463  4.47454  5.8575
1497  3.79783  -0.622916  4.0235  5.56778
1498  4.78176  -1.65714  4.8063  6.97939
1499  4.78176  -1.65714  4.8063  6.97939
1500  5.5935  -3.37944  4.20128  7.76908
1501  4.33842  -2.50341  3.25212  5.97204
1502  1.34767  -3.01729  0.626463  3.36344
1503  1.34767  -3.01729  0.626463  3.36344
1504  1.34767  -3.01729  0.626463  3.36344
1505  1.2872  -3.17421  -0.665945  3.48941
1506  3.59474  -4.46263  2.0437  6.08391
1507  2.16508  -1.5399  2.31731  3.52544
1508  2.21533  -3.32007  3.50984  5.31503
1509  3.13487  -3.94913  4.17297  6.54497
1510  4.50968  -4.90398  1.829  6.9088
1511  4.50968  -4.90398  1.829  6.9088
1512  4.50968  -4.90398  1.829  6.9088
1513  4.50968  -4.90398  1.829  6.9088
1514  5.57314  -2.40703  2.84122  6.7027
1515  5.57314  -2.40703  2.84122  6.7027
1516  4.8418  -0.395455  2.08772  5.28753
1517  4.8418  -0.395455  2.08772  5.28753
1518  4.8418  -0.395455  2.08772  5.28753
1519  3.12552  0.235942  2.60759  4.07726
1520  0.675198  1.46847  2.31501  2.8234
1521  0.675198  1.46847  2.31501  2.8234
1522  0.675198  1.46847  2.31501  2.8234
1523  0.675198  1.46847  2.31501  2.8234
1524  0.675198  1.46847  2.31501  2.8234
1525  0.675198  1.46847  2.31501  2.8234
1526  2.29844  -0.933715  2.80943  3.74801
1527  2.29844  -0.933715  2.80943  3.74801
1528  2.29844  -0.933715  2.80943  3.74801
1529  3.78415  -2.88044  3.35455  5.81977
1530  3.78415  -2.88044  3.35455  5.81977
1531  3.78415  -2.88044  3.35455  5.81977
1532  2.58262  -2.13326  6.0594  6.92366
1533  2.58262  -2.13326  6.0594  6.92366
1534  2.58262  -2.13326  6.0594  6.92366
1535  1.88508  -2.48719  5.96405  6.73124
1536  1.88508  -2.48719  5.96405  6.73124
1537  2.49596  -1.16373  6.80901  7.34485
1538  2.82553  -1.82385  2.71146  4.31996
1539  2.82553  -1.82385  2.71146  4.31996
1540  2.82553  -1.82385  2.71146  4.31996
1541  2.08536  -3.08699  4.10948  5.54671
1542  0.470991  -2.5904  6.67309  7.17371
1543  0.374829  -2.36922  6.9869  7.38718
1544  0.374829  -2.36922  6.9869  7.38718
1545  0.374829  -2.36922  6.9869  7.38718
1546  0.374829  -2.36922  6.9869  7.38718
1547  0.374829  -2.36922  6.9869  7.38718
1548  0.374829  -2.36922  6.9869  7.38718
1549  0.757939  0.131701  5.90492  5.95483
1550  0.757939  0.131701  5.90492  5.95483
1551  -1.06386  1.53433  6.07346  6.35397
1552  -1.06386  1.53433  6.07346  6.35397
1553  -0.823905  0.744101  7.04321  7.13017
1554  1.44307  -1.49152  5.62051  5.99143
1555  1.44307  -1.49152  5.62051  5.99143
1556  1.44307  -1.49152  5.62051  5.99143
1557  1.44307  -1.49152  5.62051  5.99143
1558  -0.902677  -0.388045  5.56263  5.64874
1559  -0.902677  -0.388045  5.56263  5.64874
1560  -0.254303  1.32918  4.64674  4.83979
1561  -0.785354  0.313006  4.99208  5.06317
1562  -0.785354  0.313006  4.99208  5.06317
1563  -0.785354  0.313006  4.99208  5.06317
1564  -0.102357  -2.55038  6.68689  7.15748
1565  -2.48149  -3.03864  7.16683  8.17035
1566  -1.73638  -3.71468  6.08936  7.34127
1567  -1.73638  -3.71468  6.08936  7.34127
1568  -1.73638  -3.71468  6.08936  7.34127
1569  -1.73638  -3.71468  6.08936  7.34127
1570  -3.26539  -0.370169  2.21636  3.96385
1571  -3.26539  -0.370169  2.21636  3.96385
1572  -3.26539  -0.370169  2.21636  3.96385
1573  -3.26539  -0.370169  2.21636  3.96385
1574  -3.26539  -0.370169  2.21636  3.96385
1575  -1.73747  1.64368  4.52605  5.11915
1576  -1.73747  1.64368  4.52605  5.11915
1577  -2.28989  0.493672  3.43941  4.16135
1578  -2.28989  0.493672  3.43941  4.16135
1579  -2.96507  0.790392  4.73079  5.63886
1580  -2.96507  0.790392  4.73079  5.63886
1581  -4.42931  2.23407  3.94212  6.33642
1582  -4.42931  2.23407  3.94212  6.33642
1583  -4.42931  2.23407  3.94212  6.33642
1584  -3.35904  1.44858  4.95286  6.1573
1585  -3.35904  1.44858  4.95286  6.1573
1586  -3.35904  1.44858  4.95286  6.1573
1587  -2.47194  0.841941  3.29423  4.20372
1588  -0.961001  -0.0426749  5.98035  6.05722
1589  -0.961001  -0.0426749  5.98035  6.05722
1590  -0.961001  -0.0426749  5.98035  6.05722
1591  -0.961001  -0.0426749  5.98035  6.05722
1592  1.58738  0.908857  5.40263  5.70387
1593  2.04911  -1.88334  2.2921  3.60549
1594  2.04911  -1.88334  2.2921  3.60549
1595  2.04911  -1.88334  2.2921  3.60549
1596  0.268985  -1.66365  1.21491  2.07752
1597  0.268985  -1.66365  1.21491  2.07752
1598  -1.5295  -1.35281  2.93037  3.57163
1599  -1.23537  -3.79862  3.01008  5.00162
1600  -1.23537  -3.79862  3.01008  5.00162
1601  -1.23537  -3.79862  3.01008  5.00162
1602  -1.23537  -3.79862  3.01008  5.00162
1603  -1.23537  -3.79862  3.01008  5.00162
1604  -1.23537  -3.79862  3.01008  5.00162
1605  -1.27297  -2.73746  5.78047  6.52134
1606  -0.0875939  -3.41624  4.79253  5.88615
1607  0.140996  -3.27345  2.86312  4.35119
1608  2.61967  -2.79082  3.55321  5.2227
1609  2.17081  -2.63995  1.69631  3.81566
1610  2.10537  -2.09365  4.44832  5.34822
1611  2.10537  -2.09365  4.44832  5.34822
1612  -1.50955  0.269011  4.40799  4.66706
1613  -2.44449  0.594797  4.07573  4.78967
1614  -2.44449  0.594797  4.07573  4.78967
1615  -0.283058  1.74217  4.57496  4.90363
1616  -1.08804  -1.24448  1.81381  2.45407
1617  -1.40568  -3.40249  -1.16769  3.86217
1618  -1.40568  -3.40249  -1.16769  3.86217
1619  -0.511907  -4.05185  1.70158  4.42435
1620  -0.511907  -4.05185  1.70158  4.42435
1621  -1.53992  -4.13666  2.85387  5.25623
1622  -1.53992  -4.13666  2.85387  5.25623
1623  -1.93314  -5.39194  4.24917  7.132
1624  0.700306  -4.65846  -0.537136  4.74132
1625  0.700306  -4.65846  -0.537136  4.74132
1626  -1.66571  -3.73844  -1.95319  4.53492
1627  -1.88415  -2.1248  -4.13062  5.01267
1628  -1.88415  -2.1248  -4.13062  5.01267
1629  -1.88415  -2.1248  -4.13062  5.01267
1630  -1.38192  -3.40334  -6.37015  7.35332
1631  -1.43373  -0.924149  -4.27097  4.599
1632  -1.5667  -1.8954  -2.66733  3.62791
1633  0.112586  -0.18935  -4.84029  4.8453
1634  0.807294  -0.819433  -5.44515  5.56532
1635  0.807294  -0.819433  -5.44515  5.56532
1636  0.807294  -0.819433  -5.44515  5.56532
1637  4.79613  -1.00839  -6.69939  8.3007
1638  0.608872  1.19888  -6.6406  6.77537
1639  0.608872  1.19888  -6.6406  6.77537
1640  0.608872  1.19888  -6.6406  6.77537
1641  0.608872  1.19888  -6.6406  6.77537
1642  0.380954  -0.754092  -3.9739  4.06271
1643  0.380954  -0.754092  -3.9739  4.06271
1644  -0.88472  -2.33407  -3.33401  4.16488
1645  2.32252  -2.72231  -2.4197  4.31972
1646  0.16938  -2.82143  -4.17178  5.03914
1647  0.16938  -2.82143  -4.17178  5.03914
1648  0.16938  -2.82143  -4.17178  5.03914
1649  0.16938  -2.82143  -4.17178  5.03914
1650  0.16938  -2.82143  -4.17178  5.03914
1651  -1.11358  0.773103  -1.87835  2.31645
1652  -1.11358  0.773103  -1.87835  2.31645
1653  0.533857  0.374389  -2.222  2.31569
1654  1.63175  -0.563307  -3.78381  4.15898
1655  1.63175  -0.563307  -3.78381  4.15898
1656  0.685901  -0.590778  -2.41186  2.57615
1657  0.685901  -0.590778  -2.41186  2.57615
1658  0.685901  -0.590778  -2.41186  2.57615
1659  0.685901  -0.590778  -2.41186  2.57615
1660  0.685901  -0.590778  -2.41186  2.57615
1661  0.685901  -0.590778  -2.41186  2.57615
1662  0.685901  -0.590778  -2.41186  2.57615
1663  -1.92021  -1.91025  -4.97708  5.66635
1664  -1.92021  -1.91025  -4.97708  5.66635
1665  -1.92021  -1.91025  -4.97708  5.66635
1666  -0.846501  -1.43073  -5.5636  5.80665
1667  -2.84353  -2.37225  -3.323  4.97549
1668  -1.22553  -2.19867  -3.91439  4.65387
1669  -1.22553  -2.19867  -3.91439  4.65387
1670  -1.22553  -2.19867  -3.91439  4.65387
1671  -1.22553  -2.19867  -3.91439  4.65387
1672  -1.22553  -2.19867  -3.91439  4.65387
1673  -0.379871  -1.63271  -2.19418  2.76124
1674  -0.379871  -1.63271  -2.19418  2.76124
1675  -0.379871  -1.63271  -2.19418  2.76124
1676  -0.190117  -1.95373  1.36348  2.39004
1677  -0.190117  -1.95373  1.36348  2.39004
1678  -0.190117  -1.95373  1.36348  2.39004
1679  -0.253472  -3.46664  3.97324  5.27906
1680  2.24822  0.329517  1.96587  3.00461
1681  5.13842  1.36209  2.88334  6.0475
1682  4.48264  2.11122  3.7509  6.21454
1683  4.48264  2.11122  3.7509  6.21454
1684  4.9333  1.72626  4.63685  6.98697
1685  1.81852  -1.53681  1.94499  3.07437
1686  1.81852  -1.53681  1.94499  3.07437
1687  1.81852  -1.53681  1.94499  3.07437
1688  1.81852  -1.53681  1.94499  3.07437
1689  1.72345  -1.18573  2.19318  3.03089
1690  1.72345  -1.18573  2.19318  3.03089
1691  -0.96099  0.545892  3.19871  3.38426
1692  -1.04211  -0.760089  2.69087  2.98404
1693  -1.04211  -0.760089  2.69087  2.98404
1694  -1.04211  -0.760089  2.69087  2.98404
1695  -0.372592  0.0121116  2.48541  2.51322
1696  -0.372592  0.0121116  2.48541  2.51322
1697  -0.372592  0.0121116  2.48541  2.51322
1698  -0.372592  0.0121116  2.48541  2.51322
1699  -0.372592  0.0121116  2.48541  2.51322
1700  -0.372592  0.0121116  2.48541  2.51322
1701  -0.372592  0.0121116  2.48541  2.51322
1702  -0.372592  0.0121116  2.48541  2.51322
1703  -0.372592  0.0121116  2.48541  2.51322
1704  -0.372592  0.0121116  2.48541  2.51322
1705  -0.372592  0.0121116  2.48541  2.51322
1706  -1.37009  -0.294115  2.53219  2.89407
1707  -1.37009  -0.294115  2.53219  2.89407
1708  -1.37009  -0.294115  2.53219  2.89407
1709  -3.42964  0.237214  2.90362  4.49997
1710  -2.35031  0.68966  2.65689  3.61368
1711  -2.35031  0.68966  2.65689  3.61368
1712  1.26509  -0.578303  4.98641  5.17679
1713  1.26509  -0.578303  4.98641  5.17679
1714  2.01407  -1.49567  3.95726  4.68545
1715  1.09572  -2.51132  2.1684  3.49417
1716  3.42441  -1.23868  3.67675  5.17488
1717  2.85204  -4.02344  4.37866  6.59506
1718  0.605203  -2.91586  -0.811599  3.08662
1719  0.605203  -2.91586  -0.811599  3.08662
1720  0.605203  -2.91586  -0.811599  3.08662
1721  -2.62529  -1.06833  -3.60693  4.58731
1722  -2.62529  -1.06833  -3.60693  4.58731
1723  -2.62529  -1.06833  -3.60693  4.58731
1724  -1.36384  -1.93531  -4.09704  4.73193
1725  -1.45955  -4.79177  -2.65629  5.66985
1726  -1.45955  -4.79177  -2.65629  5.66985
1727  -1.77128  -2.46348  -3.59619  4.70518
1728  -1.77128  -2.46348  -3.59619  4.70518
1729  -1.56617  -0.182585  -3.30678  3.66347
1730  0.643334  -0.0393658  -5.46493  5.50281
1731  0.643334  -0.0393658  -5.46493  5.50281
1732  0.643334  -0.0393658  -5.46493  5.50281
1733  0.643334  -0.0393658  -5.46493  5.50281
1734  0.643334  -0.0393658  -5.46493  5.50281
1735  -0.109511  -0.0636042  -5.33458  5.33608
1736  -0.109511  -0.0636042  -5.33458  5.33608
1737  -0.109511  -0.0636042  -5.33458  5.33608
1738  0.0324278  -0.989914  -5.96184  6.04355
1739  1.1265  -0.975107  -5.50518  5.70323
1740  3.65364  -0.749775  -7.33903  8.23241
1741  2.41854  -1.94859  -4.51127  5.47703
1742  2.41854  -1.94859  -4.51127  5.47703
1743  2.94369  -1.52882  -5.84395  6.71969
1744  2.94369  -1.52882  -5.84395  6.71969
1745  2.94369  -1.52882  -5.84395  6.71969
1746  2.94369  -1.52882  -5.84395  6.71969
1747  3.24042  -0.690047  -3.86799  5.09292
1748  0.983463  2.37427  -5.38418  5.96605
1749  0.983463  2.37427  -5.38418  5.96605
1750  0.983463  2.37427  -5.38418  5.96605
1751  -1.61607  3.41638  -4.80469  6.11297
1752  -0.126855  2.54683  -5.93392  6.45862
1753  -0.126855  2.54683  -5.93392  6.45862
1754  -0.126855  2.54683  -5.93392  6.45862
1755  -0.126855  2.54683  -5.93392  6.45862
1756  -0.126855  2.54683  -5.93392  6.45862
1757  2.01856  -1.58921  -6.39888  6.89535
1758  -2.89326  -2.49545  -6.00685  7.11903
1759  -2.89326  -2.49545  -6.00685  7.11903
1760  -2.46204  -3.19094  -5.65008  6.94025
1761  -3.88616  -1.18771  -7.52083  8.54844
1762  -3.88616  -1.18771  -7.52083  8.54844
1763  -1.7284  0.626698  -9.87696  10.0466
1764  -2.68489  3.88623  -8.18908  9.4537
1765  -2.95873  4.75292  -8.24219  9.96384
1766  -2.83223  0.91675  -6.48054  7.13158
1767  -2.83223  0.91675  -6.48054  7.13158
1768  0.0225631  0.742735  -7.63257  7.66866
1769  -3.23377  1.53258  -5.19615  6.3092
1770  -0.283628  0.746718  -3.19825  3.29649
1771  -0.839203  -1.58785  -3.87132  4.26763
1772  -0.839203  -1.58785  -3.87132  4.26763
1773  -0.839203  -1.58785  -3.87132  4.26763
1774  -0.839203  -1.58785  -3.87132  4.26763
1775  1.6895  2.14072  -5.12133  5.80217
1776  0.636618  2.08574  -5.35457  5.78161
1777  1.33436  2.23713  -1.56248  3.03753
1778  2.91586  -0.0281939  -1.05932  3.10245
1779  0.620682  -0.640762  -1.49827  1.74375
1780  0.721368  -0.620019  1.65873  1.91211
1781  2.00801  -0.809671  5.31469  5.73878
1782  2.00801  -0.809671  5.31469  5.73878
1783  2.00801  -0.809671  5.31469  5.73878
1784  1.33274  -1.61346  6.80972  7.12403
1785  2.83133  1.49693  5.10018  6.02238
1786  1.92299  2.21804  2.40517  3.79505
1787  1.92299  2.21804  2.40517  3.79505
1788  2.29641  2.55376  5.47884  6.46629
1789  2.29641  2.55376  5.47884  6.46629
1790  2.29641  2.55376  5.47884  6.46629
1791  1.26621  0.937933  4.28049  4.56132
1792  1.07816  0.677963  2.22235  2.56143
1793  1.07816  0.677963  2.22235  2.56143
1794  1.07816  0.677963  2.22235  2.56143
1795  0.240118  -0.376182  2.46262  2.50273
1796  0.240118  -0.376182  2.46262  2.50273
1797  0.240118  -0.376182  2.46262  2.50273
1798  -1.6639  -0.365754  1.04765  1.99998
1799  -1.17042  -1.15168  1.73616  2.38966
1800  0.0760902  0.585291  4.977  5.01188
1801  0.0760902  0.585291  4.977  5.01188
1802  2.99265  3.28451  4.00575  5.98248
1803  -0.223811  2.19449  7.54244  7.85839
1804  -0.223811  2.19449  7.54244  7.85839
1805  -0.223811  2.19449  7.54244  7.85839
1806  -0.184332  2.47063  6.2889  6.7593
1807  -2.07713  1.57715  3.80616  4.61397
1808  -2.07713  1.57715  3.80616  4.61397
1809  -2.07713  1.57715  3.80616  4.61397
1810  -2.07713  1.57715  3.80616  4.61397
1811  -0.977009  2.42878  3.19341  4.12933
1812  -1.12286  3.21932  3.84349  5.13782
1813  -1.12286  3.21932  3.84349  5.13782
1814  -1.12286  3.21932  3.84349  5.13782
1815  0.458967  3.70439  2.77481  4.6511
1816  0.458967  3.70439  2.77481  4.6511
1817  -2.05191  2.39857  3.47564  4.69505
1818  -3.83833  2.48145  2.63772  5.27712
1819  -3.62636  3.32602  3.57145  6.08014
1820  -2.91708  2.5549  3.40886  5.16306
1821  -2.93017  2.42798  2.92549  4.79995
1822  -2.93017  2.42798  2.92549  4.79995
1823  -2.93017  2.42798  2.92549  4.79995
1824  -0.754099  1.566  2.27297  2.86137
1825  -0.754099  1.566  2.27297  2.86137
1826  -0.754099  1.566  2.27297  2.86137
1827  -0.754099  1.566  2.27297  2.86137
1828  1.94599  1.13064  2.91759  3.68477
1829  1.30138  -0.880202  3.10007  3.47545
1830  -0.847531  -0.25519  2.12017  2.29751
1831  -0.847531  -0.25519  2.12017  2.29751
1832  -0.706439  -1.48996  -1.03328  1.94595
1833  -0.706439  -1.48996  -1.03328  1.94595
1834  -0.706439  -1.48996  -1.03328  1.94595
1835  -0.706439  -1.48996  -1.03328  1.94595
1836  -0.706439  -1.48996  -1.03328  1.94595
1837  0.159958  0.309767  1.01  1.06848
1838  1.3803  -0.00935877  -1.48786  2.02954
1839  1.3803  -0.00935877  -1.48786  2.02954
1840  -0.19204  -1.13163  1.33056  1.75723
1841  -0.19204  -1.13163  1.33056  1.75723
1842  -0.19204  -1.13163  1.33056  1.75723
1843  -0.19204  -1.13163  1.33056  1.75723
1844  -0.19204  -1.13163  1.33056  1.75723
1845  -0.19204  -1.13163  1.33056  1.75723
1846  -0.19204  -1.13163  1.33056  1.75723
1847  -0.19204  -1.13163  1.33056  1.75723
1848  -0.19204  -1.13163  1.33056  1.75723
1849  -0.132106  -1.53495  3.42982  3.75995
1850  -0.132106  -1.53495  3.42982  3.75995
1851  -0.132106  -1.53495  3.42982  3.75995
1852  -0.132106  -1.53495  3.42982  3.75995
1853  -0.132106  -1.53495  3.42982  3.75995
1854  -0.132106  -1.53495  3.42982  3.75995
1855  -0.132106  -1.53495  3.42982  3.75995
1856  -0.132106  -1.53495  3.42982  3.75995
1857  -0.132106  -1.53495  3.42982  3.75995
1858  -0.169163  -0.96062  4.30618  4.41527
1859  -0.169163  -0.96062  4.30618  4.41527
1860  0.985379  -1.7151  5.10096  5.47104
1861  0.985379  -1.7151  5.10096  5.47104
1862  0.985379  -1.7151  5.10096  5.47104
1863  0.985379  -1.7151  5.10096  5.47104
1864  0.621401  -5.37177  4.90098  7.29806
1865  0.754797  -4.15991  4.28293  6.01814
1866  0.754797  -4.15991  4.28293  6.01814
1867  1.38041  -2.98378  4.52735  5.59512
1868  1.38041  -2.98378  4.52735  5.59512
1869  -0.475049  -1.83602  5.70129  6.00844
1870  1.57087  -1.45222  5.1792  5.60363
1871  2.38502  0.899695  6.04351  6.5591
1872  4.88952  0.0843879  4.25187  6.48019
1873  4.26109  -2.0272  3.76841  6.03882
1874  3.00207  -2.47803  1.85982  4.31416
1875  2.29593  -3.49667  2.40318  4.82424
1876  0.841335  -5.30514  6.66264  8.55822
1877  1.88491  -6.62089  3.7168  7.82328
1878  1.88491  -6.62089  3.7168  7.82328
1879  3.77462  -4.03504  1.12963  5.63962
1880  3.77462  -4.03504  1.12963  5.63962
1881  3.77462  -4.03504  1.12963  5.63962
1882  3.77462  -4.03504  1.12963  5.63962
1883  3.77462  -4.03504  1.12963  5.63962
1884  3.77462  -4.03504  1.12963  5.63962
1885  3.77462  -4.03504  1.12963  5.63962
1886  3.77462  -4.03504  1.12963  5.63962
1887  2.37404  -2.74398  -0.623106  3.68154
1888  2.37404  -2.74398  -0.623106  3.68154
1889  1.58457  -2.26057  0.40912  2.79077
1890  1.56276  -0.0706171  0.974681  1.84315
1891  1.56276  -0.0706171  0.974681  1.84315
1892  1.56276  -0.0706171  0.974681  1.84315
1893  1.71193  -0.204167  -1.96479  2.61396
1894  1.71193  -0.204167  -1.96479  2.61396
1895  0.920995  1.99314  -1.49387  2.65565
1896  0.920995  1.99314  -1.49387  2.65565
1897  1.90733  -0.752869  -2.00476  2.86771
1898  1.90733  -0.752869  -2.00476  2.86771
1899  1.90733  -0.752869  -2.00476  2.86771
1900  1.90733  -0.752869  -2.00476  2.86771
1901  2.80788  0.0610631  -2.62796  3.84631
1902  2.80788  0.0610631  -2.62796  3.84631
1903  0.244385  0.0517946  -2.93276  2.94338
1904  -0.638352  -0.759165  -2.5966  2.77959
1905  -0.638352  -0.759165  -2.5966  2.77959
1906  -0.638352  -0.759165  -2.5966  2.77959
1907  -0.638352  -0.759165  -2.5966  2.77959
1908  1.10461  0.417814  -4.11831  4.2843
1909  -0.353155  -1.0385  -1.88544  2.18131
1910  -0.353155  -1.0385  -1.88544  2.18131
1911  -0.353155  -1.0385  -1.88544  2.18131
1912  -0.353155  -1.0385  -1.88544  2.18131
1913  -0.353155  -1.0385  -1.88544  2.18131
1914  -0.353155  -1.0385  -1.88544  2.18131
1915  -0.353155  -1.0385  -1.88544  2.18131
1916  -0.092061  0.0103257  -2.9744  2.97584
1917  -0.092061  0.0103257  -2.9744  2.97584
1918  -3.02397  -0.333799  -5.35233  6.15656
1919  -1.61317  -0.419259  -6.37622  6.59047
1920  -1.48334  -0.432651  -6.35929  6.54431
1921  -1.48334  -0.432651  -6.35929  6.54431
1922  -0.623544  1.04799  -6.65728  6.76804
1923  0.444766  0.118571  -5.6658  5.68446
1924  1.28255  -0.618624  -6.38832  6.5451
1925  1.28255  -0.618624  -6.38832  6.5451
1926  1.28255  -0.618624  -6.38832  6.5451
1927  0.691729  -0.191493  -3.10382  3.18573
1928  -0.0042164  -0.576088  -2.18684  2.26145
1929  -0.0042164  -0.576088  -2.18684  2.26145
1930  -0.0042164  -0.576088  -2.18684  2.26145
1931  -0.0042164  -0.576088  -2.18684  2.26145
1932  -0.117484  0.506936  -0.683483  0.859031
1933  0.417954  -0.645202  -2.09674  2.23322
1934  0.417954  -0.645202  -2.09674  2.23322
1935  0.417954  -0.645202  -2.09674  2.23322
1936  0.417954  -0.645202  -2.09674  2.23322
1937  0.431854  -1.46697  -4.30789  4.57125
1938  0.431854  -1.46697  -4.30789  4.57125
1939  -0.463657  0.0740199  -4.14208  4.1686
1940  -1.00777  0.999661  -4.94905  5.14859
1941  -0.329538  2.05615  -1.74495  2.71684
1942  -2.13987  2.74584  -1.3771  3.74367
1943  -2.22953  2.32479  -4.42375  5.4722
1944  -3.9793  -0.692556  -3.13375  5.11223
1945  -3.77668  2.9806  -5.10946  7.01811
1946  -3.77668  2.9806  -5.10946  7.01811
1947  -3.77668  2.9806  -5.10946  7.01811
1948  -3.77668  2.9806  -5.10946  7.01811
1949  -3.71857  3.22703  -1.55388  5.16294
1950  -3.71857  3.22703  -1.55388  5.16294
1951  -3.71857  3.22703  -1.55388  5.16294
1952  -3.71857  3.22703  -1.55388  5.16294
1953  -3.20286  2.60069  -2.1421  4.64871
1954  -2.47754  -1.57186  -4.18066  5.10753
1955  -0.996763  0.523676  -3.13231  3.32853
1956  -0.152749  0.135266  -2.71395  2.72161
1957  -0.870273  0.0127629  -2.08287  2.25741
1958  -0.870273  0.0127629  -2.08287  2.25741
1959  -0.870273  0.0127629  -2.08287  2.25741
1960  -0.870273  0.0127629  -2.08287  2.25741
1961  -0.870273  0.0127629  -2.08287  2.25741
1962  -1.28174  0.640867  -1.76416  2.27285
1963  -0.204319  0.805029  -1.16308  1.42919
1964  -0.204319  0.805029  -1.16308  1.42919
1965  -0.204319  0.805029  -1.16308  1.42919
1966  -0.204319  0.805029  -1.16308  1.42919
1967  -1.88118  1.26797  -2.63174  3.47457
1968  -1.88118  1.26797  -2.63174  3.47457
1969  -1.88118  1.26797  -2.63174  3.47457
1970  -1.88118  1.26797  -2.63174  3.47457
1971  -1.37268  -1.20741  1.6343  2.45215
1972  -1.37268  -1.20741  1.6343  2.45215
1973  -1.90157  -1.13934  1.14026  2.49284
1974  -1.90157  -1.13934  1.14026  2.49284
1975  -1.90157  -1.13934  1.14026  2.49284
1976  0.113584  0.574551  1.92309  2.0103
1977  0.113584  0.574551  1.92309  2.0103
1978  0.113584  0.574551  1.92309  2.0103
1979  0.113584  0.574551  1.92309  2.0103
1980  1.65165  -0.996171  2.4183  3.0933
1981  1.65165  -0.996171  2.4183  3.0933
1982  1.65165  -0.996171  2.4183  3.0933
1983  1.65165  -0.996171  2.4183  3.0933
1984  0.380491  -0.587559  2.75158  2.83922
1985  0.380491  -0.587559  2.75158  2.83922
1986  0.380491  -0.587559  2.75158  2.83922
1987  0.380491  -0.587559  2.75158  2.83922
1988  0.380491  -0.587559  2.75158  2.83922
1989  0.380491  -0.587559  2.75158  2.83922
1990  3.4375  1.31348  3.8539  5.32862
1991  3.4375  1.31348  3.8539  5.32862
1992  0.820359  0.96479  6.07499  6.20559
1993  0.820359  0.96479  6.07499  6.20559
1994  0.820359  0.96479  6.07499  6.20559
1995  0.561842  1.74823  3.59547  4.03725
1996  0.561842  1.74823  3.59547  4.03725
1997  0.561842  1.74823  3.59547  4.03725
1998  1.12799  0.640406  4.49642  4.67978
1999  1.12799  0.640406  4.49642  4.67978
2000  0.963035  0.0537781  5.31347  5.4003
