0 0  0  20  20
1  0.463756  -1.48438  18.0735  18.1403
2  0.0198269  -4.3076  18.6565  19.1474
3  -1.00541  -5.76627  18.3522  19.263
4  -0.672504  -6.99736  15.2213  16.7662
5  -0.574668  -8.82623  12.9432  15.6767
6  -0.574668  -8.82623  12.9432  15.6767
7  0.0403883  -6.51678  12.5375  14.13
8  0.0403883  -6.51678  12.5375  14.13
9  3.95677  -3.09442  13.4888  14.3937
10  4.86832  -3.36471  12.0991  13.4689
11  7.02168  -2.06579  11.2157  13.3927
12  7.86711  -1.99941  11.1883  13.8227
13  8.54839  0.592658  10.3061  13.403
14  6.95825  0.849461  8.26462  10.8371
15  6.95825  0.849461  8.26462  10.8371
16  7.26854  0.985405  7.99752  10.8519
17  7.26854  0.985405  7.99752  10.8519
18  4.80196  4.06486  8.5921  10.6492
19  4.80196  4.06486  8.5921  10.6492
20  4.2883  0.825695  12.4093  13.1553
21  4.19553  -0.972721  10.2802  11.1459
22  4.19553  -0.972721  10.2802  11.1459
23  4.50429  3.73888  9.91725  11.5161
24  4.57844  1.68582  7.43138  8.88985
25  3.91444  -1.45356  5.09467  6.58721
26  3.91444  -1.45356  5.09467  6.58721
27  3.91444  -1.45356  5.09467  6.58721
28  3.91444  -1.45356  5.09467  6.58721
29  3.91444  -1.45356  5.09467  6.58721
30  4.37679  -1.67406  5.2259  7.01917
31  4.83335  -3.88651  3.41029  7.07788
32  6.83921  -4.01802  3.77932  8.7865
33  7.38962  -4.31942  3.26302  9.1603
34  8.55141  -4.69697  3.28238  10.2938
35  8.55141  -4.69697  3.28238  10.2938
36  8.55141  -4.69697  3.28238  10.2938
37  6.91223  -5.20545  1.5702  8.79438
38  4.81933  -5.81383  2.67827  8.01247
39  2.70738  -6.86958  2.20126  7.70497
40  2.70738  -6.86958  2.20126  7.70497
41  2.70738  -6.86958  2.20126  7.70497
42  2.70738  -6.86958  2.20126  7.70497
43  -0.507914  -7.01031  1.96189  7.29736
44  1.91147  -4.21686  2.10469  5.0858
45  0.45095  -3.62293  0.701227  3.71762
46  0.45095  -3.62293  0.701227  3.71762
47  1.64802  -1.79236  -1.23074  2.72823
48  1.64802  -1.79236  -1.23074  2.72823
49  1.64802  -1.79236  -1.23074  2.72823
50  2.08939  2.08112  -4.27023  5.18955
51  2.08939  2.08112  -4.27023  5.18955
52  2.08939  2.08112  -4.27023  5.18955
53  0.343907  1.47279  -3.06933  3.42172
54  0.343907  1.47279  -3.06933  3.42172
55  0.343907  1.47279  -3.06933  3.42172
56  0.343907  1.47279  -3.06933  3.42172
57  0.343907  1.47279  -3.06933  3.42172
58  0.675345  4.2171  -2.63984  5.02084
59  -2.39803  0.911481  -2.82875  3.81879
60  -3.34789  -0.739948  -2.09736  4.01931
61  -3.34789  -0.739948  -2.09736  4.01931
62  -2.76318  -0.238917  -4.08194  4.93503
63  -3.32605  0.325398  -4.00644  5.21728
64  -3.32605  0.325398  -4.00644  5.21728
65  -3.32605  0.325398  -4.00644  5.21728
66  -3.32605  0.325398  -4.00644  5.21728
67  -5.17026  1.17909  -4.4262  6.90746
68  -3.62945  -3.01039  -5.9185  7.5673
69  -3.86409  -5.11877  -8.5694  10.7036
70  -3.86409  -5.11877  -8.5694  10.7036
71  -3.86409  -5.11877  -8.5694  10.7036
72  -3.50098  -5.61845  -8.1451  10.496
73  -3.50098  -5.61845  -8.1451  10.496
74  -2.23724  -4.1284  -7.62442  8.95436
75  -2.23724  -4.1284  -7.62442  8.95436
76  -2.23724  -4.1284  -7.62442  8.95436
77  -1.26247  -5.03749  -4.72953  7.02414
78  -0.471789  -4.78348  -3.55694  5.97964
79  -0.855052  -3.61054  -1.18403  3.89474
80  1.64108  -3.03791  -0.957591  3.58316
81  0.151448  -4.07109  1.40194  4.30838
82  -1.81406  -3.28489  1.12555  3.91767
83  -1.53461  -0.0807678  5.64164  5.8472
84  -2.69564  -0.944587  5.9169  6.57027
85  -2.69564  -0.944587  5.9169  6.57027
86  -2.69564  -0.944587  5.9169  6.57027
87  -3.33665  -2.05381  5.51578  6.76574
88  -3.33665  -2.05381  5.51578  6.76574
89  -2.51987  -4.52937  5.44046  7.51422
90  -2.51987  -4.52937  5.44046  7.51422
91  -4.22499  -1.57566  3.77206  5.87892
92  -2.34821  -0.658032  4.52268  5.13826
93  -2.34821  -0.658032  4.52268  5.13826
94  -2.34821  -0.658032  4.52268  5.13826
95  1.21903  0.487425  3.80828  4.02823
96  1.21903  0.487425  3.80828  4.02823
97  1.21903  0.487425  3.80828  4.02823
98  1.21903  0.487425  3.80828  4.02823
99  1.21903  0.487425  3.80828  4.02823
100  2.00597  -1.89285  3.43821  4.40774
101  2.00597  -1.89285  3.43821  4.40774
102  1.25095  -1.4368  4.80975  5.17329
103  1.37188  1.59506  4.65375  5.10722
104  2.08294  0.315949  4.90353  5.33695
105  2.08294  0.315949  4.90353  5.33695
106  -2.30249  1.81608  1.91296  3.50128
107  -2.30249  1.81608  1.91296  3.50128
108  -1.10016  1.17505  1.60259  2.27143
109  -1.10016  1.17505  1.60259  2.27143
110  -1.10016  1.17505  1.60259  2.27143
111  -1.10016  1.17505  1.60259  2.27143
112  -1.10016  1.17505  1.60259  2.27143
113  -0.582859  0.137875  0.775518  0.979878
114  -0.582859  0.137875  0.775518  0.979878
115  0.153608  -2.6346  2.17309  3.41863
116  0.153608  -2.6346  2.17309  3.41863
117  0.153608  -2.6346  2.17309  3.41863
118  0.153608  -2.6346  2.17309  3.41863
119  0.153608  -2.6346  2.17309  3.41863
120  0.659173  -0.147727  2.92599  3.00296
121  0.659173  -0.147727  2.92599  3.00296
122  0.659173  -0.147727  2.92599  3.00296
123  0.659173  -0.147727  2.92599  3.00296
124  0.659173  -0.147727  2.92599  3.00296
125  0.659173  -0.147727  2.92599  3.00296
126  -0.162105  0.819802  4.33094  4.41082
127  -3.2382  0.0685192  2.89258  4.34255
128  -3.2382  0.0685192  2.89258  4.34255
129  -2.50971  -3.29367  4.57619  6.17158
130  -2.24394  -2.23109  5.6164  6.44647
131  -2.24394  -2.23109  5.6164  6.44647
132  -2.24394  -2.23109  5.6164  6.44647
133  -0.21776  -3.02004  0.909196  3.16144
134  -3.49592  -2.77658  -2.47576  5.10492
135  -3.49592  -2.77658  -2.47576  5.10492
136  -3.49592  -2.77658  -2.47576  5.10492
137  -3.49592  -2.77658  -2.47576  5.10492
138  -3.49592  -2.77658  -2.47576  5.10492
139  -3.49592  -2.77658  -2.47576  5.10492
140  -2.09724  -4.67549  -6.22291  8.06121
141  -2.09724  -4.67549  -6.22291  8.06121
142  -2.09724  -4.67549  -6.22291  8.06121
143  -0.943216  -4.67672  -4.16928  6.33595
144  -0.943216  -4.67672  -4.16928  6.33595
145  0.3123  -3.12633  -3.48094  4.68918
146  0.3123  -3.12633  -3.48094  4.68918
147  2.11465  -2.78651  -3.08377  4.66326
148  2.89187  -1.01271  -3.18112  4.41679
149  2.10141  2.37137  -2.66221  4.13844
150  2.10141  2.37137  -2.66221  4.13844
151  1.18102  -0.971566  -0.900736  1.77485
152  4.385  -0.825252  2.30313  5.02133
153  5.12015  -0.22952  2.28725  5.6125
154  5.12015  -0.22952  2.28725  5.6125
155  3.13232  -2.26876  2.97522  4.87961
156  3.13232  -2.26876  2.97522  4.87961
157  3.67667  0.867443  3.70868  5.29383
158  2.96977  1.15822  5.21372  6.11096
159  1.94835  1.81917  2.15403  3.42714
160  1.94835  1.81917  2.15403  3.42714
161  1.94835  1.81917  2.15403  3.42714
162  3.56286  0.387624  2.06307  4.13528
163  3.56286  0.387624  2.06307  4.13528
164  3.56286  0.387624  2.06307  4.13528
165  1.30458  3.44251  -2.01734  4.19791
166  1.30458  3.44251  -2.01734  4.19791
167  -0.677858  6.2206  -2.53106  6.74993
168  1.09536  6.0851  2.98001  6.86358
169  4.09081  5.84812  6.19848  9.45285
170  4.09081  5.84812  6.19848  9.45285
171  6.01341  2.61024  3.25583  7.31949
172  6.01341  2.61024  3.25583  7.31949
173  2.00445  -0.0673448  2.79953  3.4438
174  0.856336  -0.0899632  2.12756  2.29519
175  0.667566  -1.56678  1.66306  2.38038
176  0.667566  -1.56678  1.66306  2.38038
177  0.673381  2.04182  -1.22131  2.47267
178  0.673381  2.04182  -1.22131  2.47267
179  0.673381  2.04182  -1.22131  2.47267
180  -1.56909  3.70175  -3.47392  5.31348
181  0.279139  1.80381  -0.201104  1.83633
182  2.94275  2.57258  2.75538  4.78226
183  0.289852  -0.91593  1.32304  1.63505
184  0.466877  0.118057  2.41145  2.45906
185  0.924917  -0.277748  3.67648  3.8012
186  0.924917  -0.277748  3.67648  3.8012
187  2.117  -0.58137  5.78865  6.19098
188  1.82974  -0.120338  6.42945  6.68582
189  1.82974  -0.120338  6.42945  6.68582
190  1.82974  -0.120338  6.42945  6.68582
191  3.79098  0.181768  4.95274  6.23973
192  0.602384  1.43114  2.98865  3.36795
193  0.602384  1.43114  2.98865  3.36795
194  -1.72397  0.243712  1.44275  2.26119
195  -2.63653  -0.84931  5.5474  6.2005
196  -0.687633  0.293234  4.78268  4.84075
197  -0.235303  -2.6146  7.02096  7.49569
198  -0.235303  -2.6146  7.02096  7.49569
199  -2.096  -0.396272  6.02087  6.38758
200  -0.387959  -1.02106  6.54483  6.63535
201  -3.349  -2.50389  8.38158  9.36676
202  -2.45256  -5.03072  8.6337  10.289
203  -5.66417  -4.14912  8.32947  10.8939
204  -6.29444  -2.86925  10.4119  12.5004
205  -5.09804  -2.65314  7.50647  9.45391
206  -3.84471  -4.45476  5.63311  8.14608
207  -3.84471  -4.45476  5.63311  8.14608
208  -3.84471  -4.45476  5.63311  8.14608
209  -3.84471  -4.45476  5.63311  8.14608
210  -3.08929  -1.83485  6.63231  7.54307
211  -3.08929  -1.83485  6.63231  7.54307
212  0.232195  -1.15986  5.98472  6.10049
213  0.700358  0.241787  9.01452  9.04492
214  -0.887174  2.60458  6.25273  6.83136
215  -2.39959  2.17427  5.15047  6.08382
216  -0.725562  3.48172  4.30764  5.58611
217  -0.44643  2.00132  7.70088  7.9692
218  0.0142787  -1.38475  6.50446  6.65024
219  0.0142787  -1.38475  6.50446  6.65024
220  -3.46368  -3.52805  7.63159  9.09315
221  -2.2126  -1.74401  5.32113  6.02093
222  -2.2126  -1.74401  5.32113  6.02093
223  -2.2126  -1.74401  5.32113  6.02093
224  -1.55665  1.5023  3.72811  4.31032
225  -1.55665  1.5023  3.72811  4.31032
226  -2.03773  0.171054  3.93971  4.4388
227  -2.03773  0.171054  3.93971  4.4388
228  -2.03773  0.171054  3.93971  4.4388
229  -2.35  2.81827  4.57702  5.86637
230  -4.29946  1.67577  2.19872  5.11155
231  -4.29946  1.67577  2.19872  5.11155
232  -2.498  1.74845  3.07693  4.33181
233  -2.95767  0.547719  2.8447  4.14006
234  -2.95767  0.547719  2.8447  4.14006
235  -2.95767  0.547719  2.8447  4.14006
236  -2.95767  0.547719  2.8447  4.14006
237  -3.10753  1.11769  2.6503  4.23439
238  -3.10753  1.11769  2.6503  4.23439
239  -3.10753  1.11769  2.6503  4.23439
240  -3.10753  1.11769  2.6503  4.23439
241  -3.10753  1.11769  2.6503  4.23439
242  -3.9464  0.723257  2.42805  4.68962
243  -1.53397  1.20047  3.1791  3.72839
244  -1.53397  1.20047  3.1791  3.72839
245  -1.70085  0.536718  4.24086  4.60063
246  0.260767  -0.531642  5.08887  5.1232
247  -0.761178  -1.08335  5.20686  5.37256
248  -0.761178  -1.08335  5.20686  5.37256
249  -0.761178  -1.08335  5.20686  5.37256
250  -1.23084  -3.55645  7.45885  8.35451
251  -1.23084  -3.55645  7.45885  8.35451
252  0.737866  -4.28388  6.80185  8.07225
253  0.610357  -8.55568  6.93778  11.032
254  0.610357  -8.55568  6.93778  11.032
255  -0.168077  -6.75725  4.8251  8.30483
256  -2.92707  -5.41171  4.34462  7.53193
257  -1.93895  -4.74579  4.48018  6.80838
258  -0.804664  -6.35994  4.37765  7.76274
259  -0.804664  -6.35994  4.37765  7.76274
260  -0.804664  -6.35994  4.37765  7.76274
261  -0.804664  -6.35994  4.37765  7.76274
262  -0.804664  -6.35994  4.37765  7.76274
263  -0.804664  -6.35994  4.37765  7.76274
264  0.303237  -4.82049  3.1811  5.78346
265  0.303237  -4.82049  3.1811  5.78346
266  0.303237  -4.82049  3.1811  5.78346
267  1.83538  -2.30611  4.93459  5.74778
268  1.83538  -2.30611  4.93459  5.74778
269  1.83538  -2.30611  4.93459  5.74778
270  2.29913  -1.66709  1.60344  3.26132
271  2.29913  -1.66709  1.60344  3.26132
272  -0.763127  0.810484  5.35095  5.46552
273  -0.763127  0.810484  5.35095  5.46552
274  -0.670575  0.803481  2.75948  2.95127
275  -0.670575  0.803481  2.75948  2.95127
276  -0.670575  0.803481  2.75948  2.95127
277  1.21225  0.838576  1.39794  2.0315
278  -1.1015  1.77739  -2.12963  2.98459
279  -1.1015  1.77739  -2.12963  2.98459
280  -1.1015  1.77739  -2.12963  2.98459
281  -1.1015  1.77739  -2.12963  2.98459
282  -1.1015  1.77739  -2.12963  2.98459
283  -1.1015  1.77739  -2.12963  2.98459
284  -1.1015  1.77739  -2.12963  2.98459
285  -1.1015  1.77739  -2.12963  2.98459
286  -0.489932  2.39019  -2.91259  3.7995
287  1.40949  0.938574  -4.75827  5.05062
288  1.24281  2.01442  -3.26824  4.03533
289  1.24281  2.01442  -3.26824  4.03533
290  1.24281  2.01442  -3.26824  4.03533
291  -0.31451  2.29874  -2.38258  3.32563
292  -0.460545  3.10067  -2.62026  4.08559
293  -0.460545  3.10067  -2.62026  4.08559
294  -1.43979  2.10834  -3.3176  4.18623
295  -1.43979  2.10834  -3.3176  4.18623
296  0.226076  1.66031  -2.17767  2.74772
297  0.226076  1.66031  -2.17767  2.74772
298  0.226076  1.66031  -2.17767  2.74772
299  -1.00407  2.75373  -2.62238  3.93295
300  -1.00407  2.75373  -2.62238  3.93295
301  -1.00407  2.75373  -2.62238  3.93295
302  -0.710301  2.43038  -3.18771  4.07097
303  1.20125  0.361998  -2.68306  2.96189
304  1.23836  -1.8172  -1.75775  2.81522
305  1.23836  -1.8172  -1.75775  2.81522
306  3.89715  -0.787696  1.68794  4.31941
307  5.19231  0.631707  3.37349  6.22411
308  5.19231  0.631707  3.37349  6.22411
309  4.26525  2.95662  4.14801  6.6438
310  1.56894  5.15281  3.10384  6.21666
311  -0.0419016  4.68486  2.71593  5.41535
312  0.272378  4.51108  4.99037  6.7326
313  0.272378  4.51108  4.99037  6.7326
314  -2.41465  5.14119  2.8991  6.37708
315  -2.41465  5.14119  2.8991  6.37708
316  -3.30846  3.72979  2.3379  5.50664
317  -3.46289  2.54535  4.61684  6.30759
318  -3.46289  2.54535  4.61684  6.30759
319  -3.46289  2.54535  4.61684  6.30759
320  -1.38797  2.3591  7.00535  7.52109
321  -1.41226  2.28307  3.43621  4.36055
322  -1.48075  1.67107  1.84938  2.89919
323  -1.48075  1.67107  1.84938  2.89919
324  -1.48075  1.67107  1.84938  2.89919
325  -0.634657  0.575913  2.98478  3.10538
326  -0.634657  0.575913  2.98478  3.10538
327  -0.634657  0.575913  2.98478  3.10538
328  1.11921  1.74662  1.55767  2.59416
329  1.11921  1.74662  1.55767  2.59416
330  0.791036  0.42163  3.26643  3.38719
331  0.791036  0.42163  3.26643  3.38719
332  0.791036  0.42163  3.26643  3.38719
333  -0.746761  -0.340359  4.83234  4.90153
334  -0.746761  -0.340359  4.83234  4.90153
335  -1.66534  1.14045  5.50706  5.86529
336  -1.66534  1.14045  5.50706  5.86529
337  -1.66534  1.14045  5.50706  5.86529
338  -4.56348  2.67085  7.16251  8.90283
339  -6.82994  0.338411  6.07364  9.14613
340  -6.82994  0.338411  6.07364  9.14613
341  -6.82994  0.338411  6.07364  9.14613
342  -4.07859  -3.14159  3.03862  5.9781
343  0.0309813  -3.41703  0.969411  3.55202
344  1.82881  -1.67729  1.16159  2.73992
345  1.82881  -1.67729  1.16159  2.73992
346  0.557947  -1.30138  2.40473  2.79063
347  0.557947  -1.30138  2.40473  2.79063
348  0.557947  -1.30138  2.40473  2.79063
349  0.557947  -1.30138  2.40473  2.79063
350  0.557947  -1.30138  2.40473  2.79063
351  0.557947  -1.30138  2.40473  2.79063
352  0.557947  -1.30138  2.40473  2.79063
353  0.557947  -1.30138  2.40473  2.79063
354  0.557947  -1.30138  2.40473  2.79063
355  -0.755545  -2.29324  -2.44756  3.43807
356  -2.58241  1.61951  -2.66278  4.04747
357  -2.58241  1.61951  -2.66278  4.04747
358  -2.58241  1.61951  -2.66278  4.04747
359  -2.58241  1.61951  -2.66278  4.04747
360  -1.54825  -0.983525  -4.16827  4.554
361  -2.56565  -1.47511  -3.05107  4.25059
362  -2.56565  -1.47511  -3.05107  4.25059
363  -0.53476  -1.41496  -2.07476  2.56762
364  -0.842803  -0.461138  -0.826405  1.26724
365  -0.842803  -0.461138  -0.826405  1.26724
366  2.07323  -4.44294  1.29927  5.07209
367  1.09451  -6.06631  3.35543  7.01834
368  1.09451  -6.06631  3.35543  7.01834
369  -1.44026  -6.32449  -1.03225  6.56803
370  -1.44026  -6.32449  -1.03225  6.56803
371  -0.739986  -5.27712  -3.45774  6.35229
372  -4.46569  -5.41098  -3.26045  7.73639
373  -5.09186  -5.02577  -2.43925  7.5588
374  -5.09186  -5.02577  -2.43925  7.5588
375  -3.68779  -1.73123  -1.55115  4.35924
376  -3.68779  -1.73123  -1.55115  4.35924
377  -2.68731  -2.17768  -1.74867  3.87579
378  -2.68731  -2.17768  -1.74867  3.87579
379  -2.68731  -2.17768  -1.74867  3.87579
380  -1.47552  -3.17788  -3.46487  4.92761
381  -1.47552  -3.17788  -3.46487  4.92761
382  -1.47552  -3.17788  -3.46487  4.92761
383  -2.12683  0.114336  -5.31033  5.72154
384  -2.12683  0.114336  -5.31033  5.72154
385  -2.68527  -0.327784  -3.15931  4.15925
386  -2.68527  -0.327784  -3.15931  4.15925
387  -2.68527  -0.327784  -3.15931  4.15925
388  -2.68527  -0.327784  -3.15931  4.15925
389  -3.82262  0.314821  -3.78785  5.39068
390  0.0419501  0.346713  -5.46544  5.47658
391  0.0419501  0.346713  -5.46544  5.47658
392  -0.292339  0.134372  -5.58996  5.59921
393  -0.224224  0.701386  -4.13203  4.19713
394  -0.224224  0.701386  -4.13203  4.19713
395  1.12966  0.329677  -1.72795  2.0906
396  1.12966  0.329677  -1.72795  2.0906
397  1.12966  0.329677  -1.72795  2.0906
398  1.12966  0.329677  -1.72795  2.0906
399  -1.27326  -1.06426  -1.12537  2.00507
400  -0.860378  -3.78006  -3.15759  4.99995
401  1.53061  -6.76827  -5.47126  8.83668
402  1.93086  -6.17646  -2.55668  6.95798
403  4.91384  -4.04876  -2.63671  6.89134
404  3.70333  -4.40751  -1.61221  5.97829
405  3.70333  -4.40751  -1.61221  5.97829
406  1.44358  -2.38053  -1.24832  3.05109
407  1.44358  -2.38053  -1.24832  3.05109
408  2.30479  -2.30705  -2.03755  3.84528
409  1.05145  -0.441566  -2.92577  3.14016
410  1.29784  -1.20703  -3.3948  3.82962
411  1.29784  -1.20703  -3.3948  3.82962
412  1.29784  -1.20703  -3.3948  3.82962
413  -0.702813  -1.73044  -4.28864  4.67769
414  1.43869  -1.18718  -5.79395  6.08679
415  -0.746429  0.0565971  -5.69033  5.73936
416  -0.746429  0.0565971  -5.69033  5.73936
417  -0.866949  -0.0211511  -5.30322  5.37366
418  -0.866949  -0.0211511  -5.30322  5.37366
419  -0.866949  -0.0211511  -5.30322  5.37366
420  -0.674068  0.945595  -3.93127  4.0992
421  -0.674068  0.945595  -3.93127  4.0992
422  -0.713331  0.0763853  -5.038  5.08883
423  -0.713331  0.0763853  -5.038  5.08883
424  -0.713331  0.0763853  -5.038  5.08883
425  -2.23944  -1.8151  -3.23132  4.33026
426  -2.23944  -1.8151  -3.23132  4.33026
427  -2.23944  -1.8151  -3.23132  4.33026
428  -2.45036  0.594202  -3.04719  3.95509
429  -2.45036  0.594202  -3.04719  3.95509
430  -2.45036  0.594202  -3.04719  3.95509
431  -0.859047  1.04597  -2.07491  2.47735
432  -0.859047  1.04597  -2.07491  2.47735
433  -0.859047  1.04597  -2.07491  2.47735
434  0.966066  1.40201  -4.76819  5.06306
435  2.15655  1.74927  -4.57113  5.34844
436  2.15655  1.74927  -4.57113  5.34844
437  1.00671  2.2276  -3.9795  4.67034
438  1.00671  2.2276  -3.9795  4.67034
439  1.00671  2.2276  -3.9795  4.67034
440  -1.51623  1.39032  -7.67707  7.94791
441  -0.941388  3.20153  -6.50308  7.30931
442  -2.67073  3.4665  -5.78786  7.25594
443  -1.58535  4.17013  -3.44836  5.63866
444  -1.58535  4.17013  -3.44836  5.63866
445  1.08515  2.07448  -2.67065  3.55153
446  2.42347  2.53309  -3.49555  4.95062
447  2.42347  2.53309  -3.49555  4.95062
448  2.42347  2.53309  -3.49555  4.95062
449  2.42347  2.53309  -3.49555  4.95062
450  4.56208  1.84996  -4.0278  6.36067
451  4.56208  1.84996  -4.0278  6.36067
452  4.11402  0.816882  -4.33248  6.03016
453  5.22865  4.22541  -5.92066  8.95807
454  2.22225  1.78984  -6.54251  7.13767
455  2.22225  1.78984  -6.54251  7.13767
456  3.74826  -1.26605  -8.61402  9.47912
457  3.98882  -3.67828  -5.06733  7.42417
458  3.98882  -3.67828  -5.06733  7.42417
459  3.65814  -4.77189  -5.63768  8.24235
460  3.65814  -4.77189  -5.63768  8.24235
461  3.65814  -4.77189  -5.63768  8.24235
462  -0.0947195  -4.69866  -5.65519  7.35307
463  1.70639  -3.41759  -3.65897  5.28959
464  1.70639  -3.41759  -3.65897  5.28959
465  -1.6043  0.352639  -5.05378  5.31402
466  -1.6043  0.352639  -5.05378  5.31402
467  -1.6043  0.352639  -5.05378  5.31402
468  1.03528  1.31002  -5.29343  5.55053
469  1.27291  0.778897  -6.5578  6.72545
470  1.27291  0.778897  -6.5578  6.72545
471  1.27291  0.778897  -6.5578  6.72545
472  3.06842  2.79948  -8.21303  9.20359
473  3.06842  2.79948  -8.21303  9.20359
474  2.04189  1.31701  -8.74528  9.07655
475  4.31023  4.05095  -7.41038  9.48167
476  4.31023  4.05095  -7.41038  9.48167
477  6.10605  5.22175  -6.70806  10.4665
478  7.77275  3.51657  -3.09475  9.07521
479  7.77275  3.51657  -3.09475  9.07521
480  7.77275  3.51657  -3.09475  9.07521
481  4.97415  6.07504  -6.78828  10.3793
482  4.97415  6.07504  -6.78828  10.3793
483  3.89362  7.44869  -4.74118  9.64997
484  3.94277  5.81288  -3.15693  7.70073
485  3.94277  5.81288  -3.15693  7.70073
486  3.94277  5.81288  -3.15693  7.70073
487  3.94277  5.81288  -3.15693  7.70073
488  3.94277  5.81288  -3.15693  7.70073
489  3.79048  5.87737  -3.16113  7.67489
490  4.08817  5.58401  -3.59547  7.79883
491  4.0479  3.44022  -5.30063  7.50448
492  3.10376  4.15361  -4.70088  6.99886
493  0.154498  5.86752  -2.57048  6.40773
494  -0.453238  3.35552  -1.78169  3.82614
495  -0.453238  3.35552  -1.78169  3.82614
496  -0.453238  3.35552  -1.78169  3.82614
497  -1.6735  1.87515  1.99492  3.20882
498  -1.6735  1.87515  1.99492  3.20882
499  -2.02298  -0.127798  2.05714  2.88801
500  -3.29606  -0.255963  2.64774  4.23557
501  -3.29606  -0.255963  2.64774  4.23557
502  -3.29606  -0.255963  2.64774  4.23557
503  -2.90288  1.75128  1.88467  3.87888
504  -2.90288  1.75128  1.88467  3.87888
505  -1.84485  4.37512  1.44329  4.96269
506  -1.55613  0.8135  2.06634  2.71166
507  -1.07987  2.29027  3.38836  4.22994
508  -1.02596  1.4773  2.67534  3.22374
509  -1.02596  1.4773  2.67534  3.22374
510  -1.02596  1.4773  2.67534  3.22374
511  -1.02596  1.4773  2.67534  3.22374
512  -1.02596  1.4773  2.67534  3.22374
513  -1.02596  1.4773  2.67534  3.22374
514  0.457089  -0.935051  3.67897  3.82336
515  1.19676  2.24444  3.29343  4.16131
516  1.19676  2.24444  3.29343  4.16131
517  1.36998  0.849105  2.70808  3.15143
518  1.36998  0.849105  2.70808  3.15143
519  1.36998  0.849105  2.70808  3.15143
520  1.36998  0.849105  2.70808  3.15143
521  1.36998  0.849105  2.70808  3.15143
522  1.36998  0.849105  2.70808  3.15143
523  1.36998  0.849105  2.70808  3.15143
524  1.36998  0.849105  2.70808  3.15143
525  1.84613  1.18312  3.66629  4.27196
526  -0.0569859  3.56709  1.80201  3.99683
527  -0.0569859  3.56709  1.80201  3.99683
528  -0.352395  2.35278  3.42982  4.17414
529  2.09167  3.02673  4.41272  5.74528
530  1.95095  2.90354  6.03556  6.97601
531  -1.40511  2.73737  7.38375  7.9992
532  0.642462  2.26807  5.72138  6.18798
533  0.421147  3.11149  3.7959  4.92622
534  0.977624  3.10621  2.43637  4.06696
535  1.07226  2.06574  -1.84868  2.97232
536  1.92727  4.05394  3.52841  5.70951
537  0.641113  1.42554  5.28818  5.51435
538  0.641113  1.42554  5.28818  5.51435
539  0.641113  1.42554  5.28818  5.51435
540  -0.256117  1.6932  6.18351  6.41625
541  -0.186684  3.20472  1.99683  3.78053
542  -0.186684  3.20472  1.99683  3.78053
543  -0.0473701  2.11749  1.20541  2.43701
544  -0.0473701  2.11749  1.20541  2.43701
545  -0.0473701  2.11749  1.20541  2.43701
546  4.69412  4.44096  4.70827  7.99529
547  4.69412  4.44096  4.70827  7.99529
548  2.77486  1.9127  4.55348  5.66502
549  2.77486  1.9127  4.55348  5.66502
550  2.77486  1.9127  4.55348  5.66502
551  2.77486  1.9127  4.55348  5.66502
552  2.77486  1.9127  4.55348  5.66502
553  2.89967  2.24177  6.63802  7.58267
554  1.22939  4.42389  5.99317  7.54986
555  0.521579  3.94879  5.98782  7.1916
556  -0.917816  5.87965  8.34586  10.2502
557  -2.14295  4.41734  8.91182  10.1748
558  -1.76237  4.15019  9.72418  10.7187
559  -2.74403  4.41778  8.67713  10.1163
560  -1.69426  4.80873  5.44743  7.46116
561  -0.200743  4.82618  4.15564  6.37194
562  -0.200743  4.82618  4.15564  6.37194
563  -0.783833  5.00004  4.77946  6.96118
564  -1.40035  1.8662  7.0981  7.47173
565  1.94586  1.49655  7.59504  7.98189
566  1.94586  1.49655  7.59504  7.98189
567  1.94586  1.49655  7.59504  7.98189
568  1.94586  1.49655  7.59504  7.98189
569  2.28536  2.93905  7.03747  7.96159
570  1.562  -4.18846  9.54499  10.5399
571  1.562  -4.18846  9.54499  10.5399
572  -0.0173602  -4.06243  9.30865  10.1565
573  -0.0173602  -4.06243  9.30865  10.1565
574  -0.947662  -5.94826  7.05343  9.27528
575  -1.82455  -5.70025  5.72004  8.27893
576  -1.82455  -5.70025  5.72004  8.27893
577  -0.893626  -7.04649  6.3708  9.54142
578  -0.893626  -7.04649  6.3708  9.54142
579  0.667789  -7.12558  5.50482  9.029
580  1.58372  -5.99485  5.91399  8.56864
581  1.58372  -5.99485  5.91399  8.56864
582  0.240254  -6.63002  4.67515  8.11615
583  -0.698412  -4.77355  2.19719  5.30115
584  -1.99265  -3.28297  0.559539  3.88093
585  0.426031  -2.82895  0.756059  2.95907
586  2.11605  -3.33829  2.10253  4.47688
587  2.70051  -2.86574  2.60641  4.72214
588  0.196882  -0.311715  4.39833  4.41376
589  0.83905  -1.48564  1.04312  1.99981
590  -0.949795  0.981193  1.61829  2.11747
591  -0.949795  0.981193  1.61829  2.11747
592  -2.65711  1.83994  2.87751  4.32732
593  -2.65711  1.83994  2.87751  4.32732
594  -3.24232  3.71494  6.27432  7.98001
595  -1.93082  3.4228  7.45226  8.42495
596  -1.93082  3.4228  7.45226  8.42495
597  -0.133162  0.90642  8.66104  8.70936
598  -1.88932  -0.086731  8.76668  8.96838
599  -1.88932  -0.086731  8.76668  8.96838
600  0.880318  -0.961454  4.87991  5.05103
601  0.880318  -0.961454  4.87991  5.05103
602  0.880318  -0.961454  4.87991  5.05103
603  0.981023  -2.34967  4.87519  5.50008
604  0.883408  -2.6955  3.74417  4.69734
605  -0.118929  -1.7964  3.07126  3.56004
606  -0.118929  -1.7964  3.07126  3.56004
607  -0.118929  -1.7964  3.07126  3.56004
608  -0.118929  -1.7964  3.07126  3.56004
609  -0.118929  -1.7964  3.07126  3.56004
610  1.45045  -0.979271  4.99632  5.29395
611  2.6467  1.66901  4.14627  5.19444
612  0.786017  2.37281  2.39121  3.45918
613  0.786017  2.37281  2.39121  3.45918
614  0.786017  2.37281  2.39121  3.45918
615  0.786017  2.37281  2.39121  3.45918
616  0.786017  2.37281  2.39121  3.45918
617  0.598317  2.15515  3.82334  4.42951
618  2.09958  0.151797  6.01156  6.36947
619  2.231  2.05212  3.62866  4.72819
620  2.231  2.05212  3.62866  4.72819
621  -0.628739  1.03427  1.70463  2.09064
622  -0.628739  1.03427  1.70463  2.09064
623  -0.628739  1.03427  1.70463  2.09064
624  -0.628739  1.03427  1.70463  2.09064
625  0.506895  0.118524  3.87319  3.90801
626  0.506895  0.118524  3.87319  3.90801
627  0.506895  0.118524  3.87319  3.90801
628  0.873392  0.154415  4.43918  4.52692
629  0.873392  0.154415  4.43918  4.52692
630  -0.093624  0.743591  4.75187  4.81061
631  -0.441801  1.89616  2.28388  3.00112
632  -0.441801  1.89616  2.28388  3.00112
633  -2.52656  0.0618527  2.25816  3.38919
634  -2.52656  0.0618527  2.25816  3.38919
635  0.809523  -0.467092  6.69784  6.76273
636  0.690642  -1.74226  6.04108  6.32512
637  0.0952634  -2.55007  6.80335  7.26619
638  0.0952634  -2.55007  6.80335  7.26619
639  -0.38412  -2.14057  5.25545  5.68765
640  -0.38412  -2.14057  5.25545  5.68765
641  -0.810687  -3.33002  4.90291  5.98204
642  -0.810687  -3.33002  4.90291  5.98204
643  -2.13371  -1.61927  4.09467  4.89296
644  -2.13371  -1.61927  4.09467  4.89296
645  -0.932997  -3.14985  5.13962  6.09982
646  -0.441893  -5.33716  7.16378  8.94429
647  -0.441893  -5.33716  7.16378  8.94429
648  1.49106  -4.70743  2.92224  5.73783
649  3.79647  -3.62264  6.50653  8.35892
650  4.3628  -5.14906  5.42439  8.65857
651  4.3628  -5.14906  5.42439  8.65857
652  4.3628  -5.14906  5.42439  8.65857
653  4.3628  -5.14906  5.42439  8.65857
654  4.3628  -5.14906  5.42439  8.65857
655  5.89018  -6.94172  6.69874  11.3029
656  4.81847  -4.87699  8.46954  10.8966
657  4.89121  -3.01769  8.36097  10.1457
658  5.50671  -5.34657  8.79666  11.6744
659  3.80607  -6.13355  7.57314  10.4623
660  3.80607  -6.13355  7.57314  10.4623
661  3.80607  -6.13355  7.57314  10.4623
662  3.66909  -6.45535  7.39877  10.4822
663  3.66909  -6.45535  7.39877  10.4822
664  6.31937  -3.36125  5.93104  9.29568
665  6.31937  -3.36125  5.93104  9.29568
666  2.09942  -4.20465  9.07788  10.2223
667  2.09942  -4.20465  9.07788  10.2223
668  3.40142  -3.19671  9.65939  10.7281
669  3.40142  -3.19671  9.65939  10.7281
670  1.39512  -1.9829  8.61364  8.94835
671  0.876116  -4.26977  7.73822  8.88136
672  1.34654  -4.20465  8.90093  9.93574
673  1.34654  -4.20465  8.90093  9.93574
674  0.776967  -5.71769  7.83157  9.72775
675  0.890188  -4.97896  8.06635  9.52096
676  -0.0245219  -3.5838  6.90614  7.78068
677  0.190322  -6.9904  5.14894  8.6841
678  0.327916  -5.96676  2.89483  6.64001
679  0.0956667  -8.19239  3.53116  8.92152
680  0.0956667  -8.19239  3.53116  8.92152
681  0.0956667  -8.19239  3.53116  8.92152
682  1.30244  -9.51098  5.75035  11.1903
683  1.30244  -9.51098  5.75035  11.1903
684  1.30244  -9.51098  5.75035  11.1903
685  0.368951  -9.66261  6.62311  11.7204
686  -0.0972366  -11.8804  10.3011  15.7247
687  -0.0972366  -11.8804  10.3011  15.7247
688  0.169594  -11.9137  10.6993  16.0138
689  0.169594  -11.9137  10.6993  16.0138
690  -0.724354  -12.8292  9.6795  16.0874
691  -0.724354  -12.8292  9.6795  16.0874
692  0.600871  -13.3661  8.6745  15.9455
693  -2.32854  -11.3493  8.282  14.2415
694  -2.90885  -9.29031  8.45471  12.8939
695  -4.58946  -10.4124  7.64921  13.711
696  -4.58946  -10.4124  7.64921  13.711
697  -3.81726  -12.8154  6.66401  14.9404
698  -3.81726  -12.8154  6.66401  14.9404
699  -1.60978  -10.3466  9.9814  14.4662
700  -1.60978  -10.3466  9.9814  14.4662
701  -1.60978  -10.3466  9.9814  14.4662
702  -0.9043  -8.16031  9.07517  12.2379
703  -0.9043  -8.16031  9.07517  12.2379
704  -1.44347  -6.73471  9.04598  11.3697
705  -1.44347  -6.73471  9.04598  11.3697
706  0.0132906  -6.37395  9.2631  11.2442
707  3.69898  -4.54534  10.2204  11.7813
708  1.22602  -4.57185  11.9104  12.8165
709  2.3709  -7.45501  12.0355  14.3545
710  2.9083  -7.86087  8.31169  11.8041
711  6.35496  -6.2042  6.72617  11.1409
712  6.35496  -6.2042  6.72617  11.1409
713  3.19924  -4.54777  6.23599  8.35494
714  3.19924  -4.54777  6.23599  8.35494
715  3.74274  -2.5906  7.41607  8.70157
716  3.74274  -2.5906  7.41607  8.70157
717  3.74274  -2.5906  7.41607  8.70157
718  3.74274  -2.5906  7.41607  8.70157
719  3.74274  -2.5906  7.41607  8.70157
720  3.74274  -2.5906  7.41607  8.70157
721  4.48897  -0.057501  8.19532  9.34438
722  2.30538  -1.13871  9.52859  9.86942
723  2.13183  -2.23676  11.4464  11.8561
724  0.0384516  -2.12549  10.691  10.9003
725  3.97198  -0.286483  8.83846  9.69418
726  3.97198  -0.286483  8.83846  9.69418
727  3.59746  0.700513  9.43717  10.1239
728  2.34204  -0.014994  9.3193  9.6091
729  2.34204  -0.014994  9.3193  9.6091
730  0.362837  0.90957  8.60698  8.66251
731  0.751632  0.234846  8.28176  8.31912
732  2.47601  -0.044294  8.0313  8.40442
733  3.5655  0.664983  6.99957  7.88346
734  3.78685  -1.22127  7.86358  8.81292
735  3.78685  -1.22127  7.86358  8.81292
736  4.97887  -0.772507  5.92405  7.7769
737  5.24044  -0.240118  6.54879  8.39086
738  5.24044  -0.240118  6.54879  8.39086
739  4.8566  -3.93139  5.70331  8.45991
740  3.21952  -2.03264  3.93274  5.47388
741  0.561773  -2.06371  4.93657  5.37998
742  0.561773  -2.06371  4.93657  5.37998
743  0.561773  -2.06371  4.93657  5.37998
744  0.561773  -2.06371  4.93657  5.37998
745  0.597778  -0.857634  4.9517  5.06085
746  0.597778  -0.857634  4.9517  5.06085
747  0.33708  -1.38995  4.1816  4.41943
748  0.33708  -1.38995  4.1816  4.41943
749  0.33708  -1.38995  4.1816  4.41943
750  0.33708  -1.38995  4.1816  4.41943
751  0.33708  -1.38995  4.1816  4.41943
752  0.33708  -1.38995  4.1816  4.41943
753  0.33708  -1.38995  4.1816  4.41943
754  0.33708  -1.38995  4.1816  4.41943
755  0.33708  -1.38995  4.1816  4.41943
756  -0.391275  -1.31201  5.06405  5.24586
757  1.14055  -2.36123  4.40833  5.12929
758  1.61622  -1.36495  3.61898  4.19193
759  1.61622  -1.36495  3.61898  4.19193
760  0.684252  -0.21262  2.25127  2.36255
761  0.684252  -0.21262  2.25127  2.36255
762  0.684252  -0.21262  2.25127  2.36255
763  0.684252  -0.21262  2.25127  2.36255
764  0.684252  -0.21262  2.25127  2.36255
765  2.16159  1.645  1.30182  3.01218
766  0.0662991  3.87775  1.18608  4.05563
767  1.22305  2.61406  2.69187  3.94656
768  1.22305  2.61406  2.69187  3.94656
769  1.22305  2.61406  2.69187  3.94656
770  1.62235  3.83677  1.65069  4.4808
771  1.62235  3.83677  1.65069  4.4808
772  1.62235  3.83677  1.65069  4.4808
773  1.62235  3.83677  1.65069  4.4808
774  0.235696  1.90013  4.40403  4.80224
775  1.44708  1.07383  2.40854  3.00802
776  2.62104  0.27429  4.44608  5.16844
777  2.62104  0.27429  4.44608  5.16844
778  2.62104  0.27429  4.44608  5.16844
779  2.62104  0.27429  4.44608  5.16844
780  2.11344  -2.01024  3.15832  4.29915
781  1.63684  -2.11386  3.1239  4.11174
782  2.36808  -1.37094  2.68131  3.83102
783  0.906499  -2.2595  2.93412  3.81263
784  0.906499  -2.2595  2.93412  3.81263
785  1.066  -4.02574  2.8459  5.04401
786  -1.63898  -0.794186  3.78971  4.20463
787  -2.72849  -2.29594  4.83171  6.00511
788  1.0681  -2.26563  4.74144  5.36238
789  -2.67566  0.694191  3.97853  4.84456
790  -2.67566  0.694191  3.97853  4.84456
791  -0.373579  -0.590702  5.51096  5.5551
792  -0.373579  -0.590702  5.51096  5.5551
793  2.34544  -2.74743  4.77916  5.99081
794  2.34544  -2.74743  4.77916  5.99081
795  2.73219  -0.543443  5.6437  6.29377
796  2.73219  -0.543443  5.6437  6.29377
797  3.61782  -0.499431  5.75839  6.81888
798  3.61782  -0.499431  5.75839  6.81888
799  4.06838  1.88652  5.95662  7.45601
800  3.66082  -0.882549  4.03147  5.51663
801  3.66082  -0.882549  4.03147  5.51663
802  4.08051  1.0011  4.66094  6.27512
803  0.456241  0.172446  6.2517  6.2707
804  0.456241  0.172446  6.2517  6.2707
805  0.497925  -3.08965  4.62857  5.58727
806  0.497925  -3.08965  4.62857  5.58727
807  -1.85163  -2.75514  5.83052  6.70926
808  -2.01722  -1.75465  3.55152  4.44537
809  -0.825006  -0.168234  4.01908  4.10633
810  -0.453405  0.0241455  3.11936  3.15223
811  0.515387  0.875907  5.87745  5.96466
812  0.184588  3.41976  4.12911  5.36454
813  0.184588  3.41976  4.12911  5.36454
814  -0.144525  4.11976  6.68556  7.8543
815  -0.144525  4.11976  6.68556  7.8543
816  -1.38581  5.89212  8.14427  10.1472
817  1.25684  6.63134  8.59402  10.9276
818  1.5836  6.49951  7.28826  9.89293
819  0.840675  5.74781  4.27478  7.21234
820  -1.49054  6.24048  4.21067  7.67432
821  -1.49054  6.24048  4.21067  7.67432
822  -2.91695  5.31984  3.84347  7.18203
823  -5.28113  4.64408  3.48682  7.84957
824  -4.0296  1.48585  1.3999  4.5172
825  -4.41589  0.18363  3.66472  5.74143
826  -5.46949  1.17315  5.54125  7.87382
827  -5.75538  -1.02713  4.89548  7.6253
828  -5.75538  -1.02713  4.89548  7.6253
829  -5.75538  -1.02713  4.89548  7.6253
830  -6.13436  -0.591112  5.60707  8.33181
831  -4.9654  -2.23701  4.54849  7.09564
832  -4.9654  -2.23701  4.54849  7.09564
833  -4.9654  -2.23701  4.54849  7.09564
834  -4.51206  -2.73383  4.29978  6.80593
835  -4.51206  -2.73383  4.29978  6.80593
836  -4.51206  -2.73383  4.29978  6.80593
837  -3.77394  -0.847556  3.19393  5.01619
838  -3.77394  -0.847556  3.19393  5.01619
839  -1.83146  -1.19361  4.35673  4.87442
840  -1.83146  -1.19361  4.35673  4.87442
841  -1.33303  -1.60097  3.16997  3.79326
842  -0.4601  1.21039  3.59609  3.82212
843  -2.76206  1.14102  1.80642  3.49199
844  -2.76206  1.14102  1.80642  3.49199
845  -3.00514  2.37748  2.51443  4.58319
846  -2.64145  5.38145  4.41874  7.44732
847  -2.64145  5.38145  4.41874  7.44732
848  -1.48626  3.27227  7.05671  7.91921
849  -2.76925  3.53469  5.79144  7.32827
850  -5.21621  0.717202  1.1268  5.3845
851  -5.21621  0.717202  1.1268  5.3845
852  -4.67387  1.22119  4.62229  6.68595
853  -4.67387  1.22119  4.62229  6.68595
854  -4.2207  0.512403  3.7866  5.69344
855  -4.2207  0.512403  3.7866  5.69344
856  -0.951067  1.19218  2.20576  2.68164
857  -0.615765  1.17021  -1.61518  2.08743
858  -1.19919  0.420484  -2.83841  3.1099
859  -1.19919  0.420484  -2.83841  3.1099
860  -1.19919  0.420484  -2.83841  3.1099
861  -0.199395  1.02766  -1.72585  2.01851
862  -0.199395  1.02766  -1.72585  2.01851
863  -0.199395  1.02766  -1.72585  2.01851
864  1.24686  0.321723  -2.08496  2.45056
865  0.0805458  -0.224888  -2.92794  2.93767
866  -2.65743  -0.741929  -3.95362  4.82115
867  -0.570672  -0.15457  -5.0848  5.11906
868  -1.8917  -0.423548  -6.81751  7.08776
869  -1.8917  -0.423548  -6.81751  7.08776
870  -1.83279  -3.27779  -7.82472  8.67924
871  -3.24971  -2.57262  -6.73722  7.91007
872  -0.0267485  -0.132802  -8.14371  8.14483
873  0.414605  -3.2482  -6.54045  7.31439
874  -0.762265  -0.838543  -4.95013  5.07819
875  -1.05555  -0.103806  -7.19824  7.27596
876  -1.05555  -0.103806  -7.19824  7.27596
877  -4.28278  0.26191  -2.51042  4.97122
878  -4.28278  0.26191  -2.51042  4.97122
879  -3.00166  2.35306  -5.24029  6.48133
880  0.310281  0.568344  -5.42693  5.46542
881  0.310281  0.568344  -5.42693  5.46542
882  0.310281  0.568344  -5.42693  5.46542
883  0.310281  0.568344  -5.42693  5.46542
884  0.686676  1.76591  -3.40489  3.89657
885  -0.279594  -0.0370904  -4.28673  4.29599
886  -0.279594  -0.0370904  -4.28673  4.29599
887  0.162222  0.432  -3.94334  3.97024
888  -0.0945443  2.14898  -4.02622  4.56481
889  1.65184  1.12907  -5.57588  5.92401
890  2.57494  1.07884  -3.37631  4.38106
891  0.0245488  -1.89981  -4.00411  4.43202
892  2.09977  -2.25062  -1.5229  3.43417
893  0.188906  -1.45061  -3.58153  3.86876
894  2.81739  0.620883  -1.40956  3.21092
895  3.2746  -0.878875  -3.96763  5.21896
896  3.34483  -1.06955  -4.09566  5.39502
897  4.4505  0.882713  -4.86578  6.65296
898  2.62322  -0.127224  -2.6683  3.74397
899  2.62322  -0.127224  -2.6683  3.74397
900  2.62322  -0.127224  -2.6683  3.74397
901  1.58357  0.438419  -4.0261  4.34849
902  1.58357  0.438419  -4.0261  4.34849
903  1.58357  0.438419  -4.0261  4.34849
904  1.58357  0.438419  -4.0261  4.34849
905  2.74729  -0.382301  -5.12614  5.82847
906  2.95796  2.02182  -3.14811  4.76948
907  2.95796  2.02182  -3.14811  4.76948
908  2.95796  2.02182  -3.14811  4.76948
909  2.95796  2.02182  -3.14811  4.76948
910  1.28237  2.06311  -3.50026  4.2606
911  -1.70798  3.51191  -4.36246  5.85506
912  -2.3324  2.97321  -4.83968  6.14024
913  -2.3324  2.97321  -4.83968  6.14024
914  -4.03043  0.474356  -4.23925  5.86861
915  -4.95827  3.46062  -3.77862  7.13009
916  -1.77617  4.99996  -4.70232  7.08986
917  -1.89959  3.92208  -4.75868  6.45261
918  -1.89959  3.92208  -4.75868  6.45261
919  -1.89959  3.92208  -4.75868  6.45261
920  -3.35886  1.76555  -3.87173  5.4212
921  -4.66744  0.0703494  -7.04342  8.44983
922  -3.94078  -1.05262  -7.80148  8.80345
923  -3.94078  -1.05262  -7.80148  8.80345
924  -3.94078  -1.05262  -7.80148  8.80345
925  -3.94078  -1.05262  -7.80148  8.80345
926  -4.26666  -0.1671  -5.48134  6.94819
927  -1.36866  4.46166  -3.41198  5.78111
928  -1.56899  2.1314  -1.62637  3.10639
929  -1.56899  2.1314  -1.62637  3.10639
930  -1.56899  2.1314  -1.62637  3.10639
931  -1.56899  2.1314  -1.62637  3.10639
932  -1.56899  2.1314  -1.62637  3.10639
933  -0.540608  2.13245  0.409702  2.23773
934  -2.9282  2.29033  -0.828515  3.80873
935  -2.55126  2.36724  1.1726  3.67257
936  -2.55126  2.36724  1.1726  3.67257
937  -2.57334  2.67149  3.60268  5.1709
938  -2.57334  2.67149  3.60268  5.1709
939  -2.19268  0.321699  2.7715  3.5486
940  -1.85728  -0.21878  1.97125  2.7172
941  -1.85728  -0.21878  1.97125  2.7172
942  -1.85728  -0.21878  1.97125  2.7172
943  -1.85728  -0.21878  1.97125  2.7172
944  -6.29046  0.655029  2.90782  6.96092
945  -6.29046  0.655029  2.90782  6.96092
946  -6.29046  0.655029  2.90782  6.96092
947  -2.32182  -1.28614  6.8636  7.35894
948  1.1954  -0.767873  5.48957  5.67045
949  1.1954  -0.767873  5.48957  5.67045
950  2.32878  -2.612  5.78965  6.76504
951  0.638903  -2.44299  4.57863  5.22879
952  -0.884949  -2.97244  2.48132  3.97184
953  -0.342595  -3.18304  3.29539  4.59441
954  2.43421  -4.02271  3.5358  5.88298
955  2.43421  -4.02271  3.5358  5.88298
956  2.43421  -4.02271  3.5358  5.88298
957  2.43421  -4.02271  3.5358  5.88298
958  2.43421  -4.02271  3.5358  5.88298
959  1.27681  -4.0408  2.16733  4.75979
960  1.27681  -4.0408  2.16733  4.75979
961  1.27681  -4.0408  2.16733  4.75979
962  0.354987  -3.13881  1.74729  3.60987
963  0.227615  -2.59892  -2.55304  3.65023
964  0.227615  -2.59892  -2.55304  3.65023
965  0.227615  -2.59892  -2.55304  3.65023
966  0.227615  -2.59892  -2.55304  3.65023
967  0.227615  -2.59892  -2.55304  3.65023
968  1.56671  -4.55854  -2.38071  5.37612
969  1.8549  -4.52766  -4.20899  6.45414
970  1.8549  -4.52766  -4.20899  6.45414
971  2.61617  -2.19488  -3.03714  4.57012
972  2.61617  -2.19488  -3.03714  4.57012
973  2.61617  -2.19488  -3.03714  4.57012
974  2.61617  -2.19488  -3.03714  4.57012
975  2.61617  -2.19488  -3.03714  4.57012
976  2.21022  -4.92715  -4.05364  6.75232
977  2.21022  -4.92715  -4.05364  6.75232
978  2.21022  -4.92715  -4.05364  6.75232
979  2.21022  -4.92715  -4.05364  6.75232
980  2.21022  -4.92715  -4.05364  6.75232
981  1.73917  -6.01767  -2.57059  6.7709
982  0.546598  -8.06888  -2.52761  8.47315
983  0.546598  -8.06888  -2.52761  8.47315
984  0.546598  -8.06888  -2.52761  8.47315
985  3.8542  -7.64355  -4.93505  9.88096
986  1.32292  -5.59628  -5.51792  7.96968
987  1.32292  -5.59628  -5.51792  7.96968
988  -0.45295  -3.88955  -8.71099  9.55066
989  -2.49222  0.510937  -8.96606  9.32
990  -2.49222  0.510937  -8.96606  9.32
991  -2.49222  0.510937  -8.96606  9.32
992  -2.49222  0.510937  -8.96606  9.32
993  -2.49222  0.510937  -8.96606  9.32
994  -1.59893  -0.095151  -5.77354  5.99161
995  -4.55577  -3.37534  -5.87094  8.16186
996  -3.44544  -6.12374  -5.79153  9.10566
997  -3.44544  -6.12374  -5.79153  9.10566
998  -3.44544  -6.12374  -5.79153  9.10566
999  -1.03346  -5.90485  -5.76452  8.31655
1000  -1.03346  -5.90485  -5.76452  8.31655
1001  1.1211  -3.21599  -6.66059  7.48084
1002  0.428744  -2.86327  -6.15462  6.80158
1003  0.428744  -2.86327  -6.15462  6.80158
1004  2.30173  -2.74569  -10.0023  10.6246
1005  1.13233  -1.60409  -8.44528  8.67053
1006  0.856973  1.21353  -7.78502  7.9255
1007  -1.612  -1.16077  -6.31574  6.62076
1008  -0.0349744  -1.21016  -5.50926  5.64071
1009  -0.0349744  -1.21016  -5.50926  5.64071
1010  1.28151  -0.948806  -4.87019  5.12457
1011  1.28151  -0.948806  -4.87019  5.12457
1012  1.28151  -0.948806  -4.87019  5.12457
1013  -0.85101  -0.852334  -6.73669  6.84352
1014  1.71044  -0.555686  -5.45712  5.74583
1015  1.28159  -1.20356  -6.68975  6.91692
1016  1.44776  -0.415675  -6.16676  6.34805
1017  1.47195  -1.62853  -5.39553  5.82498
1018  1.78983  -2.33302  -6.17805  6.84213
1019  -0.234999  -3.6299  -6.34956  7.31767
1020  -3.21768  -0.755792  -6.16515  6.99526
1021  -3.21768  -0.755792  -6.16515  6.99526
1022  -0.600491  -0.538882  -4.9083  4.97418
1023  -0.600491  -0.538882  -4.9083  4.97418
1024  -0.600491  -0.538882  -4.9083  4.97418
1025  -0.600491  -0.538882  -4.9083  4.97418
1026  -0.600491  -0.538882  -4.9083  4.97418
1027  -0.600491  -0.538882  -4.9083  4.97418
1028  -0.101372  -0.416491  -5.41902  5.43595
1029  -1.46072  2.12755  -4.99149  5.61918
1030  -1.46072  2.12755  -4.99149  5.61918
1031  -1.33675  2.8974  -2.52961  4.07194
1032  -2.17814  3.07447  -4.90834  6.18776
1033  -2.19173  2.97317  -5.38204  6.52761
1034  -2.19173  2.97317  -5.38204  6.52761
1035  -2.67369  2.53762  -5.50707  6.62691
1036  -2.67369  2.53762  -5.50707  6.62691
1037  -3.37374  0.51059  -3.96849  5.23371
1038  -3.37374  0.51059  -3.96849  5.23371
1039  -3.38575  1.17124  -4.38636  5.6635
1040  -3.38575  1.17124  -4.38636  5.6635
1041  -3.38575  1.17124  -4.38636  5.6635
1042  -3.38575  1.17124  -4.38636  5.6635
1043  -2.39638  1.50456  -2.00243  3.46642
1044  -0.512219  0.762664  -3.34983  3.47353
1045  0.238044  -1.71544  -2.95797  3.42768
1046  -0.624605  -2.0498  -3.19128  3.84396
1047  -0.624605  -2.0498  -3.19128  3.84396
1048  -0.749181  -0.540502  -1.82807  2.04823
1049  -0.385553  1.46119  -1.92463  2.44702
1050  0.493402  2.05403  -3.24252  3.86993
1051  0.493402  2.05403  -3.24252  3.86993
1052  0.493402  2.05403  -3.24252  3.86993
1053  3.09088  1.6044  -2.10341  4.06841
1054  2.84072  0.241243  -2.14528  3.56793
1055  4.34823  0.426988  -1.95463  4.78644
1056  4.34823  0.426988  -1.95463  4.78644
1057  4.34823  0.426988  -1.95463  4.78644
1058  4.34823  0.426988  -1.95463  4.78644
1059  3.17264  0.532174  -3.88922  5.04727
1060  -0.473663  0.681654  -3.00366  3.11624
1061  -0.473663  0.681654  -3.00366  3.11624
1062  -0.473663  0.681654  -3.00366  3.11624
1063  -0.473663  0.681654  -3.00366  3.11624
1064  0.678963  -0.539729  -1.85021  2.04342
1065  -2.83481  -0.515905  -4.43641  5.29
1066  0.0213782  -1.12234  -2.9424  3.14926
1067  0.0213782  -1.12234  -2.9424  3.14926
1068  0.0213782  -1.12234  -2.9424  3.14926
1069  -0.650344  -0.411275  -1.91481  2.06363
1070  -0.650344  -0.411275  -1.91481  2.06363
1071  -0.00873371  0.267398  -3.17832  3.18956
1072  -0.00873371  0.267398  -3.17832  3.18956
1073  -0.00873371  0.267398  -3.17832  3.18956
1074  1.63683  -2.68168  -4.53706  5.51866
1075  1.11217  -1.87716  -6.67405  7.02165
1076  0.719396  -0.265175  -5.63027  5.68224
1077  0.719396  -0.265175  -5.63027  5.68224
1078  0.719396  -0.265175  -5.63027  5.68224
1079  -0.000198504  1.02726  -2.71701  2.90472
1080  1.39331  2.10131  -4.94016  5.54635
1081  1.39331  2.10131  -4.94016  5.54635
1082  1.39331  2.10131  -4.94016  5.54635
1083  1.39331  2.10131  -4.94016  5.54635
1084  1.39331  2.10131  -4.94016  5.54635
1085  3.4865  1.37951  -4.68145  5.99789
1086  3.4865  1.37951  -4.68145  5.99789
1087  1.56626  -0.511974  -3.76716  4.11179
1088  1.56626  -0.511974  -3.76716  4.11179
1089  1.4458  -0.275138  -4.67629  4.90242
1090  1.4458  -0.275138  -4.67629  4.90242
1091  2.32897  -0.762493  -1.25962  2.75538
1092  2.19766  1.66536  -1.10471  2.97044
1093  1.18763  2.33136  -1.64427  3.0902
1094  -0.427347  0.52787  -0.788732  1.04085
1095  -0.427347  0.52787  -0.788732  1.04085
1096  -0.427347  0.52787  -0.788732  1.04085
1097  -0.0289584  1.43354  -1.03416  1.76787
1098  0.847453  0.192361  -3.17419  3.291
1099  0.847453  0.192361  -3.17419  3.291
1100  0.847453  0.192361  -3.17419  3.291
1101  0.847453  0.192361  -3.17419  3.291
1102  0.847453  0.192361  -3.17419  3.291
1103  0.847453  0.192361  -3.17419  3.291
1104  0.847453  0.192361  -3.17419  3.291
1105  0.847453  0.192361  -3.17419  3.291
1106  0.847453  0.192361  -3.17419  3.291
1107  0.847453  0.192361  -3.17419  3.291
1108  2.07202  0.423348  -1.37982  2.52516
1109  2.07202  0.423348  -1.37982  2.52516
1110  1.11277  0.828134  -0.664773  1.53818
1111  1.11277  0.828134  -0.664773  1.53818
1112  2.77666  0.476417  -1.82812  3.3584
1113  2.77666  0.476417  -1.82812  3.3584
1114  2.77666  0.476417  -1.82812  3.3584
1115  2.77666  0.476417  -1.82812  3.3584
1116  2.77666  0.476417  -1.82812  3.3584
1117  1.07084  -2.07973  2.09216  3.13833
1118  -0.321783  -3.69672  3.8745  5.3648
1119  -0.321783  -3.69672  3.8745  5.3648
1120  1.03769  -3.6052  3.55302  5.16703
1121  1.03769  -3.6052  3.55302  5.16703
1122  1.03769  -3.6052  3.55302  5.16703
1123  1.03769  -3.6052  3.55302  5.16703
1124  2.80285  -3.2814  2.97771  5.24312
1125  -1.1431  -4.16372  6.37177  7.69693
1126  -0.903588  -2.42367  7.12708  7.58194
1127  1.30998  -2.55072  5.80531  6.47486
1128  1.30998  -2.55072  5.80531  6.47486
1129  1.30998  -2.55072  5.80531  6.47486
1130  0.208086  -3.16009  5.25855  6.13855
1131  -1.9775  -2.39303  1.2744  3.35577
1132  -1.9775  -2.39303  1.2744  3.35577
1133  0.892358  -0.550748  2.12739  2.37179
1134  0.259576  2.52407  3.11191  4.01526
1135  0.259576  2.52407  3.11191  4.01526
1136  1.91988  1.18914  5.23205  5.69863
1137  1.57519  -0.434067  5.41054  5.65186
1138  1.57519  -0.434067  5.41054  5.65186
1139  1.57519  -0.434067  5.41054  5.65186
1140  1.57519  -0.434067  5.41054  5.65186
1141  0.938133  0.292537  4.76328  4.86359
1142  0.938133  0.292537  4.76328  4.86359
1143  0.938133  0.292537  4.76328  4.86359
1144  3.73712  0.114839  5.26621  6.4585
1145  5.85972  0.00772111  7.15372  9.24728
1146  5.85972  0.00772111  7.15372  9.24728
1147  5.85972  0.00772111  7.15372  9.24728
1148  5.33027  1.33319  5.66616  7.89269
1149  5.33027  1.33319  5.66616  7.89269
1150  5.33027  1.33319  5.66616  7.89269
1151  4.12852  2.77003  4.56016  6.74632
1152  5.28901  2.66463  7.65327  9.67711
1153  3.6708  2.5986  8.80732  9.88921
1154  3.6708  2.5986  8.80732  9.88921
1155  3.6708  2.5986  8.80732  9.88921
1156  4.69748  1.37271  8.78036  10.0521
1157  3.79328  1.06317  9.19279  10.0013
1158  3.33561  3.35818  10.2343  11.2758
1159  3.33561  3.35818  10.2343  11.2758
1160  3.33561  3.35818  10.2343  11.2758
1161  3.33561  3.35818  10.2343  11.2758
1162  3.33561  3.35818  10.2343  11.2758
1163  -0.635322  3.305  8.53579  9.17531
1164  -0.635322  3.305  8.53579  9.17531
1165  0.302421  4.05459  7.67167  8.68249
1166  0.302421  4.05459  7.67167  8.68249
1167  0.302421  4.05459  7.67167  8.68249
1168  0.78232  6.4023  7.42293  9.83369
1169  0.309003  2.69033  7.78718  8.2446
1170  -0.802384  1.43851  7.7586  7.93152
1171  0.619082  -0.952762  4.67679  4.81284
1172  2.0183  3.69761  2.78331  5.04902
1173  1.63463  6.50624  3.60513  7.61578
1174  3.14359  5.53097  1.88732  6.63594
1175  3.44973  4.67022  3.07123  6.56841
1176  3.44973  4.67022  3.07123  6.56841
1177  5.80248  2.93599  4.96324  8.18062
1178  3.22982  3.04894  5.82369  7.32414
1179  2.05132  5.00571  5.54047  7.7435
1180  4.76981  3.58667  4.64757  7.56407
1181  4.76981  3.58667  4.64757  7.56407
1182  4.76981  3.58667  4.64757  7.56407
1183  4.76981  3.58667  4.64757  7.56407
1184  4.76981  3.58667  4.64757  7.56407
1185  5.8273  1.76626  4.44768  7.54049
1186  6.08231  5.39279  6.41483  10.355
1187  6.08231  5.39279  6.41483  10.355
1188  5.09388  6.01399  4.16324  8.91337
1189  6.317  7.62148  4.70725  10.9613
1190  7.90458  4.92814  5.55028  10.8432
1191  7.90458  4.92814  5.55028  10.8432
1192  8.11517  3.45422  5.5264  10.4081
1193  9.1375  2.16553  3.5922  10.0542
1194  9.1375  2.16553  3.5922  10.0542
1195  7.04696  2.11795  5.51131  9.19347
1196  7.04696  2.11795  5.51131  9.19347
1197  6.19673  3.6203  4.27548  8.35379
1198  4.46908  2.99282  2.56947  5.96086
1199  5.81913  1.23748  2.7572  6.55712
1200  4.7807  0.335581  -2.76198  5.53139
1201  4.7807  0.335581  -2.76198  5.53139
1202  4.51001  -0.486732  -4.31338  6.25958
1203  2.9759  0.500981  -4.14059  5.12362
1204  2.3116  -1.26687  -3.70174  4.54438
1205  2.3116  -1.26687  -3.70174  4.54438
1206  1.67643  -1.51398  -1.93644  2.97528
1207  -0.838437  -0.552359  -3.48079  3.6227
1208  -0.838437  -0.552359  -3.48079  3.6227
1209  -0.838437  -0.552359  -3.48079  3.6227
1210  -0.838437  -0.552359  -3.48079  3.6227
1211  0.0175399  -0.812999  -4.00242  4.0842
1212  1.86704  -1.09019  -4.32578  4.83598
1213  0.432167  0.556195  -5.47828  5.52338
1214  0.432167  0.556195  -5.47828  5.52338
1215  0.408506  2.95336  -5.49778  6.25419
1216  4.12453  4.45399  -7.18741  9.4079
1217  4.12453  4.45399  -7.18741  9.4079
1218  4.12453  4.45399  -7.18741  9.4079
1219  4.12453  4.45399  -7.18741  9.4079
1220  2.42671  4.72327  -7.7463  9.39167
1221  -0.687194  2.97015  -10.9234  11.3408
1222  0.393121  2.04371  -10.6214  10.8233
1223  0.393121  2.04371  -10.6214  10.8233
1224  -1.88736  1.10821  -9.01004  9.27206
1225  0.379758  -0.801369  -8.93764  8.98153
1226  1.41063  2.52127  -7.93239  8.44213
1227  2.98793  0.423906  -9.96621  10.4131
1228  2.98793  0.423906  -9.96621  10.4131
1229  2.46504  -0.225638  -10.957  11.2331
1230  1.1884  -0.479492  -10.4655  10.5436
1231  2.49346  0.462926  -11.5498  11.825
1232  2.49346  0.462926  -11.5498  11.825
1233  1.85814  -2.80087  -13.278  13.6968
1234  1.85814  -2.80087  -13.278  13.6968
1235  -0.764848  -1.47069  -11.4622  11.5814
1236  -0.764848  -1.47069  -11.4622  11.5814
1237  -1.40901  0.33116  -8.80667  8.92482
1238  -1.40901  0.33116  -8.80667  8.92482
1239  -1.40901  0.33116  -8.80667  8.92482
1240  -1.40901  0.33116  -8.80667  8.92482
1241  -4.88804  0.755893  -5.64444  7.50493
1242  -4.88804  0.755893  -5.64444  7.50493
1243  -4.88804  0.755893  -5.64444  7.50493
1244  -5.84114  -1.73719  -5.11045  7.9532
1245  -3.35811  -1.69982  -6.70083  7.68553
1246  -3.62244  -2.53415  -5.6182  7.149
1247  -3.7449  -2.58353  -2.53511  5.20823
1248  -3.7449  -2.58353  -2.53511  5.20823
1249  -3.7449  -2.58353  -2.53511  5.20823
1250  -2.85122  -3.301  -3.34181  5.49489
1251  -2.85122  -3.301  -3.34181  5.49489
1252  -3.17313  -3.9543  -3.45335  6.1344
1253  -1.6927  -4.3257  -4.15053  6.22927
1254  -1.52154  -1.15327  -3.83965  4.28813
1255  -1.74048  0.0858305  -3.52295  3.93037
1256  -3.25514  -1.288  -1.92793  3.99648
1257  -3.25514  -1.288  -1.92793  3.99648
1258  -0.416248  -3.74002  -1.76446  4.15624
1259  -0.416248  -3.74002  -1.76446  4.15624
1260  -0.416248  -3.74002  -1.76446  4.15624
1261  2.08847  -2.07548  -1.76313  3.4319
1262  2.08847  -2.07548  -1.76313  3.4319
1263  2.08847  -2.07548  -1.76313  3.4319
1264  2.08847  -2.07548  -1.76313  3.4319
1265  2.54308  -1.56167  -2.20518  3.71065
1266  2.65426  -2.55513  -2.83809  4.65065
1267  0.918857  -0.813308  -2.15105  2.47644
1268  0.918857  -0.813308  -2.15105  2.47644
1269  0.506632  0.0335511  -3.1909  3.23104
1270  0.506632  0.0335511  -3.1909  3.23104
1271  0.506632  0.0335511  -3.1909  3.23104
1272  -0.336541  -1.16164  -2.63342  2.89785
1273  -0.336541  -1.16164  -2.63342  2.89785
1274  -0.336541  -1.16164  -2.63342  2.89785
1275  -0.158332  -3.42976  -4.19816  5.42337
1276  0.222196  -0.835016  -4.09508  4.18525
1277  0.222196  -0.835016  -4.09508  4.18525
1278  0.222196  -0.835016  -4.09508  4.18525
1279  0.222196  -0.835016  -4.09508  4.18525
1280  0.222196  -0.835016  -4.09508  4.18525
1281  0.222196  -0.835016  -4.09508  4.18525
1282  0.222196  -0.835016  -4.09508  4.18525
1283  -0.295126  0.0284181  -0.870843  0.919932
1284  -3.29622  -0.606404  -1.10771  3.52985
1285  -0.707907  0.765615  -2.7145  2.90789
1286  -2.83572  1.702  -4.56429  5.63656
1287  -2.57396  0.388035  -3.85132  4.64849
1288  -1.58551  -0.799077  -3.75959  4.15775
1289  -2.12133  2.10136  -3.96076  4.96018
1290  -2.12133  2.10136  -3.96076  4.96018
1291  -2.12133  2.10136  -3.96076  4.96018
1292  -2.60295  1.9204  -2.61191  4.15757
1293  -2.60295  1.9204  -2.61191  4.15757
1294  -2.41057  0.964588  -4.00873  4.7761
1295  -2.41057  0.964588  -4.00873  4.7761
1296  -2.70254  1.30878  -3.75545  4.80833
1297  -2.70254  1.30878  -3.75545  4.80833
1298  -2.70254  1.30878  -3.75545  4.80833
1299  -0.277652  1.12365  -4.53988  4.68511
1300  -0.277652  1.12365  -4.53988  4.68511
1301  -0.277652  1.12365  -4.53988  4.68511
1302  -2.36324  0.920294  -4.33088  5.0188
1303  -1.95984  -3.38851  -4.41806  5.90273
1304  -2.57372  -0.239737  -4.19705  4.92917
1305  -2.47225  1.02397  -6.86298  7.36621
1306  -2.47225  1.02397  -6.86298  7.36621
1307  -1.46962  -0.953331  -8.60581  8.78228
1308  -3.06668  0.703172  -8.97176  9.50744
1309  -1.06368  3.80037  -3.54825  5.307
1310  -2.9088  0.859996  -5.90899  6.64205
1311  -2.9088  0.859996  -5.90899  6.64205
1312  -2.9088  0.859996  -5.90899  6.64205
1313  0.490798  -1.65637  -5.36932  5.6404
1314  -2.70683  -3.0379  -3.75796  5.53877
1315  -2.70683  -3.0379  -3.75796  5.53877
1316  -2.70683  -3.0379  -3.75796  5.53877
1317  -0.273919  -4.08078  -2.62206  4.85829
1318  -0.951712  -5.26679  -3.53135  6.41212
1319  -0.951712  -5.26679  -3.53135  6.41212
1320  0.459491  -3.01654  -1.7109  3.49826
1321  0.420149  -1.9372  2.05475  2.85504
1322  0.420149  -1.9372  2.05475  2.85504
1323  2.90059  0.839801  3.14298  4.35856
1324  4.33037  -1.83843  1.92344  5.08248
1325  5.13703  -3.66589  2.0589  6.63829
1326  5.13703  -3.66589  2.0589  6.63829
1327  5.13703  -3.66589  2.0589  6.63829
1328  3.65362  -4.02866  1.81531  5.73362
1329  3.65362  -4.02866  1.81531  5.73362
1330  3.65362  -4.02866  1.81531  5.73362
1331  3.65362  -4.02866  1.81531  5.73362
1332  1.29568  -3.59047  3.91902  5.47074
1333  1.29568  -3.59047  3.91902  5.47074
1334  1.29568  -3.59047  3.91902  5.47074
1335  -3.76555  0.26949  4.10363  5.576
1336  -1.63751  -3.48093  3.19996  5.00381
1337  -1.92166  -1.78099  2.34558  3.51659
1338  -1.60212  -2.50744  1.03975  3.15201
1339  0.255693  -3.49796  3.95258  5.28431
1340  -1.48374  -4.13843  4.0435  5.9731
1341  -1.48374  -4.13843  4.0435  5.9731
1342  -1.48374  -4.13843  4.0435  5.9731
1343  -3.90511  -1.60487  5.89317  7.24948
1344  -3.6021  0.752868  7.20534  8.09067
1345  -1.0155  1.57811  7.42085  7.65445
1346  -0.158592  1.74991  7.37892  7.58524
1347  -0.158592  1.74991  7.37892  7.58524
1348  -1.76383  4.04087  5.7916  7.2789
1349  -3.60191  4.00293  3.36942  6.35218
1350  -3.60191  4.00293  3.36942  6.35218
1351  -1.97717  1.87199  5.40813  6.05487
1352  -0.980861  -2.86456  3.29058  4.47165
1353  -0.588208  -1.1546  2.85891  3.13886
1354  -0.588208  -1.1546  2.85891  3.13886
1355  -0.588208  -1.1546  2.85891  3.13886
1356  -0.588208  -1.1546  2.85891  3.13886
1357  -0.119519  -1.33618  1.74336  2.19976
1358  -0.119519  -1.33618  1.74336  2.19976
1359  -1.41847  -0.155658  0.811324  1.6415
1360  -1.41847  -0.155658  0.811324  1.6415
1361  -1.41847  -0.155658  0.811324  1.6415
1362  -1.51526  0.885724  -0.584465  1.84989
1363  -2.2642  -1.02009  -1.86222  3.10404
1364  -2.2642  -1.02009  -1.86222  3.10404
1365  -3.85452  1.01824  -2.58447  4.75116
1366  -0.88041  1.10615  -3.98518  4.22852
1367  -0.593554  1.9375  -6.26273  6.5824
1368  -0.593554  1.9375  -6.26273  6.5824
1369  0.0325758  -1.41073  -7.0585  7.19817
1370  0.316381  -4.46116  -6.22592  7.66577
1371  0.316381  -4.46116  -6.22592  7.66577
1372  0.316381  -4.46116  -6.22592  7.66577
1373  2.28226  -4.19973  -5.49761  7.28493
1374  2.09728  -2.13362  -7.6965  8.25755
1375  1.40594  -1.9626  -5.35303  5.87226
1376  2.40678  -0.791919  -5.43385  5.99553
1377  2.81279  0.375985  -2.96884  4.10697
1378  2.81279  0.375985  -2.96884  4.10697
1379  2.81279  0.375985  -2.96884  4.10697
1380  2.81279  0.375985  -2.96884  4.10697
1381  1.64574  1.90024  -5.2455  5.81676
1382  1.64574  1.90024  -5.2455  5.81676
1383  1.64574  1.90024  -5.2455  5.81676
1384  2.00029  1.20771  -7.17582  7.54666
1385  -0.270486  1.44806  -6.46179  6.62757
1386  -0.270486  1.44806  -6.46179  6.62757
1387  -0.270486  1.44806  -6.46179  6.62757
1388  -0.25504  2.73255  -6.18504  6.76658
1389  -0.25504  2.73255  -6.18504  6.76658
1390  1.23716  1.69648  -3.62616  4.19019
1391  1.23716  1.69648  -3.62616  4.19019
1392  1.23716  1.69648  -3.62616  4.19019
1393  0.0014954  -0.29998  -2.99226  3.00726
1394  0.0014954  -0.29998  -2.99226  3.00726
1395  0.0014954  -0.29998  -2.99226  3.00726
1396  0.19217  -0.0248136  -1.08487  1.10204
1397  0.19217  -0.0248136  -1.08487  1.10204
1398  0.19217  -0.0248136  -1.08487  1.10204
1399  0.19217  -0.0248136  -1.08487  1.10204
1400  0.19217  -0.0248136  -1.08487  1.10204
1401  0.452827  0.585393  -3.43644  3.51523
1402  -0.639341  0.249233  -2.50489  2.59718
1403  -0.639341  0.249233  -2.50489  2.59718
1404  -0.639341  0.249233  -2.50489  2.59718
1405  -2.10642  -2.80978  -3.13984  4.71068
1406  -1.71083  -2.27889  -3.03934  4.16628
1407  -1.71083  -2.27889  -3.03934  4.16628
1408  -1.71083  -2.27889  -3.03934  4.16628
1409  0.802162  -0.923106  -5.48016  5.61496
1410  0.802162  -0.923106  -5.48016  5.61496
1411  0.802162  -0.923106  -5.48016  5.61496
1412  -0.360666  2.89629  -3.91841  4.88595
1413  -0.360666  2.89629  -3.91841  4.88595
1414  -0.360666  2.89629  -3.91841  4.88595
1415  -2.24904  2.81549  -2.92948  4.64403
1416  -1.78422  3.79866  -1.90499  4.60894
1417  -1.78422  3.79866  -1.90499  4.60894
1418  -1.25052  3.44665  2.02222  4.18719
1419  -1.25052  3.44665  2.02222  4.18719
1420  -0.230553  5.10274  1.93465  5.46205
1421  0.127651  5.85565  0.989927  5.94011
1422  -0.906212  5.46481  -1.65657  5.78183
1423  0.600275  4.94914  -1.47826  5.19995
1424  0.600275  4.94914  -1.47826  5.19995
1425  0.600275  4.94914  -1.47826  5.19995
1426  1.57861  4.60434  -4.35665  6.53241
1427  1.41997  2.52832  -2.78347  4.0195
1428  1.41997  2.52832  -2.78347  4.0195
1429  1.41997  2.52832  -2.78347  4.0195
1430  3.72037  0.876414  -3.16652  4.96348
1431  3.72037  0.876414  -3.16652  4.96348
1432  3.72037  0.876414  -3.16652  4.96348
1433  3.72037  0.876414  -3.16652  4.96348
1434  3.72037  0.876414  -3.16652  4.96348
1435  2.03756  2.32408  -4.55547  5.50503
1436  -0.39133  3.39461  -4.65476  5.77436
1437  -0.39133  3.39461  -4.65476  5.77436
1438  -0.577931  0.687945  -3.73412  3.8407
1439  2.98895  -0.520778  -6.52081  7.19208
1440  2.98895  -0.520778  -6.52081  7.19208
1441  2.98895  -0.520778  -6.52081  7.19208
1442  2.98895  -0.520778  -6.52081  7.19208
1443  0.290347  -0.996397  -6.13384  6.22102
1444  1.26612  0.975811  -5.46393  5.69296
1445  1.26612  0.975811  -5.46393  5.69296
1446  2.61548  -1.37108  -4.28718  5.20582
1447  2.87501  -0.472472  -1.75429  3.40094
1448  2.43733  -2.20115  -2.03535  3.86372
1449  2.94812  -1.56858  -2.7298  4.3132
1450  2.94812  -1.56858  -2.7298  4.3132
1451  2.80251  -2.541  -2.51019  4.54002
1452  0.677181  0.0843842  0.540716  0.870672
1453  -0.0499885  -0.807803  2.18695  2.33191
1454  0.63482  -0.913568  3.75735  3.91858
1455  0.63482  -0.913568  3.75735  3.91858
1456  0.63482  -0.913568  3.75735  3.91858
1457  1.68692  -1.41047  5.09678  5.55088
1458  2.106  -1.21473  5.19666  5.73725
1459  2.106  -1.21473  5.19666  5.73725
1460  2.106  -1.21473  5.19666  5.73725
1461  2.106  -1.21473  5.19666  5.73725
1462  2.106  -1.21473  5.19666  5.73725
1463  2.67151  -2.57754  3.71117  5.24914
1464  1.91227  -3.33478  4.20801  5.69955
1465  -0.792203  -0.834799  5.70169  5.81668
1466  -0.792203  -0.834799  5.70169  5.81668
1467  -0.778568  -0.434499  4.63882  4.72372
1468  1.18338  1.24783  4.13188  4.47548
1469  1.18338  1.24783  4.13188  4.47548
1470  1.18338  1.24783  4.13188  4.47548
1471  1.4194  -0.492678  3.90789  4.18677
1472  1.4194  -0.492678  3.90789  4.18677
1473  1.4194  -0.492678  3.90789  4.18677
1474  1.09077  -1.21512  4.01269  4.33221
1475  0.0333136  -1.14066  1.92524  2.23803
1476  -3.50388  -1.59578  3.8217  5.42486
1477  -3.50388  -1.59578  3.8217  5.42486
1478  -3.50388  -1.59578  3.8217  5.42486
1479  -3.07162  -3.60397  2.67999  5.44112
1480  -3.18706  -3.6288  3.75414  6.11712
1481  -1.67527  -2.75307  5.69013  6.53938
1482  -1.67527  -2.75307  5.69013  6.53938
1483  -0.850443  -1.85409  5.87759  6.22149
1484  -0.850443  -1.85409  5.87759  6.22149
1485  -0.850443  -1.85409  5.87759  6.22149
1486  -0.850443  -1.85409  5.87759  6.22149
1487  0.570999  -0.859227  7.05518  7.13021
1488  0.570999  -0.859227  7.05518  7.13021
1489  0.140585  -2.17433  6.75378  7.09655
1490  0.593214  -3.17041  5.51596  6.38977
1491  0.593214  -3.17041  5.51596  6.38977
1492  -0.696922  -3.74755  4.8778  6.19054
1493  -2.03729  -3.18485  5.19978  6.42896
1494  -0.00725518  -4.25595  2.12333  4.75622
1495  -0.00725518  -4.25595  2.12333  4.75622
1496  -0.181898  -1.90784  3.44441  3.94169
1497  -0.181898  -1.90784  3.44441  3.94169
1498  0.80203  -2.94207  4.22721  5.21232
1499  0.80203  -2.94207  4.22721  5.21232
1500  1.61377  -4.66437  3.62219  6.12216
1501  0.35869  -3.78834  2.67303  4.6503
1502  0.35869  -3.78834  2.67303  4.6503
1503  3.15221  -2.29733  2.41267  4.5864
1504  1.2904  -3.83966  2.42695  4.7221
1505  1.22994  -3.99658  1.13454  4.33274
1506  1.22994  -3.99658  1.13454  4.33274
1507  -0.199732  -1.07385  1.40815  1.78211
1508  -0.149477  -2.85402  2.60068  3.8641
1509  0.770058  -3.48308  3.26381  4.835
1510  0.770058  -3.48308  3.26381  4.835
1511  0.770058  -3.48308  3.26381  4.835
1512  -0.333218  -1.79302  1.63704  2.45068
1513  -0.333218  -1.79302  1.63704  2.45068
1514  0.730239  0.703925  2.64926  2.83678
1515  0.730239  0.703925  2.64926  2.83678
1516  0.730239  0.703925  2.64926  2.83678
1517  0.730239  0.703925  2.64926  2.83678
1518  0.730239  0.703925  2.64926  2.83678
1519  -0.986038  1.33532  3.16913  3.57753
1520  -3.43636  2.56785  2.87656  5.16498
1521  -3.43636  2.56785  2.87656  5.16498
1522  -3.43636  2.56785  2.87656  5.16498
1523  -1.7846  -3.11473  4.29385  5.59674
1524  -1.72728  -2.58136  1.81075  3.59524
1525  0.471774  -2.13772  2.04005  2.99236
1526  2.09502  -4.53991  2.53447  5.60566
1527  2.09502  -4.53991  2.53447  5.60566
1528  2.09502  -4.53991  2.53447  5.60566
1529  2.09502  -4.53991  2.53447  5.60566
1530  2.09502  -4.53991  2.53447  5.60566
1531  2.09502  -4.53991  2.53447  5.60566
1532  0.893492  -3.79272  5.23932  6.52943
1533  0.893492  -3.79272  5.23932  6.52943
1534  0.893492  -3.79272  5.23932  6.52943
1535  0.195947  -4.14665  5.14397  6.61011
1536  0.195947  -4.14665  5.14397  6.61011
1537  0.806833  -2.82319  5.98893  6.66998
1538  1.1364  -3.48331  1.89137  4.12337
1539  1.08861  -4.23961  3.81178  5.80423
1540  1.08861  -4.23961  3.81178  5.80423
1541  0.348446  -5.50275  5.2098  7.58576
1542  -1.26592  -5.00617  7.7734  9.33221
1543  -1.36208  -4.78499  8.08722  9.49497
1544  -1.36208  -4.78499  8.08722  9.49497
1545  -1.36208  -4.78499  8.08722  9.49497
1546  -1.36208  -4.78499  8.08722  9.49497
1547  -1.36208  -4.78499  8.08722  9.49497
1548  1.70311  -4.77426  7.66867  9.19253
1549  2.08622  -2.27334  6.58669  7.27357
1550  0.89958  -0.336492  8.32322  8.37845
1551  -0.922217  1.06614  8.49176  8.60796
1552  -0.922217  1.06614  8.49176  8.60796
1553  -0.682264  0.275908  9.4615  9.49008
1554  1.58471  -1.95972  8.0388  8.42461
1555  1.58471  -1.95972  8.0388  8.42461
1556  1.58471  -1.95972  8.0388  8.42461
1557  1.58471  -1.95972  8.0388  8.42461
1558  -0.761036  -0.856238  7.98092  8.06272
1559  -0.761036  -0.856238  7.98092  8.06272
1560  -0.112662  0.860983  7.06503  7.11819
1561  -0.643713  -0.155186  7.41038  7.4399
1562  -0.643713  -0.155186  7.41038  7.4399
1563  -0.643713  -0.155186  7.41038  7.4399
1564  0.039284  -3.01858  9.10518  9.59259
1565  -2.33985  -3.50684  9.58512  10.4713
1566  -1.59474  -4.18287  8.50766  9.61352
1567  -1.59474  -4.18287  8.50766  9.61352
1568  -1.59474  -4.18287  8.50766  9.61352
1569  -1.59474  -4.18287  8.50766  9.61352
1570  -3.12375  -0.838362  4.63465  5.65161
1571  -5.61869  -0.663658  3.42619  6.61429
1572  -5.61869  -0.663658  3.42619  6.61429
1573  -5.61869  -0.663658  3.42619  6.61429
1574  -5.61869  -0.663658  3.42619  6.61429
1575  -4.09076  1.35019  5.73588  7.1734
1576  -4.09076  1.35019  5.73588  7.1734
1577  -4.64319  0.200183  4.64924  6.57378
1578  -4.64319  0.200183  4.64924  6.57378
1579  -5.31836  0.496903  5.94062  7.98892
1580  -5.31836  0.496903  5.94062  7.98892
1581  -6.78261  1.94059  5.15195  8.73569
1582  -6.78261  1.94059  5.15195  8.73569
1583  -6.78261  1.94059  5.15195  8.73569
1584  -5.71233  1.15509  6.16269  8.48196
1585  -5.71233  1.15509  6.16269  8.48196
1586  -5.50086  1.61063  1.8203  6.01391
1587  -5.50086  1.61063  1.8203  6.01391
1588  -3.98992  0.72601  4.50642  6.06254
1589  -3.98992  0.72601  4.50642  6.06254
1590  -3.98992  0.72601  4.50642  6.06254
1591  -3.98992  0.72601  4.50642  6.06254
1592  -1.44154  1.67754  3.9287  4.50853
1593  -0.979804  -1.11466  0.818182  1.69467
1594  0.0743419  -2.25807  -3.41911  4.09813
1595  0.0743419  -2.25807  -3.41911  4.09813
1596  0.0743419  -2.25807  -3.41911  4.09813
1597  0.0743419  -2.25807  -3.41911  4.09813
1598  0.0743419  -2.25807  -3.41911  4.09813
1599  0.368474  -4.70388  -3.33939  5.78046
1600  0.368474  -4.70388  -3.33939  5.78046
1601  -2.27879  -4.63352  -6.19118  8.06183
1602  -2.27879  -4.63352  -6.19118  8.06183
1603  -2.27879  -4.63352  -6.19118  8.06183
1604  -2.27879  -4.63352  -6.19118  8.06183
1605  -2.31639  -3.57236  -3.42079  5.46161
1606  -2.31639  -3.57236  -3.42079  5.46161
1607  -2.31639  -3.57236  -3.42079  5.46161
1608  0.162289  -3.08972  -2.73071  4.12668
1609  -0.286568  -2.93885  -4.5876  5.45574
1610  -0.352009  -2.39255  -1.8356  3.03606
1611  -0.352009  -2.39255  -1.8356  3.03606
1612  -0.352009  -2.39255  -1.8356  3.03606
1613  -1.28695  -2.06677  -2.16785  3.25996
1614  -1.28695  -2.06677  -2.16785  3.25996
1615  0.874484  -0.919392  -1.66863  2.09626
1616  0.874484  -0.919392  -1.66863  2.09626
1617  0.556841  -3.0774  -4.65013  5.60394
1618  -1.23757  -0.757379  -3.78889  4.0572
1619  -0.343797  -1.40674  -0.919615  1.71546
1620  -2.68456  -0.367475  -1.82198  3.2652
1621  -2.68456  -0.367475  -1.82198  3.2652
1622  -2.09202  -0.907424  -3.49995  4.17727
1623  -2.48524  -2.16271  -2.10466  3.90938
1624  0.148213  -1.42922  -6.89096  7.03917
1625  -0.0648016  -3.05093  -6.08431  6.8067
1626  -0.0648016  -3.05093  -6.08431  6.8067
1627  -0.283237  -1.4373  -8.26175  8.39062
1628  -0.283237  -1.4373  -8.26175  8.39062
1629  -0.283237  -1.4373  -8.26175  8.39062
1630  -0.283237  -1.4373  -8.26175  8.39062
1631  -0.335043  1.0419  -6.16256  6.25899
1632  -0.468009  0.0706502  -4.55892  4.58343
1633  -0.468009  0.0706502  -4.55892  4.58343
1634  0.226698  -0.559433  -5.16378  5.19894
1635  0.226698  -0.559433  -5.16378  5.19894
1636  0.226698  -0.559433  -5.16378  5.19894
1637  4.21554  -0.748389  -6.41803  7.71504
1638  0.0282761  1.45888  -6.35923  6.52449
1639  0.0282761  1.45888  -6.35923  6.52449
1640  0.0282761  1.45888  -6.35923  6.52449
1641  0.0282761  1.45888  -6.35923  6.52449
1642  -0.199642  -0.494092  -3.69253  3.73079
1643  -0.199642  -0.494092  -3.69253  3.73079
1644  -1.46532  -2.07407  -3.05264  3.97084
1645  1.74192  -2.46231  -2.13834  3.69726
1646  -0.411216  -2.56143  -3.89042  4.67604
1647  -0.411216  -2.56143  -3.89042  4.67604
1648  -0.411216  -2.56143  -3.89042  4.67604
1649  -0.411216  -2.56143  -3.89042  4.67604
1650  -0.411216  -2.56143  -3.89042  4.67604
1651  -1.69417  1.0331  -1.59698  2.54713
1652  -1.69417  1.0331  -1.59698  2.54713
1653  -0.0467384  0.63439  -1.94063  2.04222
1654  1.05115  -0.303307  -3.50244  3.66933
1655  1.05115  -0.303307  -3.50244  3.66933
1656  0.105306  -0.330778  -2.13049  2.15859
1657  0.105306  -0.330778  -2.13049  2.15859
1658  0.105306  -0.330778  -2.13049  2.15859
1659  0.105306  -0.330778  -2.13049  2.15859
1660  0.105306  -0.330778  -2.13049  2.15859
1661  0.105306  -0.330778  -2.13049  2.15859
1662  0.105306  -0.330778  -2.13049  2.15859
1663  0.105306  -0.330778  -2.13049  2.15859
1664  0.105306  -0.330778  -2.13049  2.15859
1665  0.105306  -0.330778  -2.13049  2.15859
1666  1.17901  0.148744  -2.71702  2.96553
1667  1.17901  0.148744  -2.71702  2.96553
1668  2.79701  0.32232  -3.3084  4.34427
1669  2.79701  0.32232  -3.3084  4.34427
1670  2.79701  0.32232  -3.3084  4.34427
1671  2.79701  0.32232  -3.3084  4.34427
1672  0.931919  2.78645  -3.95973  4.93074
1673  0.931919  2.78645  -3.95973  4.93074
1674  0.931919  2.78645  -3.95973  4.93074
1675  0.931919  2.78645  -3.95973  4.93074
1676  0.931919  2.78645  -3.95973  4.93074
1677  2.42  1.19978  -4.90656  5.60091
1678  2.42  1.19978  -4.90656  5.60091
1679  2.35664  -0.31313  -2.29679  3.30561
1680  2.35664  -0.31313  -2.29679  3.30561
1681  2.35664  -0.31313  -2.29679  3.30561
1682  1.70086  0.436002  -1.42923  2.264
1683  1.70086  0.436002  -1.42923  2.264
1684  1.70086  0.436002  -1.42923  2.264
1685  1.70086  0.436002  -1.42923  2.264
1686  1.70086  0.436002  -1.42923  2.264
1687  1.70086  0.436002  -1.42923  2.264
1688  1.70086  0.436002  -1.42923  2.264
1689  1.70086  0.436002  -1.42923  2.264
1690  1.70086  0.436002  -1.42923  2.264
1691  1.70086  0.436002  -1.42923  2.264
1692  1.61974  -0.869979  -1.93706  2.6707
1693  1.61974  -0.869979  -1.93706  2.6707
1694  1.61974  -0.869979  -1.93706  2.6707
1695  1.61974  -0.869979  -1.93706  2.6707
1696  1.61974  -0.869979  -1.93706  2.6707
1697  1.61974  -0.869979  -1.93706  2.6707
1698  1.61974  -0.869979  -1.93706  2.6707
1699  1.61974  -0.869979  -1.93706  2.6707
1700  1.61974  -0.869979  -1.93706  2.6707
1701  1.61974  -0.869979  -1.93706  2.6707
1702  1.61974  -0.869979  -1.93706  2.6707
1703  1.61974  -0.869979  -1.93706  2.6707
1704  1.61974  -0.869979  -1.93706  2.6707
1705  1.61974  -0.869979  -1.93706  2.6707
1706  0.622243  -1.17621  -1.89028  2.31167
1707  0.622243  -1.17621  -1.89028  2.31167
1708  -1.45021  -0.110577  -4.482  4.71208
1709  -3.50976  0.420752  -4.11058  5.42146
1710  -2.43043  0.873198  -4.3573  5.06513
1711  -2.43043  0.873198  -4.3573  5.06513
1712  1.18497  -0.394766  -2.02778  2.38157
1713  1.18497  -0.394766  -2.02778  2.38157
1714  1.93395  -1.31213  -3.05693  3.84794
1715  1.93395  -1.31213  -3.05693  3.84794
1716  4.26264  -0.0394896  -1.54858  4.53539
1717  4.26264  -0.0394896  -1.54858  4.53539
1718  2.0158  1.06809  -6.73883  7.1145
1719  2.0158  1.06809  -6.73883  7.1145
1720  1.78175  -0.351627  -5.51176  5.80325
1721  1.78175  -0.351627  -5.51176  5.80325
1722  0.202024  2.06269  -2.54882  3.28512
1723  0.202024  2.06269  -2.54882  3.28512
1724  1.46347  1.19571  -3.03893  3.57862
1725  1.36776  -1.66075  -1.59818  2.68012
1726  1.36776  -1.66075  -1.59818  2.68012
1727  1.05603  0.667539  -2.53808  2.8289
1728  1.05603  0.667539  -2.53808  2.8289
1729  1.05603  0.667539  -2.53808  2.8289
1730  1.05603  0.667539  -2.53808  2.8289
1731  1.05603  0.667539  -2.53808  2.8289
1732  1.05603  0.667539  -2.53808  2.8289
1733  1.4408  1.10859  -4.19421  4.57125
1734  1.4408  1.10859  -4.19421  4.57125
1735  0.687956  1.08435  -4.06386  4.26193
1736  0.687956  1.08435  -4.06386  4.26193
1737  -2.07431  -0.319979  -6.19399  6.53993
1738  -1.93238  -1.24629  -6.82125  7.19839
1739  -0.8383  -1.23148  -6.3646  6.53662
1740  1.68884  -1.00615  -8.19844  8.43083
1741  0.453734  -2.20496  -5.37068  5.8234
1742  0.453734  -2.20496  -5.37068  5.8234
1743  0.978883  -1.78519  -6.70336  7.00573
1744  0.978883  -1.78519  -6.70336  7.00573
1745  0.978883  -1.78519  -6.70336  7.00573
1746  0.978883  -1.78519  -6.70336  7.00573
1747  1.27562  -0.946421  -4.72741  4.98712
1748  -0.98134  2.1179  -6.2436  6.66566
1749  -0.98134  2.1179  -6.2436  6.66566
1750  -0.98134  2.1179  -6.2436  6.66566
1751  -3.58088  3.16001  -5.6641  7.4088
1752  -2.09166  2.29045  -6.79333  7.46797
1753  -2.09166  2.29045  -6.79333  7.46797
1754  -2.09166  2.29045  -6.79333  7.46797
1755  -2.09166  2.29045  -6.79333  7.46797
1756  -2.09166  2.29045  -6.79333  7.46797
1757  0.0537529  -1.84559  -7.25829  7.48945
1758  -4.85806  -2.75183  -6.86627  8.8498
1759  -4.85806  -2.75183  -6.86627  8.8498
1760  -4.42684  -3.44732  -6.50949  8.59386
1761  -5.85096  -1.44408  -8.38025  10.3222
1762  -5.85096  -1.44408  -8.38025  10.3222
1763  -3.69321  0.370324  -10.7364  11.3599
1764  -4.64969  3.62986  -9.04849  10.8014
1765  -4.92354  4.49654  -9.10161  11.2827
1766  -4.79703  0.660375  -7.33996  8.79333
1767  -4.79703  0.660375  -7.33996  8.79333
1768  -1.94224  0.48636  -8.49198  8.72483
1769  -5.19858  1.27621  -6.05556  8.08231
1770  -2.24843  0.490343  -4.05767  4.66482
1771  -2.80401  -1.84422  -4.73074  5.8003
1772  -2.80401  -1.84422  -4.73074  5.8003
1773  -2.80401  -1.84422  -4.73074  5.8003
1774  -2.80401  -1.84422  -4.73074  5.8003
1775  -0.275304  1.88435  -5.98075  6.27661
1776  -1.32819  1.82936  -6.21399  6.61244
1777  -0.630443  1.98075  -2.4219  3.19162
1778  0.951056  -0.284568  -1.91873  2.16033
1779  -1.34412  -0.897137  -2.35769  2.85836
1780  -1.34412  -0.897137  -2.35769  2.85836
1781  -0.0574816  -1.08679  1.29827  1.69409
1782  -0.0574816  -1.08679  1.29827  1.69409
1783  -0.0574816  -1.08679  1.29827  1.69409
1784  -0.732753  -1.89057  2.79331  3.45163
1785  0.765844  1.21981  1.08376  1.8025
1786  -0.142498  1.94092  -1.61124  2.52658
1787  -0.142498  1.94092  -1.61124  2.52658
1788  0.230924  2.27664  1.46242  2.71571
1789  0.535869  1.91401  2.76474  3.40505
1790  0.535869  1.91401  2.76474  3.40505
1791  -0.494336  0.298184  1.56639  1.66939
1792  -0.682388  0.0382131  -0.491747  0.841979
1793  1.71265  2.43212  -2.0416  3.60784
1794  1.71265  2.43212  -2.0416  3.60784
1795  0.874608  1.37798  -1.80132  2.43075
1796  1.6126  -0.635973  -3.03496  3.49513
1797  1.6126  -0.635973  -3.03496  3.49513
1798  -0.291422  -0.625546  -4.44993  4.50312
1799  0.202065  -1.41147  -3.76142  4.02261
1800  0.202065  -1.41147  -3.76142  4.02261
1801  0.202065  -1.41147  -3.76142  4.02261
1802  3.11863  1.28775  -4.73267  5.81225
1803  -0.0978366  0.197729  -1.19598  1.21616
1804  -0.0978366  0.197729  -1.19598  1.21616
1805  -0.0978366  0.197729  -1.19598  1.21616
1806  -0.0583573  0.473865  -2.44953  2.49562
1807  -0.0583573  0.473865  -2.44953  2.49562
1808  -1.3114  1.39503  -2.12254  2.8585
1809  -1.3114  1.39503  -2.12254  2.8585
1810  -1.3114  1.39503  -2.12254  2.8585
1811  -0.211277  2.24667  -2.73529  3.54598
1812  -0.357125  3.0372  -2.08521  3.70138
1813  -0.357125  3.0372  -2.08521  3.70138
1814  -0.357125  3.0372  -2.08521  3.70138
1815  1.2247  3.52228  -3.15389  4.88399
1816  1.2247  3.52228  -3.15389  4.88399
1817  -1.28617  2.21645  -2.45306  3.54745
1818  -3.0726  2.29934  -3.29098  5.05553
1819  -2.86063  3.14391  -2.35725  4.86045
1820  -2.15134  2.37279  -2.51984  4.07529
1821  -2.16444  2.24587  -3.00321  4.32989
1822  -2.16444  2.24587  -3.00321  4.32989
1823  -2.16444  2.24587  -3.00321  4.32989
1824  0.0116334  1.38388  -3.65573  3.90892
1825  0.0116334  1.38388  -3.65573  3.90892
1826  0.0116334  1.38388  -3.65573  3.90892
1827  -1.93973  -0.457263  -5.10327  5.4786
1828  0.760359  -0.89262  -4.45865  4.61026
1829  0.760359  -0.89262  -4.45865  4.61026
1830  -1.38855  -0.267608  -5.43856  5.6194
1831  -1.72996  2.23124  -5.27959  5.98709
1832  -1.58887  0.996465  -8.43304  8.63908
1833  -0.811227  2.88479  -7.53599  8.10995
1834  -0.811227  2.88479  -7.53599  8.10995
1835  -0.811227  2.88479  -7.53599  8.10995
1836  -1.27424  1.82152  -6.32122  6.70071
1837  -0.407839  3.62125  -4.27794  5.61966
1838  -0.407839  3.62125  -4.27794  5.61966
1839  -0.407839  3.62125  -4.27794  5.61966
1840  -1.98018  2.49898  -1.45952  3.50659
1841  -1.98018  2.49898  -1.45952  3.50659
1842  -1.98018  2.49898  -1.45952  3.50659
1843  -1.98018  2.49898  -1.45952  3.50659
1844  0.50005  1.60514  -2.04013  2.64361
1845  0.50005  1.60514  -2.04013  2.64361
1846  0.594407  0.222299  -3.55954  3.61567
1847  0.594407  0.222299  -3.55954  3.61567
1848  0.594407  0.222299  -3.55954  3.61567
1849  0.654342  -0.181015  -1.46028  1.61039
1850  0.654342  -0.181015  -1.46028  1.61039
1851  0.654342  -0.181015  -1.46028  1.61039
1852  0.654342  -0.181015  -1.46028  1.61039
1853  -0.966976  -0.496973  2.783  2.98782
1854  -0.966976  -0.496973  2.783  2.98782
1855  -0.966976  -0.496973  2.783  2.98782
1856  -0.305497  -1.30243  2.79968  3.10288
1857  -0.305497  -1.30243  2.79968  3.10288
1858  -0.342554  -0.728109  3.67603  3.76307
1859  -0.342554  -0.728109  3.67603  3.76307
1860  0.811987  -1.48259  4.47081  4.7797
1861  0.811987  -1.48259  4.47081  4.7797
1862  0.811987  -1.48259  4.47081  4.7797
1863  0.811987  -1.48259  4.47081  4.7797
1864  0.448009  -5.13926  4.27083  6.69722
1865  0.581405  -3.9274  3.65279  5.39494
1866  0.581405  -3.9274  3.65279  5.39494
1867  1.20702  -2.75127  3.8972  4.92083
1868  1.20702  -2.75127  3.8972  4.92083
1869  -0.648441  -1.60351  5.07115  5.35801
1870  1.39748  -1.21971  4.54905  4.91269
1871  2.21163  1.13221  5.41337  5.95632
1872  4.71613  0.316899  3.62172  5.95476
1873  4.0877  -1.79469  3.13826  5.457
1874  2.82868  -2.24552  1.22967  3.81521
1875  2.12254  -3.26416  1.77303  4.27827
1876  0.667944  -5.07263  6.03249  7.91004
1877  1.71152  -6.38838  3.08666  7.2985
1878  1.71152  -6.38838  3.08666  7.2985
1879  1.71152  -6.38838  3.08666  7.2985
1880  1.71152  -6.38838  3.08666  7.2985
1881  1.71152  -6.38838  3.08666  7.2985
1882  1.71152  -6.38838  3.08666  7.2985
1883  4.39912  -3.92824  1.82062  6.17236
1884  4.39912  -3.92824  1.82062  6.17236
1885  4.39912  -3.92824  1.82062  6.17236
1886  4.39912  -3.92824  1.82062  6.17236
1887  4.39912  -3.92824  1.82062  6.17236
1888  4.39912  -3.92824  1.82062  6.17236
1889  3.60966  -3.44483  2.85285  5.74762
1890  3.58785  -1.25487  3.41841  5.11203
1891  1.97914  -4.38964  3.28792  5.83064
1892  0.702371  -3.69607  2.12116  4.31898
1893  0.702371  -3.69607  2.12116  4.31898
1894  0.702371  -3.69607  2.12116  4.31898
1895  -0.0885601  -1.49877  2.59208  2.9955
1896  -0.3265  -0.459227  2.74105  2.79837
1897  -0.3265  -0.459227  2.74105  2.79837
1898  -0.3265  -0.459227  2.74105  2.79837
1899  -0.3265  -0.459227  2.74105  2.79837
1900  -0.3265  -0.459227  2.74105  2.79837
1901  0.574045  0.354705  2.11785  2.22275
1902  0.574045  0.354705  2.11785  2.22275
1903  -1.98945  0.345437  1.81305  2.71374
1904  -1.98945  0.345437  1.81305  2.71374
1905  -1.98945  0.345437  1.81305  2.71374
1906  -1.98945  0.345437  1.81305  2.71374
1907  -0.140397  -0.169526  5.09269  5.09745
1908  1.60256  1.00745  3.57098  4.04167
1909  0.144799  -0.448864  5.80385  5.82298
1910  0.144799  -0.448864  5.80385  5.82298
1911  -3.82186  -0.253178  3.3308  5.07592
1912  -3.82186  -0.253178  3.3308  5.07592
1913  -3.82186  -0.253178  3.3308  5.07592
1914  -2.1801  -3.10891  3.24797  4.99675
1915  -2.1801  -3.10891  3.24797  4.99675
1916  -1.919  -2.06008  2.15902  3.54794
1917  -1.919  -2.06008  2.15902  3.54794
1918  -1.919  -2.06008  2.15902  3.54794
1919  -0.508206  -2.14554  1.13512  2.47995
1920  -0.378371  -2.15893  1.15206  2.47617
1921  -0.378371  -2.15893  1.15206  2.47617
1922  0.481422  -0.678294  0.854071  1.19218
1923  1.54973  -1.60771  1.84555  2.89698
1924  1.54973  -1.60771  1.84555  2.89698
1925  1.54973  -1.60771  1.84555  2.89698
1926  1.76659  -2.70288  -1.51901  3.56844
1927  1.17577  -2.27575  1.76549  3.11102
1928  0.479823  -2.66035  2.68248  3.80833
1929  0.479823  -2.66035  2.68248  3.80833
1930  0.479823  -2.66035  2.68248  3.80833
1931  3.621  -1.05339  3.85098  5.38993
1932  3.50774  0.0296338  5.35434  6.4011
1933  4.04318  -1.1225  3.94109  5.75669
1934  4.04318  -1.1225  3.94109  5.75669
1935  4.04318  -1.1225  3.94109  5.75669
1936  4.04318  -1.1225  3.94109  5.75669
1937  4.05708  -1.94427  1.72994  4.82003
1938  4.05708  -1.94427  1.72994  4.82003
1939  3.16156  -0.403282  1.89575  3.70837
1940  2.61746  0.522359  1.08877  2.88259
1941  3.29568  1.57885  4.29287  5.63765
1942  1.48535  2.26854  4.66072  5.39211
1943  1.39569  1.84749  1.61407  2.82248
1944  -0.354079  -1.16986  2.90407  3.15081
1945  -0.15146  2.5033  0.928365  2.67419
1946  -0.15146  2.5033  0.928365  2.67419
1947  -0.15146  2.5033  0.928365  2.67419
1948  -1.28656  0.736379  1.1693  1.88805
1949  -1.22845  0.982804  4.72487  4.9799
1950  0.43634  1.82281  5.90019  6.19074
1951  -0.834771  0.575728  6.69912  6.77543
1952  -0.834771  0.575728  6.69912  6.77543
1953  -0.31907  -0.0506132  6.1109  6.11943
1954  -0.31907  -0.0506132  6.1109  6.11943
1955  -0.31907  -0.0506132  6.1109  6.11943
1956  -0.31907  -0.0506132  6.1109  6.11943
1957  -1.03659  -0.173117  6.74197  6.82339
1958  -1.03659  -0.173117  6.74197  6.82339
1959  -1.03659  -0.173117  6.74197  6.82339
1960  -1.03659  -0.173117  6.74197  6.82339
1961  -1.18332  -0.231242  5.89747  6.01946
1962  -1.59479  0.396862  6.21618  6.42975
1963  -0.517367  0.561024  6.81726  6.85984
1964  2.06962  -0.883473  6.23691  6.63045
1965  2.06962  -0.883473  6.23691  6.63045
1966  4.45492  0.781222  1.98899  4.94093
1967  4.45492  0.781222  1.98899  4.94093
1968  4.45492  0.781222  1.98899  4.94093
1969  4.45492  0.781222  1.98899  4.94093
1970  4.0595  -0.427171  4.57852  6.13391
1971  4.568  -2.90255  8.84457  10.3691
1972  1.49241  -4.60919  10.1856  11.2791
1973  0.963524  -4.54112  9.69159  10.746
1974  0.963524  -4.54112  9.69159  10.746
1975  -3.9288  -2.34409  9.64195  10.6723
1976  -1.91365  -0.630201  10.4248  10.6177
1977  -1.91365  -0.630201  10.4248  10.6177
1978  -3.20903  2.56295  7.16631  8.2597
1979  -3.20903  2.56295  7.16631  8.2597
1980  -1.67096  0.992226  7.66152  7.90414
1981  -1.20443  2.61902  7.2136  7.76826
1982  -1.64038  -0.0700641  5.19119  5.44465
1983  -1.64038  -0.0700641  5.19119  5.44465
1984  -2.91155  0.338548  5.52447  6.25392
1985  -2.91155  0.338548  5.52447  6.25392
1986  -3.71666  2.73027  1.9938  5.02425
1987  -1.26483  1.73395  3.12206  3.78862
1988  -1.26483  1.73395  3.12206  3.78862
1989  -0.55584  0.45153  1.82923  1.96442
1990  2.50117  2.35257  2.93155  4.51491
1991  2.50117  2.35257  2.93155  4.51491
1992  -0.115972  2.00388  5.15264  5.5298
1993  2.20211  1.6087  5.33937  5.99551
1994  2.20211  1.6087  5.33937  5.99551
1995  1.9436  2.39215  2.85984  4.2046
1996  1.9436  2.39215  2.85984  4.2046
1997  1.38835  0.472677  4.22566  4.47293
1998  1.38835  0.472677  4.22566  4.47293
1999  1.38835  0.472677  4.22566  4.47293
2000  1.2234  -0.113951  5.04271  5.19024
