0 100  100  100  173.205
1  100.195  99.3762  99.1905  172.492
2  100.008  98.1899  99.4355  171.844
3  99.5775  97.5769  99.3076  171.169
4  99.7174  97.0596  97.9919  170.196
5  99.7585  96.2911  97.0346  169.232
6  100.182  94.968  96.9661  168.694
7  100.182  94.968  96.9661  168.694
8  100.182  94.968  96.9661  168.694
9  100.182  94.968  96.9661  168.694
10  100.565  94.8545  96.3821  168.524
11  101.47  95.4003  96.0109  169.161
12  101.825  95.4282  95.9994  169.383
13  101.825  95.4282  95.9994  169.383
14  101.157  95.5361  95.1416  168.558
15  101.157  95.5361  95.1416  168.558
16  101.287  95.5932  95.0293  168.605
17  101.287  95.5932  95.0293  168.605
18  100.251  96.8872  95.2792  168.865
19  100.251  96.8872  95.2792  168.865
20  100.035  95.5261  96.8832  168.874
21  99.9959  94.7704  95.9886  167.912
22  99.9959  94.7704  95.9886  167.912
23  99.9959  94.7704  95.9886  167.912
24  100.027  93.9077  94.944  166.848
25  99.748  92.5884  93.9621  165.382
26  100.887  92.2567  93.1391  165.422
27  100.887  92.2567  93.1391  165.422
28  100.887  92.2567  93.1391  165.422
29  101.533  92.0183  92.4403  165.292
30  101.728  91.9256  92.4955  165.391
31  101.919  90.9959  91.7325  164.568
32  102.762  90.9406  91.8876  165.147
33  102.994  90.814  91.6706  165.101
34  103.482  90.6553  91.6788  165.324
35  104.252  90.9121  90.46  165.277
36  104.633  89.5024  90.1201  164.561
37  103.944  89.2887  89.4007  163.613
38  103.064  89.0331  89.8663  163.172
39  102.177  88.5894  89.6658  162.26
40  102.554  88.6951  89.0974  162.242
41  103.228  87.7044  88.3665  161.731
42  102.803  86.9906  88.3515  161.064
43  101.451  86.9314  88.2509  160.118
44  101.451  86.9314  88.2509  160.118
45  100.838  87.181  87.6611  159.541
46  100.838  87.181  87.6611  159.541
47  101.341  87.9502  86.8493  159.837
48  101.341  87.9502  86.8493  159.837
49  101.334  86.5179  86.785  159.015
50  101.334  86.5179  86.785  159.015
51  101.334  86.5179  86.785  159.015
52  101.334  86.5179  86.785  159.015
53  100.601  86.2623  87.2897  158.686
54  101.44  85.2776  87.0129  158.536
55  101.44  85.2776  87.0129  158.536
56  100.154  85.21  86.1949  157.23
57  100.154  85.21  86.1949  157.23
58  100.293  86.3632  86.3754  158.044
59  99.0018  84.9741  86.296  156.426
60  98.6026  84.2802  86.6033  155.967
61  99.6515  82.2082  83.8818  154.028
62  99.8972  82.4187  83.0479  153.848
63  99.6607  82.6559  83.0796  153.839
64  99.3481  81.5713  83.6273  153.354
65  98.4266  81.8252  84.235  153.228
66  97.8408  81.04  84.9037  152.804
67  97.0659  81.3987  84.7273  152.402
68  97.7133  79.6382  84.1002  151.535
69  97.6147  78.7523  82.9863  150.39
70  97.8222  77.9093  81.8828  149.479
71  97.456  77.6178  81.2209  148.725
72  97.6086  77.4079  81.3992  148.813
73  97.9478  76.2255  80.587  147.981
74  97.9478  76.2255  80.587  147.981
75  98.075  75.5051  79.5418  147.128
76  99.3129  74.2867  79.2838  147.199
77  99.3129  74.2867  79.2838  147.199
78  99.3129  74.2867  79.2838  147.199
79  99.1518  74.7796  80.2809  147.879
80  99.1518  74.7796  80.2809  147.879
81  98.5259  74.3454  81.2724  147.783
82  97.6999  74.6758  81.1563  147.337
83  97.6999  74.6758  81.1563  147.337
84  97.212  74.3128  81.272  146.894
85  96.1921  74.1544  80.3305  145.619
86  95.7138  73.2507  80.4918  144.934
87  95.4444  72.7846  80.3233  144.427
88  94.6215  73.3306  81.5684  144.859
89  94.9648  72.2904  81.5368  144.542
90  94.624  72.1858  81.8124  144.422
91  93.9075  73.427  81.1113  144.184
92  93.9075  73.427  81.1113  144.184
93  92.913  74.013  81.6414  144.139
94  91.7748  73.2845  80.7351  142.518
95  91.7748  73.2845  80.7351  142.518
96  91.7748  73.2845  80.7351  142.518
97  91.7748  73.2845  80.7351  142.518
98  91.7748  73.2845  80.7351  142.518
99  92.0519  72.6579  80.6964  142.354
100  92.3826  71.6577  80.5409  141.973
101  92.3826  71.6577  80.5409  141.973
102  92.0653  71.8493  81.1173  142.191
103  92.0653  71.8493  81.1173  142.191
104  92.3641  71.3118  81.2222  142.174
105  92.3641  71.3118  81.2222  142.174
106  90.5213  71.9422  79.9655  140.585
107  90.5477  71.7139  78.8574  139.858
108  91.0529  71.4445  78.727  139.975
109  90.3035  70.6442  79.5754  139.562
110  90.5962  70.9243  78.5799  139.33
111  90.4138  71.7334  77.3649  138.945
112  87.9613  72.9661  76.4878  137.52
113  88.1787  72.5302  76.1402  137.235
114  87.9158  72.2522  75.6269  136.635
115  88.2252  71.0872  76.2142  136.549
116  87.0186  71.2949  74.9472  135.175
117  87.0186  71.2949  74.9472  135.175
118  86.7986  70.8883  74.337  134.481
119  86.7986  70.8883  74.337  134.481
120  86.7986  70.8883  74.337  134.481
121  86.7986  70.8883  74.337  134.481
122  86.7986  70.8883  74.337  134.481
123  86.0984  69.1039  74.1402  132.985
124  85.3086  68.0909  73.546  131.617
125  86.4654  67.5996  72.5937  131.59
126  86.1203  68.0061  73.1841  131.899
127  84.8277  67.6904  72.5797  130.559
128  84.8277  67.6904  72.5797  130.559
129  85.1338  66.2776  73.2871  130.428
130  85.1338  66.2776  73.2871  130.428
131  84.7719  65.5425  73.4569  129.915
132  84.7719  65.5425  73.4569  129.915
133  85.6233  65.2109  71.4789  129.202
134  84.2458  65.3132  70.0565  127.558
135  84.3977  64.3889  69.3478  126.799
136  84.3977  64.3889  69.3478  126.799
137  84.409  63.1403  70.5904  126.864
138  85.0883  62.8016  69.2293  126.399
139  85.4336  62.1824  69.3612  126.398
140  86.0213  61.3844  67.7866  125.55
141  85.9372  60.8019  67.1535  124.867
142  85.9372  60.8019  67.1535  124.867
143  85.9372  60.8019  67.1535  124.867
144  84.7257  59.9931  67.3544  123.751
145  85.2533  60.6446  67.6437  124.586
146  85.5385  60.2434  67.7333  124.635
147  85.5385  60.2434  67.7333  124.635
148  85.8651  60.9888  67.6924  125.199
149  85.5329  62.4109  67.9104  125.789
150  85.5329  62.4109  67.9104  125.789
151  85.1461  61.0061  68.6506  125.238
152  85.1461  61.0061  68.6506  125.238
153  85.4551  61.2564  68.6439  125.566
154  85.7115  61.4634  67.6223  125.288
155  84.8761  60.6064  67.9114  124.455
156  84.1135  59.9041  69.4785  124.462
157  84.1135  59.9041  69.4785  124.462
158  83.8164  60.0262  70.1109  124.675
159  83.3872  60.304  68.8252  123.802
160  83.3872  60.304  68.8252  123.802
161  83.4676  59.8257  68.3471  123.358
162  84.146  59.2242  68.3089  123.508
163  84.146  59.2242  68.3089  123.508
164  83.4676  58.3526  67.5993  122.236
165  82.5187  59.6363  65.8847  121.271
166  82.5187  59.6363  65.8847  121.271
167  81.6856  60.8037  65.6688  121.169
168  81.6856  60.8037  65.6688  121.169
169  82.9443  60.7041  67.0213  122.705
170  82.9443  60.7041  67.0213  122.705
171  83.7522  59.3435  65.7847  121.917
172  83.7522  59.3435  65.7847  121.917
173  82.0676  58.2183  65.593  120.112
174  81.5852  58.2088  65.3106  119.624
175  81.5059  57.5882  65.1154  119.162
176  81.5059  57.5882  65.1154  119.162
177  81.5083  59.1046  63.9034  119.25
178  81.5083  59.1046  63.9034  119.25
179  81.5083  59.1046  63.9034  119.25
180  80.566  59.8021  62.9568  118.451
181  81.3426  59.0046  64.3321  119.318
182  81.3426  59.0046  64.3321  119.318
183  80.2278  57.5387  63.7302  117.511
184  80.2278  57.5387  63.7302  117.511
185  80.4203  57.3724  64.2618  117.85
186  80.8661  55.2123  65.0469  117.554
187  81.3671  55.0848  65.9344  118.331
188  81.2464  55.2785  66.2037  118.489
189  80.3351  55.2115  66.832  118.189
190  78.9841  53.3712  67.3803  116.735
191  78.9841  53.3712  67.3803  116.735
192  77.6442  53.8962  66.555  115.598
193  76.4895  54.5215  66.84  115.286
194  75.5119  54.0226  66.1904  114.025
195  75.1284  53.5633  67.9153  114.568
196  75.1284  53.5633  67.9153  114.568
197  75.3185  52.3414  68.8558  114.689
198  74.1493  51.8498  69.2392  113.932
199  73.3674  52.7819  68.8189  113.599
200  74.0851  52.5194  69.0391  114.076
201  72.8409  51.8963  69.8109  113.457
202  73.2176  50.8345  69.9169  113.284
203  71.868  51.2049  69.789  112.505
204  71.6032  51.7427  70.6641  113.127
205  72.1059  51.8336  69.4432  112.731
206  72.6326  51.0765  68.656  112.241
207  72.0194  50.1046  68.4693  111.289
208  72.0194  50.1046  68.4693  111.289
209  72.1056  49.0753  68.4626  110.882
210  72.1056  49.0753  68.4626  110.882
211  71.4629  49.0851  67.7168  110.008
212  71.4629  49.0851  67.7168  110.008
213  71.4629  49.0851  67.7168  110.008
214  70.7958  50.078  66.5562  109.314
215  70.1603  49.8972  66.0931  108.538
216  70.1603  49.8972  66.0931  108.538
217  70.2775  49.2751  67.5189  109.205
218  70.4711  47.8522  67.0162  108.384
219  69.876  48.2004  67.4291  108.41
220  68.4145  47.2998  67.9028  107.371
221  68.9402  48.0495  66.9319  107.431
222  67.7662  47.5929  67.6755  106.945
223  67.7662  47.5929  67.6755  106.945
224  68.0418  48.957  67.0061  107.314
225  68.0418  48.957  67.0061  107.314
226  67.8397  48.3976  67.095  106.987
227  67.8397  48.3976  67.095  106.987
228  67.8397  48.3976  67.095  106.987
229  67.7085  49.51  67.3628  107.58
230  66.8893  49.0299  66.3634  106.218
231  65.771  48.8665  65.8693  105.131
232  66.528  48.8971  66.2383  105.851
233  66.3349  48.3925  66.1407  105.436
234  66.7237  47.1771  66.8891  105.602
235  65.5184  48.2838  65.9436  104.75
236  64.406  47.3836  65.9202  103.628
237  64.343  47.6231  65.8385  103.647
238  63.974  47.7463  65.9352  103.537
239  63.7079  49.2949  64.2039  103.009
240  63.6889  49.6424  62.3502  102.021
241  64.4505  49.3823  61.0777  101.602
242  64.098  49.2166  60.9843  101.242
243  64.098  49.2166  60.9843  101.242
244  63.3657  50.2263  60.4997  100.986
245  63.2955  49.9474  60.9458  101.072
246  64.1198  49.4984  61.3022  101.584
247  63.6904  49.2666  61.3518  101.231
248  62.7764  49.7739  61.4711  100.98
249  61.0721  49.0754  60.7936  99.1668
250  60.8747  48.0362  61.7399  99.1213
251  60.8747  48.0362  61.7399  99.1213
252  60.8747  48.0362  61.7399  99.1213
253  60.8212  46.2411  61.797  98.2666
254  61.3367  45.7244  62.7692  98.959
255  61.0096  46.4802  61.8814  98.5489
256  59.8503  47.0456  61.6795  97.9781
257  60.2655  47.3254  61.7365  98.4023
258  60.7421  46.6471  61.6934  98.3445
259  60.7421  46.6471  61.6934  98.3445
260  60.7421  46.6471  61.6934  98.3445
261  60.5548  46.6575  59.8458  97.0841
262  61.0566  46.4621  58.4585  96.4574
263  61.1202  46.2686  57.574  95.8709
264  61.1202  46.2686  57.574  95.8709
265  61.1202  46.2686  57.574  95.8709
266  60.9976  45.4889  57.8144  95.5639
267  60.9976  45.4889  57.8144  95.5639
268  60.9976  45.4889  57.8144  95.5639
269  59.4042  44.5384  57.111  93.6707
270  59.5991  44.8069  55.7112  93.0776
271  58.9639  44.459  54.8979  92.0169
272  58.9639  44.459  54.8979  92.0169
273  58.9639  44.459  54.8979  92.0169
274  59.0028  44.456  53.8089  91.3951
275  59.0028  44.456  53.8089  91.3951
276  57.872  44.7033  54.3481  91.1113
277  58.6632  44.718  53.776  91.2849
278  57.691  45.1125  52.2936  89.989
279  58.0138  44.262  49.7799  88.3333
280  56.5688  44.0279  50.5117  87.6922
281  55.7475  43.3648  51.241  87.2579
282  55.7475  43.3648  51.241  87.2579
283  55.7475  43.3648  51.241  87.2579
284  54.6977  43.4185  50.9596  86.4516
285  54.3934  43.7392  50.1177  85.9275
286  54.6503  43.9967  49.7887  86.0307
287  55.4485  43.3867  49.0132  85.786
288  55.4485  43.3867  49.0132  85.786
289  55.7652  43.9934  48.0115  85.7337
290  55.7652  43.9934  48.0115  85.7337
291  55.1108  44.1128  48.3836  85.5811
292  55.0494  44.4498  48.2838  85.6595
293  53.4918  44.4817  48.6828  84.9118
294  53.0803  44.0647  48.3898  84.2662
295  53.0803  44.0647  48.3898  84.2662
296  53.0803  44.0647  48.3898  84.2662
297  53.2439  44.4824  47.3845  84.0172
298  51.0686  45.0724  46.9713  82.7395
299  50.5517  45.5319  46.7844  82.5676
300  50.5517  45.5319  46.7844  82.5676
301  49.3466  46.3509  46.5489  82.1602
302  49.4701  46.2151  46.3114  82.0236
303  50.2733  45.3459  46.5234  82.1468
304  50.2889  44.4302  46.9123  81.8766
305  49.1437  44.151  47.1058  81.138
306  50.261  44.5836  48.5537  82.8935
307  50.8052  45.1801  49.262  83.9592
308  50.2346  46.2158  47.6675  83.2562
309  50.2346  46.2158  47.6675  83.2562
310  49.1016  47.1387  47.2287  82.8466
311  48.4247  46.942  47.0657  82.2416
312  48.4247  46.942  47.0657  82.2416
313  48.4247  46.942  47.0657  82.2416
314  47.2955  47.2068  46.1869  81.2316
315  46.3517  47.5086  46.279  80.9153
316  45.9761  46.9155  46.0431  80.2175
317  45.9112  46.4178  47.0008  80.4458
318  44.9837  45.9224  45.8388  78.9531
319  44.3612  47.2424  43.5054  78.0543
320  44.3612  47.2424  43.5054  78.0543
321  44.351  47.2105  42.0056  77.203
322  44.3222  46.9533  41.3388  76.6679
323  43.1005  47.104  40.2811  75.4918
324  43.1005  47.104  40.2811  75.4918
325  43.456  46.6438  40.7582  75.6658
326  43.456  46.6438  40.7582  75.6658
327  43.9205  46.0372  40.9279  75.654
328  44.6575  46.5291  40.3282  76.0632
329  44.691  45.3188  39.4911  74.9041
330  44.5531  44.762  40.2091  74.8692
331  44.5531  44.762  40.2091  74.8692
332  44.5531  44.762  40.2091  74.8692
333  43.9069  44.4418  40.8671  74.6526
334  44.6841  42.2792  41.2613  74.0723
335  44.2981  42.9015  41.5448  74.3561
336  44.2981  42.9015  41.5448  74.3561
337  44.2981  42.9015  41.5448  74.3561
338  43.0803  43.5446  42.2405  74.4063
339  42.1279  42.5645  41.7829  73.0226
340  41.4447  42.5639  42.504  73.0476
341  40.4191  42.9044  40.802  71.6889
342  41.5753  41.442  39.5267  70.7694
343  43.3022  41.3263  38.6572  71.2553
344  43.3022  41.3263  38.6572  71.2553
345  44.5274  40.4112  38.3086  71.2973
346  43.9934  40.5692  38.831  71.3381
347  43.8016  41.115  37.9246  71.0443
348  43.2027  40.524  37.6465  70.185
349  43.2027  40.524  37.6465  70.185
350  43.746  39.1494  36.7529  69.2616
351  44.0207  38.5771  36.6599  69.0649
352  44.0207  38.5771  36.6599  69.0649
353  43.0063  38.4332  38.0162  69.0788
354  43.7583  37.597  36.7492  68.402
355  43.2064  37.1802  34.7102  66.738
356  42.4387  38.8244  34.6198  67.1335
357  42.2259  39.3893  34.0279  67.0256
358  41.9005  39.283  32.7854  66.1339
359  40.7247  38.69  32.2833  64.7891
360  41.1593  37.5961  31.6507  64.104
361  40.7318  37.3896  32.1202  63.9434
362  41.8166  36.6348  31.5661  63.9309
363  41.8166  36.6348  31.5661  63.9309
364  41.6872  37.0357  32.0907  64.3372
365  41.6872  37.0357  32.0907  64.3372
366  42.9125  35.3624  32.9839  64.6523
367  42.5012  34.6803  33.8479  64.4574
368  42.8617  34.0701  34.1712  64.5412
369  41.7966  33.9616  32.3275  62.8125
370  41.3483  32.7705  31.8306  61.618
371  41.6426  33.2106  30.8114  61.5337
372  40.077  33.1544  30.8943  60.4966
373  39.8139  33.3162  31.2394  60.5889
374  39.3085  30.6385  30.8668  58.6229
375  39.3085  30.6385  30.8668  58.6229
376  38.7885  28.7961  32.1745  58.0427
377  39.2089  28.6084  32.0915  58.1863
378  39.2089  28.6084  32.0915  58.1863
379  38.1806  27.9955  32.0359  57.1647
380  38.6898  27.5752  31.3147  56.9026
381  38.6898  27.5752  31.3147  56.9026
382  38.6898  27.5752  31.3147  56.9026
383  38.4161  28.9586  30.5392  56.9828
384  38.4161  28.9586  30.5392  56.9828
385  38.1815  28.7728  31.4431  57.2221
386  38.4274  27.3782  31.0247  56.4691
387  38.4274  27.3782  31.0247  56.4691
388  37.4497  28.0523  30.1579  55.6679
389  36.9718  28.3223  29.8938  55.3417
390  36.9718  28.3223  29.8938  55.3417
391  35.3606  29.0598  28.8495  54.103
392  35.2201  28.9705  28.7971  53.9354
393  35.2201  28.9705  28.7971  53.9354
394  35.2201  28.9705  28.7971  53.9354
395  35.2201  28.9705  28.7971  53.9354
396  35.2201  28.9705  28.7971  53.9354
397  35.2201  28.9705  28.7971  53.9354
398  34.3501  29.3403  29.9429  54.1974
399  33.3403  28.7546  30.1961  53.3873
400  33.5138  27.6134  29.3421  52.4084
401  34.5186  26.3577  28.3699  51.8759
402  34.5186  26.3577  28.3699  51.8759
403  34.5186  26.3577  28.3699  51.8759
404  34.0099  26.2069  28.8004  51.7005
405  34.0099  26.2069  28.8004  51.7005
406  33.0603  27.0587  28.9533  51.6086
407  33.0603  27.0587  28.9533  51.6086
408  33.4222  27.0896  28.6217  51.6729
409  32.8955  27.8735  28.2484  51.5463
410  32.9991  27.5518  28.0513  51.3315
411  33.3592  26.534  29.2204  51.679
412  33.9181  25.9379  29.9679  52.166
413  33.0774  25.718  29.5923  51.2955
414  33.9773  25.9462  28.9598  51.6365
415  33.0591  26.4689  29.0033  51.3293
416  33.0591  26.4689  29.0033  51.3293
417  33.0084  26.4362  29.166  51.372
418  32.4966  25.4428  29.4046  50.6754
419  33.6876  24.1246  28.8455  50.4868
420  33.6876  24.1246  28.8455  50.4868
421  33.4093  23.7527  28.4413  49.8927
422  33.3928  23.3875  27.9762  49.4441
423  33.3928  23.3875  27.9762  49.4441
424  33.3928  23.3875  27.9762  49.4441
425  32.7515  22.5926  28.7354  49.0796
426  34.4362  21.4416  27.8415  49.2011
427  34.9416  23.2977  25.8954  49.3383
428  34.853  24.3101  25.9728  49.8026
429  34.853  24.3101  25.9728  49.8026
430  34.0531  24.6768  26.2861  49.5935
431  34.0531  24.6768  26.2861  49.5935
432  34.0531  24.6768  26.2861  49.5935
433  34.0531  24.6768  26.2861  49.5935
434  34.8201  24.8264  25.1544  49.6138
435  34.8201  24.8264  25.1544  49.6138
436  34.0242  25.2361  24.0611  48.718
437  33.5411  25.4371  24.3097  48.6108
438  33.5411  25.4371  24.3097  48.6108
439  33.5411  25.4371  24.3097  48.6108
440  32.4809  25.0853  22.7559  46.9267
441  32.4809  25.0853  22.7559  46.9267
442  31.7542  25.1966  23.0565  46.6347
443  31.7542  25.1966  23.0565  46.6347
444  31.1428  25.4313  23.689  46.6669
445  32.265  24.5507  24.0158  47.1224
446  32.8274  24.7434  23.6692  47.4352
447  32.1809  25.182  22.4267  46.6123
448  32.1809  25.182  22.4267  46.6123
449  31.7135  25.1592  20.7618  45.4949
450  32.6121  24.8722  20.5382  45.8693
451  32.727  25.006  19.6659  45.6411
452  32.5388  24.5719  19.5378  45.2137
453  33.0071  26.0042  18.8705  46.0628
454  31.7438  24.9808  18.6092  44.4748
455  31.7438  24.9808  18.6092  44.4748
456  32.3851  23.6966  17.7387  43.8746
457  32.4861  22.683  19.2291  44.0412
458  32.4861  22.683  19.2291  44.0412
459  32.3472  22.2234  18.9894  43.5984
460  32.3472  22.2234  18.9894  43.5984
461  32.3472  22.2234  18.9894  43.5984
462  30.7702  22.2542  18.982  42.4543
463  30.7702  22.2542  18.982  42.4543
464  30.6149  22.1037  17.3623  41.5607
465  29.2237  23.688  16.7762  41.1896
466  28.9846  23.6502  15.9562  40.6699
467  28.8765  23.7093  15.2611  40.3594
468  29.9857  24.1116  15.1604  41.3564
469  30.0855  23.8885  14.6291  41.1073
470  30.0855  23.8885  14.6291  41.1073
471  30.8944  23.1553  13.6477  40.9498
472  31.6488  24.0043  12.9522  41.7806
473  30.4545  24.0868  12.4628  40.7795
474  30.0231  23.4638  12.2392  40.0217
475  30.0231  23.4638  12.2392  40.0217
476  30.9743  25.0269  11.2599  41.3829
477  31.7289  25.5189  11.555  42.3256
478  31.7289  25.5189  11.555  42.3256
479  31.7289  25.5189  11.555  42.3256
480  31.9573  25.4555  12.1349  42.6205
481  30.7813  26.5306  10.5829  41.9924
482  30.7813  26.5306  10.5829  41.9924
483  30.3273  27.1078  11.4431  42.2554
484  30.3479  26.4204  12.1088  42.0197
485  30.3479  26.4204  12.1088  42.0197
486  30.205  26.8696  11.113  41.9264
487  30.205  26.8696  11.113  41.9264
488  30.205  26.8696  11.113  41.9264
489  30.141  26.8967  11.1112  41.8972
490  30.2661  26.7735  10.9287  41.8604
491  30.2492  25.8726  10.2122  41.0937
492  29.8525  26.1724  10.4642  41.0568
493  28.6131  26.8926  11.3594  40.8774
494  28.3578  25.837  11.6909  40.1048
495  28.3578  25.837  11.6909  40.1048
496  27.8852  27.3479  11.3638  40.6771
497  27.3725  26.7259  12.9508  40.3887
498  27.4598  26.4817  12.0434  40.0046
499  27.3129  25.6401  12.0696  39.3584
500  26.778  25.5862  12.3178  39.0313
501  26.1524  24.7283  12.2949  38.0343
502  26.1524  24.7283  12.2949  38.0343
503  26.1524  24.7283  12.2949  38.0343
504  25.1048  24.2836  12.2365  37.0091
505  25.5494  25.3862  12.051  37.9797
506  25.6707  23.8895  12.3129  37.1659
507  25.8708  24.5101  12.8684  37.8898
508  25.8935  24.1685  12.5688  37.5841
509  26.594  24.4707  10.6572  37.678
510  26.3581  25.9861  9.84704  38.3013
511  25.7908  24.7739  9.03153  36.8847
512  25.3985  23.9608  9.20184  36.1092
513  25.3985  23.9608  9.20184  36.1092
514  26.0217  22.9471  9.62358  36.0043
515  26.0217  22.9471  9.62358  36.0043
516  26.0217  22.9471  9.62358  36.0043
517  26.0945  22.3607  9.37761  35.6211
518  26.5497  21.8924  10.3806  35.9433
519  27.2769  20.3754  9.40654  35.3224
520  27.2769  20.3754  9.40654  35.3224
521  27.2769  20.3754  9.40654  35.3224
522  26.5858  20.7132  8.66062  34.7972
523  27.0344  19.9289  9.40614  34.8783
524  26.8346  19.0249  10.192  34.4372
525  27.0347  19.1653  10.5946  34.7912
526  26.235  20.1671  9.81125  34.5144
527  25.7637  17.7787  9.05586  32.5862
528  25.6396  17.2685  9.73989  32.4107
529  25.6396  17.2685  9.73989  32.4107
530  25.5805  17.2167  10.4218  32.5483
531  24.1702  17.1469  10.9884  31.6063
532  24.1702  17.1469  10.9884  31.6063
533  24.0772  17.5013  10.1792  31.4583
534  24.311  17.4991  9.60795  31.4572
535  24.3508  17.0619  7.80731  30.7412
536  24.3508  17.0619  7.80731  30.7412
537  23.8104  15.9574  8.54679  29.9102
538  23.8104  15.9574  8.54679  29.9102
539  23.8104  15.9574  8.54679  29.9102
540  23.4333  16.0698  8.92302  29.7822
541  23.4625  16.705  7.16372  29.6794
542  23.4625  16.705  7.16372  29.6794
543  23.521  16.2481  6.83116  29.3923
544  23.0301  16.8184  6.5217  29.2536
545  22.1566  15.0975  6.37366  27.5585
546  24.1491  16.0738  7.84561  30.0516
547  24.1491  16.0738  7.84561  30.0516
548  23.3426  15.0114  7.78057  28.8228
549  22.5692  14.8989  9.0448  28.5158
550  22.5692  14.8989  9.0448  28.5158
551  21.9784  14.9082  9.94347  28.358
552  21.9784  14.9082  9.94347  28.358
553  22.0308  15.0465  10.8194  28.7891
554  21.3289  15.9634  10.5484  28.6535
555  21.0315  15.7638  10.5462  28.3204
556  20.4267  16.5751  11.5371  28.7243
557  19.9119  15.9607  11.7749  28.1047
558  20.0718  15.8484  12.1163  28.2993
559  19.6593  15.9608  11.6763  27.885
560  20.1004  16.1251  10.3191  27.7584
561  20.728  16.1325  9.77629  28.0264
562  19.9648  17.0534  9.93414  28.0731
563  19.7198  17.1264  10.1963  28.0383
564  19.4607  15.8095  11.1706  27.4489
565  20.8668  15.6542  11.3794  28.46
566  20.1023  14.3448  11.5845  27.2778
567  19.558  14.6477  11.646  27.0685
568  20.0719  13.5538  12.0341  27.0445
569  20.0719  13.5538  12.0341  27.0445
570  19.7679  10.5587  13.0878  25.9528
571  19.7679  10.5587  13.0878  25.9528
572  19.1042  10.6117  12.9885  25.4221
573  19.1042  10.6117  12.9885  25.4221
574  18.7133  9.81925  12.0408  24.3226
575  18.3448  9.92347  11.4805  23.8078
576  18.4906  7.89188  12.1378  23.4843
577  18.8818  7.32617  12.4113  23.7536
578  17.1223  6.34188  13.4143  22.6569
579  17.1223  6.34188  13.4143  22.6569
580  17.5072  6.81702  13.5862  23.1853
581  16.5487  5.86453  13.1743  21.9503
582  15.9842  5.59762  12.6538  21.1411
583  15.5897  6.37774  11.6125  20.4589
584  15.0459  7.00409  10.9243  19.869
585  15.0459  7.00409  10.9243  19.869
586  15.0459  7.00409  10.9243  19.869
587  15.0459  7.00409  10.9243  19.869
588  13.9938  8.07733  11.6773  19.9356
589  14.2637  7.58403  10.2674  19.1413
590  13.512  8.62062  10.5091  19.1659
591  13.8738  8.36711  9.91441  18.9944
592  13.1564  8.72797  10.4436  18.9297
593  12.0776  8.14769  10.8333  18.1553
594  11.8317  8.93559  12.2607  19.2395
595  12.3828  8.81282  12.7557  19.8421
596  11.7024  9.28582  12.7886  19.6652
597  12.4578  8.22841  13.2965  19.9925
598  11.7198  7.81107  13.3409  19.3997
599  10.5885  7.39408  13.5623  18.7277
600  11.7524  7.02651  11.9291  18.1602
601  12.0343  5.64122  12.3742  18.1595
602  11.0454  4.28414  12.125  16.952
603  11.0877  3.70079  12.123  16.8404
604  11.0467  3.55547  11.6477  16.442
605  10.6255  3.93328  11.365  16.0479
606  10.6255  3.93328  11.365  16.0479
607  9.55358  4.07848  9.45355  14.0454
608  9.55358  4.07848  9.45355  14.0454
609  9.40878  4.46989  8.41014  13.3879
610  9.40878  4.46989  8.41014  13.3879
611  9.91145  5.58273  8.05294  13.9375
612  9.12957  5.87848  7.31544  13.0928
613  7.86858  6.56773  6.56812  12.1733
614  7.86858  6.56773  6.56812  12.1733
615  7.55629  7.14163  5.91528  11.9621
616  7.45106  6.31842  4.91339  10.9354
617  7.45106  6.31842  4.91339  10.9354
618  8.08191  5.47659  5.83291  11.3725
619  8.13714  6.27513  4.83159  11.3549
620  8.13714  6.27513  4.83159  11.3549
621  6.93544  5.84742  4.02308  9.9236
622  6.93544  5.84742  4.02308  9.9236
623  6.93544  5.84742  4.02308  9.9236
624  6.93544  5.84742  4.02308  9.9236
625  7.41264  5.46261  4.93434  10.4468
626  7.41264  5.46261  4.93434  10.4468
627  7.33101  6.73976  3.33896  10.5032
628  7.48502  6.75484  3.5768  10.698
629  7.82358  6.28521  4.17091  10.8678
630  7.41723  6.53279  4.30231  10.7797
631  7.27092  7.01711  3.26523  10.6192
632  5.47658  7.43738  2.95332  9.69688
633  4.60053  6.66658  2.94251  8.6178
634  4.01672  7.91627  2.00019  9.09957
635  5.41859  7.694  3.8658  10.1737
636  5.36863  7.15816  3.58983  9.64097
637  5.11845  6.8187  3.91014  9.37989
638  5.11845  6.8187  3.91014  9.37989
639  4.917  6.99078  3.25969  9.14733
640  5.11358  6.34711  3.96328  9.06323
641  4.93433  5.84729  3.81514  8.54949
642  3.05868  5.29059  3.79844  7.19542
643  3.05868  5.29059  3.79844  7.19542
644  3.05868  5.29059  3.79844  7.19542
645  3.56324  4.64742  4.23754  7.22855
646  3.7696  3.72829  5.08812  7.3484
647  3.48077  2.71719  4.14832  6.05867
648  4.29303  2.98181  2.36597  5.73752
649  4.29303  2.98181  2.36597  5.73752
650  4.53101  2.34039  1.91124  5.44613
651  4.89943  1.51623  2.52565  5.71684
652  4.20706  1.05644  3.66126  5.67629
653  4.20706  1.05644  3.66126  5.67629
654  4.20706  1.05644  3.66126  5.67629
655  4.84889  0.303145  4.19676  6.42
656  4.84889  0.303145  4.19676  6.42
657  4.87945  1.08444  4.15114  6.49746
658  5.13809  0.105818  4.33422  6.72285
659  4.42346  -0.22488  3.82008  5.84898
660  4.42346  -0.22488  3.82008  5.84898
661  4.42346  -0.22488  3.82008  5.84898
662  4.3659  -0.360102  3.74681  5.76449
663  4.3659  -0.360102  3.74681  5.76449
664  4.3659  -0.360102  3.74681  5.76449
665  4.89068  -0.344686  2.13063  5.34576
666  3.11741  -0.699096  3.45297  4.70425
667  3.11741  -0.699096  3.45297  4.70425
668  3.66452  -0.275545  3.69733  5.21295
669  3.66452  -0.275545  3.69733  5.21295
670  2.82145  0.234515  3.25789  4.31618
671  2.60336  -0.726459  2.89003  3.95695
672  2.80104  -0.699097  3.37862  4.44405
673  2.80104  -0.699097  3.37862  4.44405
674  2.56169  -1.33489  2.92926  4.11397
675  2.60927  -1.02447  3.02792  4.12627
676  2.2249  -0.438206  2.54038  3.40525
677  2.31518  -1.8697  1.80198  3.47893
678  2.373  -1.43956  0.854774  2.90415
679  2.2754  -2.3748  1.12217  3.47511
680  2.2754  -2.3748  1.12217  3.47511
681  2.2754  -2.3748  1.12217  3.47511
682  2.78251  -2.92888  2.0547  4.53238
683  2.78251  -2.92888  2.0547  4.53238
684  1.28647  -3.25237  2.47732  4.28603
685  1.28647  -3.25237  2.47732  4.28603
686  1.09057  -4.1843  4.02287  5.90603
687  1.09057  -4.1843  4.02287  5.90603
688  1.2027  -4.19831  4.19019  6.05227
689  1.2027  -4.19831  4.19019  6.05227
690  0.827048  -4.58299  3.76166  5.98647
691  0.827048  -4.58299  3.76166  5.98647
692  1.38392  -4.8086  3.33934  6.01574
693  0.152947  -3.96115  3.17441  5.07849
694  -0.0909048  -3.09592  3.24698  4.4873
695  -0.797121  -3.56745  2.90851  4.67135
696  -0.797121  -3.56745  2.90851  4.67135
697  -0.47263  -4.5772  2.49451  5.23419
698  -0.47263  -4.5772  2.49451  5.23419
699  0.454979  -3.53979  3.88852  5.27804
700  0.454979  -3.53979  3.88852  5.27804
701  0.454979  -3.53979  3.88852  5.27804
702  0.751432  -2.62108  3.50771  4.44283
703  -0.923794  -2.0222  3.88195  4.47351
704  -1.15036  -1.42315  3.86969  4.28056
705  -1.15036  -1.42315  3.86969  4.28056
706  -0.538211  -1.27155  3.96092  4.19469
707  -0.538211  -1.27155  3.96092  4.19469
708  -0.538211  -1.27155  3.96092  4.19469
709  -0.0571195  -2.48309  4.01347  4.71985
710  0.168705  -2.65364  2.44868  3.61473
711  1.61703  -1.95749  1.78242  3.10219
712  1.61703  -1.95749  1.78242  3.10219
713  0.290959  -1.26144  1.57644  2.03987
714  0.290959  -1.26144  1.57644  2.03987
715  0.519346  -0.439008  2.07233  2.18105
716  0.519346  -0.439008  2.07233  2.18105
717  0.519346  -0.439008  2.07233  2.18105
718  0.519346  -0.439008  2.07233  2.18105
719  0.519346  -0.439008  2.07233  2.18105
720  0.519346  -0.439008  2.07233  2.18105
721  0.519346  -0.439008  2.07233  2.18105
722  0.519346  -0.439008  2.07233  2.18105
723  0.446419  -0.900423  2.87821  3.04863
724  -0.433245  -0.853664  2.56081  2.73389
725  1.21967  -0.0808894  1.78233  2.16121
726  1.21967  -0.0808894  1.78233  2.16121
727  1.0623  0.333859  2.03391  2.31878
728  0.534751  0.0331935  1.98438  2.05544
729  0.534751  0.0331935  1.98438  2.05544
730  -0.296934  0.421707  1.68506  1.76222
731  -0.133558  0.13818  1.5484  1.56028
732  0.591048  0.0208813  1.44315  1.55963
733  1.04887  0.318928  1.0096  1.49035
734  1.14188  -0.473701  1.37267  1.8473
735  1.14188  -0.473701  1.37267  1.8473
736  1.64278  -0.285123  0.557655  1.75812
737  1.7527  -0.0614066  0.820181  1.93608
738  1.7527  -0.0614066  0.820181  1.93608
739  1.5914  -1.61253  0.464898  2.31278
740  0.903481  -0.814649  -0.279118  1.24813
741  -0.213339  -0.827702  0.142703  0.866584
742  -0.213339  -0.827702  0.142703  0.866584
743  -0.213339  -0.827702  0.142703  0.866584
744  -0.213339  -0.827702  0.142703  0.866584
745  -0.198209  -0.320895  0.149063  0.405561
746  -0.198209  -0.320895  0.149063  0.405561
747  -0.198209  -0.320895  0.149063  0.405561
748  -0.198209  -0.320895  0.149063  0.405561
749  -0.198209  -0.320895  0.149063  0.405561
750  -0.198209  -0.320895  0.149063  0.405561
751  -0.198209  -0.320895  0.149063  0.405561
752  -0.198209  -0.320895  0.149063  0.405561
753  -0.198209  -0.320895  0.149063  0.405561
754  -0.198209  -0.320895  0.149063  0.405561
755  -0.198209  -0.320895  0.149063  0.405561
756  -0.198209  -0.320895  0.149063  0.405561
757  -0.198209  -0.320895  0.149063  0.405561
758  0.00167067  0.0977541  -0.18263  0.207153
759  0.00167067  0.0977541  -0.18263  0.207153
760  0.00167067  0.0977541  -0.18263  0.207153
761  0.00167067  0.0977541  -0.18263  0.207153
762  0.00167067  0.0977541  -0.18263  0.207153
763  0.00167067  0.0977541  -0.18263  0.207153
764  0.00167067  0.0977541  -0.18263  0.207153
765  0.622466  0.878349  -0.5816  1.22361
766  -0.258001  1.81658  -0.630236  1.94003
767  0.228082  1.28556  0.00251669  1.30564
768  0.228082  1.28556  0.00251669  1.30564
769  0.228082  1.28556  0.00251669  1.30564
770  0.395871  1.79936  -0.435001  1.89305
771  0.395871  1.79936  -0.435001  1.89305
772  0.91005  1.62147  -0.73222  1.99838
773  0.91005  1.62147  -0.73222  1.99838
774  0.327361  0.807673  0.424769  0.969499
775  0.836401  0.460448  -0.413762  1.04057
776  1.32971  0.124473  0.442439  1.40691
777  1.32971  0.124473  0.442439  1.40691
778  1.32971  0.124473  0.442439  1.40691
779  1.32971  0.124473  0.442439  1.40691
780  1.11641  -0.835515  -0.0986944  1.39793
781  0.916138  -0.879059  -0.113157  1.2747
782  1.22342  -0.566875  -0.299142  1.38115
783  0.609241  -0.940259  -0.192904  1.13687
784  0.609241  -0.940259  -0.192904  1.13687
785  0.676264  -1.68245  -0.229977  1.82781
786  -0.460402  -0.324515  0.166624  0.587404
787  -0.918226  -0.955571  0.604484  1.45659
788  0.677149  -0.942834  0.566551  1.29168
789  -0.896028  0.30092  0.245969  0.976688
790  -0.896028  0.30092  0.245969  0.976688
791  0.0713361  -0.239008  0.889915  0.924209
792  0.0713361  -0.239008  0.889915  0.924209
793  1.2139  -1.14529  0.582402  1.76761
794  1.2139  -1.14529  0.582402  1.76761
795  1.37642  -0.219149  0.945693  1.68431
796  1.37642  -0.219149  0.945693  1.68431
797  1.74857  -0.200655  0.993887  2.02128
798  1.74857  -0.200655  0.993887  2.02128
799  1.9379  0.801953  1.07719  2.35774
800  1.76664  -0.361646  0.268213  1.82312
801  1.76664  -0.361646  0.268213  1.82312
802  1.943  0.429886  0.532726  2.06006
803  0.420037  0.0816763  1.20118  1.27512
804  0.420037  0.0816763  1.20118  1.27512
805  0.437553  -1.2891  0.519122  1.45696
806  0.437553  -1.2891  0.519122  1.45696
807  -0.549758  -1.14853  1.0242  1.63412
808  -0.619341  -0.728113  0.0665347  0.958206
809  -0.118359  -0.0614817  0.263008  0.294893
810  0.0377922  0.0193586  -0.115066  0.122651
811  0.0377922  0.0193586  -0.115066  0.122651
812  0.0377922  0.0193586  -0.115066  0.122651
813  0.0377922  0.0193586  -0.115066  0.122651
814  -0.100506  0.313509  0.959188  1.01412
815  -0.100506  0.313509  0.959188  1.01412
816  -0.62211  1.05828  1.57216  1.99465
817  0.488366  1.36891  1.76115  2.28343
818  0.625673  1.31351  1.21245  1.89389
819  0.313488  0.997637  -0.0538504  1.04712
820  0.313488  0.997637  -0.0538504  1.04712
821  0.313488  0.997637  -0.0538504  1.04712
822  -0.285907  0.610772  -0.208156  0.705772
823  -1.27937  0.326807  -0.358023  1.36812
824  -1.27937  0.326807  -0.358023  1.36812
825  -1.44169  -0.220402  0.593683  1.57465
826  -1.88443  0.195409  1.38222  2.34516
827  -2.00456  -0.729181  1.11087  2.40499
828  -2.00456  -0.729181  1.11087  2.40499
829  -2.00456  -0.729181  1.11087  2.40499
830  -2.16381  -0.545959  1.40989  2.63969
831  -1.6726  -1.23759  0.965056  2.29359
832  -1.6726  -1.23759  0.965056  2.29359
833  -1.47035  -1.76968  0.389261  2.3335
834  -1.27985  -1.97845  0.28475  2.37347
835  -1.27985  -1.97845  0.28475  2.37347
836  -1.40462  -1.81915  1.61131  2.80689
837  -1.09445  -1.02652  1.14662  1.88847
838  -1.40372  -1.31247  0.605692  2.01491
839  -0.587465  -1.45789  1.09431  1.91522
840  -0.587465  -1.45789  1.09431  1.91522
841  -0.378018  -1.62907  0.595625  1.77525
842  -0.0112013  -0.447699  0.774685  0.894816
843  -0.978513  -0.476849  0.0226409  1.08875
844  -0.978513  -0.476849  0.0226409  1.08875
845  -1.08066  0.0427294  0.320155  1.12789
846  -0.927832  1.30503  1.12037  1.95428
847  -0.927832  1.30503  1.12037  1.95428
848  -0.927832  1.30503  1.12037  1.95428
849  -1.46696  1.4153  0.588692  2.1217
850  -2.49521  0.231359  -1.37145  2.85665
851  -2.49521  0.231359  -1.37145  2.85665
852  -2.26731  0.44314  0.0974011  2.31226
853  -2.26731  0.44314  0.0974011  2.31226
854  -2.07688  0.1453  -0.253764  2.09736
855  -2.07688  0.1453  -0.253764  2.09736
856  -0.702938  0.430952  -0.918054  1.23396
857  -0.56204  0.421718  -2.52366  2.61966
858  -0.807204  0.106674  -3.03768  3.14491
859  -2.1847  1.44426  -2.87451  3.88865
860  -1.83563  2.1823  -2.1211  3.55402
861  -1.4155  2.43744  -1.65359  3.26789
862  -1.99221  2.20689  -1.00316  3.13777
863  -1.83168  3.42935  -0.784223  3.96617
864  -1.22394  3.13271  -0.935129  3.4909
865  -1.22394  3.13271  -0.935129  3.4909
866  -2.37448  2.91544  -1.36613  4.00053
867  -1.49759  3.16225  -1.84147  3.95394
868  -2.05271  3.04923  -2.56958  4.48488
869  -2.20129  2.09631  -2.96271  4.24475
870  -2.17653  0.896924  -3.38595  4.12389
871  -2.17653  0.896924  -3.38595  4.12389
872  -2.17653  0.896924  -3.38595  4.12389
873  -1.99107  -0.412205  -2.71224  3.38977
874  -2.48561  0.600363  -2.04397  3.27361
875  -2.48561  0.600363  -2.04397  3.27361
876  -2.48561  0.600363  -2.04397  3.27361
877  -2.48561  0.600363  -2.04397  3.27361
878  -2.4505  -1.62693  -1.20257  3.17774
879  -1.91216  -0.748201  -2.3497  3.12046
880  -0.52044  -1.49816  -2.42812  2.9002
881  -0.52044  -1.49816  -2.42812  2.9002
882  -0.52044  -1.49816  -2.42812  2.9002
883  -0.52044  -1.49816  -2.42812  2.9002
884  -0.362274  -0.994931  -1.57844  1.90068
885  -0.362274  -0.994931  -1.57844  1.90068
886  -0.362274  -0.994931  -1.57844  1.90068
887  -0.176617  -0.797813  -1.43414  1.65059
888  -0.284513  -0.0763176  -1.46897  1.49821
889  -0.284513  -0.0763176  -1.46897  1.49821
890  0.103385  -0.0974239  -0.544682  0.562902
891  0.103385  -0.0974239  -0.544682  0.562902
892  0.975419  -0.24484  0.497955  1.12221
893  0.17245  0.0913376  -0.367107  0.415752
894  0.17245  0.0913376  -0.367107  0.415752
895  0.17245  0.0913376  -0.367107  0.415752
896  0.201962  0.0112125  -0.420906  0.466986
897  0.666575  0.831579  -0.744521  1.30006
898  -0.101272  0.407191  0.178887  0.456137
899  -0.101272  0.407191  0.178887  0.456137
900  -0.101272  0.407191  0.178887  0.456137
901  -0.538146  0.644882  -0.391676  0.92676
902  -0.538146  0.644882  -0.391676  0.92676
903  -0.538146  0.644882  -0.391676  0.92676
904  -0.538146  0.644882  -0.391676  0.92676
905  -0.0491337  0.300004  -0.853926  0.906425
906  0.0393927  1.31025  -0.0227344  1.31104
907  0.0393927  1.31025  -0.0227344  1.31104
908  1.14297  0.333428  -0.18793  1.20535
909  1.14297  0.333428  -0.18793  1.20535
910  0.438867  0.350777  -0.335909  0.654587
911  -0.817717  0.95958  -0.698214  1.44117
912  -1.08011  0.733214  -0.898749  1.58492
913  -1.83101  0.582692  0.193853  1.93124
914  -1.83101  0.582692  0.193853  1.93124
915  -2.2209  1.83756  0.387418  2.90845
916  -0.883739  2.48441  -0.000732201  2.63691
917  -0.935602  2.03147  -0.0244154  2.2367
918  -0.935602  2.03147  -0.0244154  2.2367
919  -0.935602  2.03147  -0.0244154  2.2367
920  -1.54881  1.12527  0.34829  1.94585
921  -2.09869  0.412923  -0.984492  2.35462
922  -1.79333  -0.0589636  -1.30304  2.21753
923  -1.79333  -0.0589636  -1.30304  2.21753
924  -0.865139  -0.68092  -1.7404  2.05939
925  -0.865139  -0.68092  -1.7404  2.05939
926  -1.00208  -0.308812  -0.765446  1.29824
927  0.215698  1.63625  0.104126  1.65369
928  0.131516  0.657045  0.854463  1.08587
929  0.131516  0.657045  0.854463  1.08587
930  0.131516  0.657045  0.854463  1.08587
931  0.131516  0.657045  0.854463  1.08587
932  0.131516  0.657045  0.854463  1.08587
933  0.563655  0.657488  1.71005  1.91683
934  -0.439643  0.72383  1.18973  1.46037
935  -0.281246  0.75615  2.03062  2.18502
936  -1.06219  0.862157  1.06858  1.73592
937  -1.06219  0.862157  1.06858  1.73592
938  -1.06219  0.862157  1.06858  1.73592
939  -0.902232  -0.125254  0.71931  1.16065
940  -0.761291  -0.35237  0.383032  0.922194
941  -0.761291  -0.35237  0.383032  0.922194
942  -0.761291  -0.35237  0.383032  0.922194
943  -0.761291  -0.35237  0.383032  0.922194
944  -0.761291  -0.35237  0.383032  0.922194
945  -0.761291  -0.35237  0.383032  0.922194
946  -0.761291  -0.35237  0.383032  0.922194
947  -0.761291  -0.35237  0.383032  0.922194
948  0.716692  -0.134588  -0.19435  0.754675
949  0.716692  -0.134588  -0.19435  0.754675
950  0.716692  -0.134588  -0.19435  0.754675
951  0.00658317  -0.0635676  -0.703235  0.706133
952  -0.633759  -0.286051  -1.58455  1.7304
953  -0.405855  -0.374546  -1.24247  1.35968
954  0.760996  -0.72739  -1.14145  1.55278
955  0.890664  -0.604605  0.865771  1.38144
956  0.545475  -0.96558  0.110427  1.11449
957  0.545475  -0.96558  0.110427  1.11449
958  0.545475  -0.96558  0.110427  1.11449
959  0.0591177  -0.973179  -0.46462  1.08002
960  0.0591177  -0.973179  -0.46462  1.08002
961  0.0591177  -0.973179  -0.46462  1.08002
962  -0.328242  -0.594153  -0.641125  0.933704
963  -0.328242  -0.594153  -0.641125  0.933704
964  -0.328242  -0.594153  -0.641125  0.933704
965  -0.328242  -0.594153  -0.641125  0.933704
966  -0.328242  -0.594153  -0.641125  0.933704
967  -0.328242  -0.594153  -0.641125  0.933704
968  0.234461  -1.41761  -0.568713  1.54532
969  0.234461  -1.41761  -0.568713  1.54532
970  0.234461  -1.41761  -0.568713  1.54532
971  0.554356  -0.437344  -0.0762856  0.710211
972  0.554356  -0.437344  -0.0762856  0.710211
973  0.554356  -0.437344  -0.0762856  0.710211
974  0.554356  -0.437344  -0.0762856  0.710211
975  0.554356  -0.437344  -0.0762856  0.710211
976  0.383772  -1.58548  -0.503433  1.70718
977  1.10092  -1.3961  0.0828071  1.77988
978  1.10092  -1.3961  0.0828071  1.77988
979  1.10092  -1.3961  0.0828071  1.77988
980  1.10092  -1.3961  0.0828071  1.77988
981  0.90298  -1.85435  0.706003  2.18001
982  0.401846  -2.71629  0.724066  2.83972
983  0.401846  -2.71629  0.724066  2.83972
984  0.401846  -2.71629  0.724066  2.83972
985  1.79174  -2.53756  -0.287573  3.11966
986  0.728067  -1.67727  -0.532501  1.90444
987  0.728067  -1.67727  -0.532501  1.90444
988  -0.018177  -0.960085  -1.87427  2.10594
989  -0.018177  -0.960085  -1.87427  2.10594
990  -0.018177  -0.960085  -1.87427  2.10594
991  -0.018177  -0.960085  -1.87427  2.10594
992  0.200697  0.416202  -1.88507  1.94087
993  -0.419408  0.708517  -1.96845  2.13371
994  -0.0440324  0.453831  -0.626917  0.775194
995  -1.28654  -0.924547  -0.667844  1.7193
996  -0.819963  -2.07946  -0.634473  2.32358
997  -0.819963  -2.07946  -0.634473  2.32358
998  -0.819963  -2.07946  -0.634473  2.32358
999  0.193583  -1.98748  -0.623124  2.09185
1000  0.193583  -1.98748  -0.623124  2.09185
1001  1.09896  -0.857586  -0.999664  1.71537
1002  0.80802  -0.709367  -0.787048  1.3325
1003  0.80802  -0.709367  -0.787048  1.3325
1004  1.59507  -0.65996  -2.40388  2.95947
1005  1.10368  -0.180246  -1.74962  2.07647
1006  0.987968  1.00375  -1.47216  2.03737
1007  -0.0495242  0.00604352  -0.854753  0.856208
1008  0.61316  -0.0147116  -0.515859  0.801431
1009  0.61316  -0.0147116  -0.515859  0.801431
1010  0.61316  -0.0147116  -0.515859  0.801431
1011  0.61316  -0.0147116  -0.515859  0.801431
1012  0.61316  -0.0147116  -0.515859  0.801431
1013  -0.282953  0.0258272  -1.30019  1.33087
1014  0.793403  0.150483  -0.762495  1.11064
1015  0.613194  -0.121764  -1.28046  1.42493
1016  0.68302  0.209317  -1.06069  1.27883
1017  0.693183  -0.300338  -0.736613  1.05513
1018  0.826762  -0.596377  -1.06544  1.47457
1019  -0.0240973  -1.14134  -1.13751  1.61157
1020  -1.27746  0.0663956  -1.06002  1.66131
1021  -1.27746  0.0663956  -1.06002  1.66131
1022  -0.177681  0.157544  -0.531876  0.582479
1023  -0.177681  0.157544  -0.531876  0.582479
1024  -0.177681  0.157544  -0.531876  0.582479
1025  -0.177681  0.157544  -0.531876  0.582479
1026  -0.177681  0.157544  -0.531876  0.582479
1027  -0.177681  0.157544  -0.531876  0.582479
1028  0.0320548  0.208974  -0.746485  0.775846
1029  0.0320548  0.208974  -0.746485  0.775846
1030  0.0320548  0.208974  -0.746485  0.775846
1031  0.0841492  0.532475  0.28803  0.611206
1032  -0.269413  0.606884  -0.711541  0.973233
1033  -0.269413  0.606884  -0.711541  0.973233
1034  -0.269413  0.606884  -0.711541  0.973233
1035  -0.471938  0.42386  -0.764081  0.993078
1036  -0.471938  0.42386  -0.764081  0.993078
1037  -0.766107  -0.427922  -0.11755  0.885356
1038  -0.766107  -0.427922  -0.11755  0.885356
1039  -0.771154  -0.150307  -0.293146  0.838573
1040  -0.771154  -0.150307  -0.293146  0.838573
1041  -0.771154  -0.150307  -0.293146  0.838573
1042  -0.771154  -0.150307  -0.293146  0.838573
1043  -0.355411  -0.0102437  0.708614  0.792815
1044  0.436339  -0.321998  0.142418  0.560676
1045  0.436339  -0.321998  0.142418  0.560676
1046  0.0738432  -0.462499  0.0443815  0.470455
1047  0.0738432  -0.462499  0.0443815  0.470455
1048  0.0738432  -0.462499  0.0443815  0.470455
1049  0.226644  0.378638  0.00380769  0.441304
1050  0.595992  0.627754  -0.549987  1.02556
1051  0.595992  0.627754  -0.549987  1.02556
1052  0.595992  0.627754  -0.549987  1.02556
1053  1.68749  0.438814  -0.0713175  1.74507
1054  1.58236  -0.134  -0.088914  1.59052
1055  2.21584  -0.0559478  -0.00879983  2.21656
1056  2.21584  -0.0559478  -0.00879983  2.21656
1057  2.21584  -0.0559478  -0.00879983  2.21656
1058  2.22038  0.16812  0.492908  2.28064
1059  1.72638  0.21232  -0.320032  1.76859
1060  0.19416  0.275134  0.0520936  0.34075
1061  0.19416  0.275134  0.0520936  0.34075
1062  0.19416  0.275134  0.0520936  0.34075
1063  0.19416  0.275134  0.0520936  0.34075
1064  0.19416  0.275134  0.0520936  0.34075
1065  -1.28237  0.285145  -1.03466  1.67222
1066  -0.0821651  0.0303145  -0.40686  0.41618
1067  -0.0821651  0.0303145  -0.40686  0.41618
1068  -0.0821651  0.0303145  -0.40686  0.41618
1069  -0.364431  0.329112  0.024948  0.491678
1070  -0.0744859  -0.214574  0.568502  0.612197
1071  0.195127  0.0706132  0.0375568  0.210882
1072  0.195127  0.0706132  0.0375568  0.210882
1073  0.195127  0.0706132  0.0375568  0.210882
1074  0.195127  0.0706132  0.0375568  0.210882
1075  -0.0253426  0.408685  -0.860434  0.952897
1076  -0.190392  1.08606  -0.421825  1.18056
1077  0.0705076  -1.13249  0.131064  1.14222
1078  0.0705076  -1.13249  0.131064  1.14222
1079  0.0705076  -1.13249  0.131064  1.14222
1080  0.656078  -0.681155  -0.803135  1.24074
1081  0.656078  -0.681155  -0.803135  1.24074
1082  0.656078  -0.681155  -0.803135  1.24074
1083  0.656078  -0.681155  -0.803135  1.24074
1084  0.656078  -0.681155  -0.803135  1.24074
1085  0.656078  -0.681155  -0.803135  1.24074
1086  0.656078  -0.681155  -0.803135  1.24074
1087  0.656078  -0.681155  -0.803135  1.24074
1088  0.656078  -0.681155  -0.803135  1.24074
1089  0.605461  -0.581633  -1.18516  1.45241
1090  0.605461  -0.581633  -1.18516  1.45241
1091  0.976577  -0.786426  0.250567  1.27865
1092  0.921402  0.23379  0.315659  1.00164
1093  0.496974  0.51365  0.0889307  0.720228
1094  -0.18166  -0.244199  0.448439  0.54197
1095  -0.18166  -0.244199  0.448439  0.54197
1096  -0.18166  -0.244199  0.448439  0.54197
1097  -0.0142522  0.136377  0.345309  0.371538
1098  -0.0142522  0.136377  0.345309  0.371538
1099  -0.0142522  0.136377  0.345309  0.371538
1100  -0.0142522  0.136377  0.345309  0.371538
1101  -0.0142522  0.136377  0.345309  0.371538
1102  -0.0142522  0.136377  0.345309  0.371538
1103  -0.0142522  0.136377  0.345309  0.371538
1104  -0.0142522  0.136377  0.345309  0.371538
1105  -0.0142522  0.136377  0.345309  0.371538
1106  -0.0142522  0.136377  0.345309  0.371538
1107  -0.0142522  0.136377  0.345309  0.371538
1108  -0.0142522  0.136377  0.345309  0.371538
1109  -0.0142522  0.136377  0.345309  0.371538
1110  -0.0142522  0.136377  0.345309  0.371538
1111  -0.0142522  0.136377  0.345309  0.371538
1112  0.684935  -0.0114188  -0.143543  0.699908
1113  0.684935  -0.0114188  -0.143543  0.699908
1114  0.684935  -0.0114188  -0.143543  0.699908
1115  0.684935  -0.0114188  -0.143543  0.699908
1116  0.684935  -0.0114188  -0.143543  0.699908
1117  0.684935  -0.0114188  -0.143543  0.699908
1118  0.0997361  -0.690901  0.605419  0.924026
1119  0.0997361  -0.690901  0.605419  0.924026
1120  0.671005  -0.652441  0.470328  1.04744
1121  0.671005  -0.652441  0.470328  1.04744
1122  0.671005  -0.652441  0.470328  1.04744
1123  0.671005  -0.652441  0.470328  1.04744
1124  0.671005  -0.652441  0.470328  1.04744
1125  0.671005  -0.652441  0.470328  1.04744
1126  0.771652  0.0787478  0.787717  1.10551
1127  0.771652  0.0787478  0.787717  1.10551
1128  0.771652  0.0787478  0.787717  1.10551
1129  0.771652  0.0787478  0.787717  1.10551
1130  0.308622  -0.177318  0.55796  0.661822
1131  0.308622  -0.177318  0.55796  0.661822
1132  0.11975  -0.56461  -0.042149  0.578706
1133  0.11975  -0.56461  -0.042149  0.578706
1134  -0.146153  0.727468  0.37156  0.829836
1135  -0.146153  0.727468  0.37156  0.829836
1136  0.551527  0.166515  1.26247  1.38771
1137  0.406686  -0.515579  1.33747  1.48998
1138  0.406686  -0.515579  1.33747  1.48998
1139  0.406686  -0.515579  1.33747  1.48998
1140  0.406686  -0.515579  1.33747  1.48998
1141  0.138985  -0.210251  1.06549  1.09489
1142  0.138985  -0.210251  1.06549  1.09489
1143  0.380217  0.789336  0.139958  0.887246
1144  0.380217  0.789336  0.139958  0.887246
1145  1.27216  0.744324  0.933116  1.74445
1146  1.27216  0.744324  0.933116  1.74445
1147  1.27216  0.744324  0.933116  1.74445
1148  1.04968  1.3013  0.308023  1.70003
1149  1.04968  1.3013  0.308023  1.70003
1150  1.62369  0.496149  1.18952  2.07304
1151  1.1187  1.09993  0.724768  1.72818
1152  1.60635  1.05563  2.02453  2.79168
1153  0.926362  1.02789  2.50948  2.86569
1154  0.926362  1.02789  2.50948  2.86569
1155  0.926362  1.02789  2.50948  2.86569
1156  1.35778  0.512754  2.49815  2.88916
1157  0.97783  0.382683  2.67146  2.87042
1158  0.97783  0.382683  2.67146  2.87042
1159  0.97783  0.382683  2.67146  2.87042
1160  0.97783  0.382683  2.67146  2.87042
1161  0.97783  0.382683  2.67146  2.87042
1162  0.97783  0.382683  2.67146  2.87042
1163  -0.690805  0.360333  1.95774  2.10708
1164  -0.690805  0.360333  1.95774  2.10708
1165  -0.296753  0.675321  1.59462  1.75697
1166  -0.296753  0.675321  1.59462  1.75697
1167  -0.296753  0.675321  1.59462  1.75697
1168  -0.0950934  1.66186  1.4901  2.2341
1169  -0.293987  0.102043  1.64316  1.67237
1170  -0.293987  0.102043  1.64316  1.67237
1171  0.303331  -0.902802  0.348144  1.01403
1172  0.8913  1.05134  -0.447522  1.44914
1173  0.730075  2.23157  -0.102182  2.35018
1174  1.36416  1.82174  -0.82403  2.42048
1175  1.49281  1.46005  -0.326534  2.11349
1176  1.49281  1.46005  -0.326534  2.11349
1177  2.48146  0.731302  0.468512  2.62906
1178  1.40039  0.778764  0.830083  1.80461
1179  0.905176  1.60102  0.711072  1.97186
1180  2.04752  1.00472  0.335862  2.30534
1181  2.04752  1.00472  0.335862  2.30534
1182  2.04752  1.00472  0.335862  2.30534
1183  2.04752  1.00472  0.335862  2.30534
1184  2.04752  1.00472  0.335862  2.30534
1185  2.04752  1.00472  0.335862  2.30534
1186  2.15468  2.52864  1.16248  3.51966
1187  2.15468  2.52864  1.16248  3.51966
1188  1.73932  2.78968  0.216338  3.29459
1189  2.2533  3.46516  0.444938  4.15724
1190  2.92042  2.33339  0.799189  3.8226
1191  2.92042  2.33339  0.799189  3.8226
1192  3.00891  1.71403  0.789156  3.55165
1193  3.4385  1.17251  -0.0236214  3.63299
1194  3.20818  0.888379  -0.947397  3.4611
1195  2.32971  0.868383  -0.140964  2.49028
1196  2.32971  0.868383  -0.140964  2.49028
1197  1.97243  1.49969  -0.660275  2.56428
1198  1.24645  1.23601  -1.37716  2.23113
1199  1.81376  0.498398  -1.29827  2.28553
1200  1.81376  0.498398  -1.29827  2.28553
1201  1.81376  0.498398  -1.29827  2.28553
1202  1.70001  0.152852  -1.95019  2.59165
1203  1.05536  0.567902  -1.87758  2.22747
1204  0.776212  -0.174974  -1.69317  1.87082
1205  0.776212  -0.174974  -1.69317  1.87082
1206  0.509303  -0.27881  -0.951368  1.11455
1207  0.509303  -0.27881  -0.951368  1.11455
1208  0.509303  -0.27881  -0.951368  1.11455
1209  0.509303  -0.27881  -0.951368  1.11455
1210  -0.156992  -0.912342  -1.02315  1.3798
1211  0.2027  -1.02187  -1.24235  1.62133
1212  0.979883  -1.13834  -1.37822  2.0385
1213  0.376932  -0.446513  -1.86252  1.95204
1214  0.376932  -0.446513  -1.86252  1.95204
1215  0.366989  0.560806  -1.87072  1.98715
1216  1.92851  1.19139  -2.58072  3.43492
1217  1.92851  1.19139  -2.58072  3.43492
1218  1.92851  1.19139  -2.58072  3.43492
1219  1.92851  1.19139  -2.58072  3.43492
1220  1.21507  1.30454  -2.81557  3.33252
1221  1.21507  1.30454  -2.81557  3.33252
1222  1.66903  0.915241  -2.68865  3.29426
1223  1.66903  0.915241  -2.68865  3.29426
1224  0.710742  0.522131  -2.01156  2.19639
1225  0.710742  0.522131  -2.01156  2.19639
1226  1.14393  1.91835  -1.58914  2.74116
1227  1.80673  1.03701  -2.44377  3.21118
1228  1.80673  1.03701  -2.44377  3.21118
1229  1.58701  0.76406  -2.86012  3.35897
1230  1.05055  0.657388  -2.65357  2.92869
1231  1.59895  1.0534  -3.10924  3.65153
1232  1.59895  1.0534  -3.10924  3.65153
1233  1.33198  -0.318086  -3.83544  4.07259
1234  1.33198  -0.318086  -3.83544  4.07259
1235  0.229764  0.240874  -3.07241  3.09039
1236  0.229764  0.240874  -3.07241  3.09039
1237  -0.0409205  0.998034  -1.95652  2.19675
1238  -1.16794  -0.386861  -2.06627  2.40483
1239  -1.16794  -0.386861  -2.06627  2.40483
1240  -0.77122  -0.519298  -2.28613  2.46796
1241  -2.23315  -0.34082  -0.957319  2.45348
1242  -2.23315  -0.34082  -0.957319  2.45348
1243  -2.23315  -0.34082  -0.957319  2.45348
1244  -2.63366  -1.38844  -0.73293  3.06612
1245  -1.59026  -1.37274  -1.40123  2.52523
1246  -1.59026  -1.37274  -1.40123  2.52523
1247  -1.64171  -1.39349  -0.105674  2.15597
1248  -1.64171  -1.39349  -0.105674  2.15597
1249  -1.64171  -1.39349  -0.105674  2.15597
1250  -1.26618  -1.69498  -0.444661  2.16192
1251  -1.26618  -1.69498  -0.444661  2.16192
1252  -1.40145  -1.96951  -0.491532  2.4667
1253  -0.779354  -2.12557  -0.784495  2.39601
1254  -0.707431  -0.792476  -0.653859  1.2474
1255  -0.79943  -0.271791  -0.520776  0.992052
1256  -1.43591  -0.849093  0.14947  1.67486
1257  -1.43591  -0.849093  0.14947  1.67486
1258  -0.242972  -1.87946  0.218162  1.90762
1259  -0.242972  -1.87946  0.218162  1.90762
1260  -0.242972  -1.87946  0.218162  1.90762
1261  0.809543  -1.18  0.218721  1.44762
1262  0.299209  -1.48165  0.816027  1.71776
1263  1.21094  -0.762418  0.767021  1.62357
1264  0.184794  -1.65746  -0.457831  1.72943
1265  0.375827  -1.44155  -0.643588  1.62282
1266  0.375827  -1.44155  -0.643588  1.62282
1267  -0.35341  -0.709618  -0.354883  0.868562
1268  -0.35341  -0.709618  -0.354883  0.868562
1269  -0.526632  -0.353757  -0.79184  1.01464
1270  -0.526632  -0.353757  -0.79184  1.01464
1271  -0.526632  -0.353757  -0.79184  1.01464
1272  -0.880945  -0.85599  -0.557581  1.34896
1273  -0.880945  -0.85599  -0.557581  1.34896
1274  -0.880945  -0.85599  -0.557581  1.34896
1275  -0.806059  -1.80908  -1.21511  2.32358
1276  -0.646156  -0.718741  -1.17179  1.51895
1277  -0.646156  -0.718741  -1.17179  1.51895
1278  -0.0476181  0.0298934  0.751969  0.754068
1279  -0.0476181  0.0298934  0.751969  0.754068
1280  0.108081  -0.665678  -0.15457  0.691882
1281  0.108081  -0.665678  -0.15457  0.691882
1282  0.108081  -0.665678  -0.15457  0.691882
1283  0.108081  -0.665678  -0.15457  0.691882
1284  -1.15302  -0.932438  -0.254104  1.50448
1285  -0.0653742  -0.355898  -0.929299  0.997264
1286  -0.959508  0.0375834  -1.7066  1.9582
1287  -0.849512  -0.514562  -1.407  1.72224
1288  -0.434154  -1.0134  -1.36846  1.75731
1289  -0.659311  0.2054  -1.45299  1.60875
1290  -0.548967  0.41528  0.0770784  0.692649
1291  -0.548967  0.41528  0.0770784  0.692649
1292  -0.548967  0.41528  0.0770784  0.692649
1293  -0.548967  0.41528  0.0770784  0.692649
1294  -0.468124  0.0136366  -0.509882  0.69232
1295  -0.468124  0.0136366  -0.509882  0.69232
1296  -0.590814  0.158272  -0.403452  0.732724
1297  -0.590814  0.158272  -0.403452  0.732724
1298  -0.590814  0.158272  -0.403452  0.732724
1299  0.428154  0.0804766  -0.733081  0.852761
1300  0.428154  0.0804766  -0.733081  0.852761
1301  0.428154  0.0804766  -0.733081  0.852761
1302  -0.448237  -0.00497633  -0.645257  0.785682
1303  -0.448237  -0.00497633  -0.645257  0.785682
1304  -0.706197  1.31818  -0.552384  1.59419
1305  -0.663561  1.8492  -1.67264  2.58023
1306  -0.663561  1.8492  -1.67264  2.58023
1307  -0.242243  1.01832  -2.405  2.62291
1308  -0.242243  1.01832  -2.405  2.62291
1309  0.599446  2.3198  -0.125975  2.3993
1310  -0.175899  1.08421  -1.11799  1.56728
1311  -0.175899  1.08421  -1.11799  1.56728
1312  -0.175899  1.08421  -1.11799  1.56728
1313  1.25266  0.0268059  -0.891211  1.53757
1314  -0.091027  -0.553729  -0.214097  0.600616
1315  -0.091027  -0.553729  -0.214097  0.600616
1316  -0.091027  -0.553729  -0.214097  0.600616
1317  -0.091027  -0.553729  -0.214097  0.600616
1318  -0.375844  -1.05211  -0.596191  1.26635
1319  -0.375844  -1.05211  -0.596191  1.26635
1320  0.217161  -0.106524  0.168788  0.29495
1321  0.200629  0.34703  1.75116  1.79645
1322  0.572699  0.73521  0.799249  1.22773
1323  0.572699  0.73521  0.799249  1.22773
1324  1.17351  -0.390216  0.286784  1.2695
1325  1.51248  -1.15814  0.343706  1.93572
1326  1.25421  -0.285284  -0.53002  1.39117
1327  1.25421  -0.285284  -0.53002  1.39117
1328  0.63086  -0.437723  -0.632381  0.994732
1329  0.63086  -0.437723  -0.632381  0.994732
1330  0.63086  -0.437723  -0.632381  0.994732
1331  0.63086  -0.437723  -0.632381  0.994732
1332  -0.359974  -0.253592  0.251628  0.507155
1333  -0.359974  -0.253592  0.251628  0.507155
1334  -0.359974  -0.253592  0.251628  0.507155
1335  -0.359974  -0.253592  0.251628  0.507155
1336  -0.359974  -0.253592  0.251628  0.507155
1337  -0.479375  0.460744  -0.107397  0.673513
1338  -0.3451  0.155478  -0.656121  0.757471
1339  0.435575  -0.260748  0.567887  0.761716
1340  -0.295356  -0.529885  0.60609  0.857531
1341  -0.295356  -0.529885  0.60609  0.857531
1342  -0.295356  -0.529885  0.60609  0.857531
1343  -0.295356  -0.529885  0.60609  0.857531
1344  -0.295356  -0.529885  0.60609  0.857531
1345  0.791566  -0.183108  0.696648  1.07024
1346  1.15165  -0.110915  0.67903  1.34152
1347  0.032336  0.19601  1.07954  1.09767
1348  -0.642207  1.1587  0.412527  1.38751
1349  -0.642207  1.1587  0.412527  1.38751
1350  -0.642207  1.1587  0.412527  1.38751
1351  0.0405279  0.26325  1.26922  1.29686
1352  0.0405279  0.26325  1.26922  1.29686
1353  0.205525  0.981795  1.08782  1.4797
1354  0.13057  -0.569392  0.773719  0.969483
1355  0.697444  -0.679796  -0.295446  1.01776
1356  -0.311525  -0.386699  -0.670596  0.834436
1357  -0.114576  -0.463001  -1.13936  1.23517
1358  0.468685  0.204792  -0.0169708  0.511755
1359  -0.0771505  0.700863  -0.408623  0.814944
1360  -0.0771505  0.700863  -0.408623  0.814944
1361  -0.0771505  0.700863  -0.408623  0.814944
1362  -0.117822  1.13847  -0.995151  1.51668
1363  -0.432537  0.33762  -1.53208  1.62737
1364  -0.432537  0.33762  -1.53208  1.62737
1365  -0.432537  0.33762  -1.53208  1.62737
1366  0.81722  0.37456  -2.12068  2.30335
1367  0.937761  0.723903  -3.07773  3.29786
1368  0.937761  0.723903  -3.07773  3.29786
1369  0.937761  0.723903  -3.07773  3.29786
1370  1.05702  -0.557924  -2.72787  2.97823
1371  0.802656  -1.01137  -2.91426  3.18748
1372  0.802656  -1.01137  -2.91426  3.18748
1373  1.62874  -0.901518  -2.60822  3.20443
1374  1.62874  -0.901518  -2.60822  3.20443
1375  1.33823  -0.829656  -1.62346  2.2616
1376  1.7588  -0.33772  -1.65742  2.44018
1377  1.92941  0.153048  -0.621595  2.03284
1378  1.92941  0.153048  -0.621595  2.03284
1379  1.92941  0.153048  -0.621595  2.03284
1380  0.859464  0.361235  -1.84765  2.06954
1381  0.859464  0.361235  -1.84765  2.06954
1382  0.859464  0.361235  -1.84765  2.06954
1383  0.859464  0.361235  -1.84765  2.06954
1384  0.859464  0.361235  -1.84765  2.06954
1385  -0.0947468  0.462234  -1.54761  1.61794
1386  -0.0947468  0.462234  -1.54761  1.61794
1387  -0.0947468  0.462234  -1.54761  1.61794
1388  -0.0882562  1.00199  -1.43132  1.74941
1389  -0.0882562  1.00199  -1.43132  1.74941
1390  0.538785  0.566623  -0.356043  0.859138
1391  0.538785  0.566623  -0.356043  0.859138
1392  0.538785  0.566623  -0.356043  0.859138
1393  0.0195433  -0.272315  -0.0896667  0.287363
1394  0.0195433  -0.272315  -0.0896667  0.287363
1395  0.0195433  -0.272315  -0.0896667  0.287363
1396  0.0195433  -0.272315  -0.0896667  0.287363
1397  -0.189233  -0.0981332  0.341543  0.402606
1398  -0.189233  -0.0981332  0.341543  0.402606
1399  -0.189233  -0.0981332  0.341543  0.402606
1400  -0.189233  -0.0981332  0.341543  0.402606
1401  -0.079702  0.158284  -0.646616  0.670461
1402  -0.538645  0.0170246  -0.255166  0.59627
1403  -0.538645  0.0170246  -0.255166  0.59627
1404  -0.538645  0.0170246  -0.255166  0.59627
1405  -0.538645  0.0170246  -0.255166  0.59627
1406  -0.372413  0.240112  -0.212935  0.491616
1407  -0.372413  0.240112  -0.212935  0.491616
1408  -0.372413  0.240112  -0.212935  0.491616
1409  -0.372413  0.240112  -0.212935  0.491616
1410  -0.372413  0.240112  -0.212935  0.491616
1411  -0.372413  0.240112  -0.212935  0.491616
1412  -0.372413  0.240112  -0.212935  0.491616
1413  -0.372413  0.240112  -0.212935  0.491616
1414  -0.372413  0.240112  -0.212935  0.491616
1415  -1.16593  0.206159  0.202627  1.20123
1416  -0.970608  0.6193  0.63313  1.31395
1417  -0.970608  0.6193  0.63313  1.31395
1418  -0.970608  0.6193  0.63313  1.31395
1419  -0.970608  0.6193  0.63313  1.31395
1420  -0.542005  1.31521  0.596331  1.54245
1421  -0.391483  1.63159  0.199346  1.6897
1422  -0.391483  1.63159  0.199346  1.6897
1423  0.241563  1.4149  0.274275  1.46134
1424  0.241563  1.4149  0.274275  1.46134
1425  0.241563  1.4149  0.274275  1.46134
1426  0.241563  1.4149  0.274275  1.46134
1427  0.174901  0.542532  0.93535  1.09536
1428  0.174901  0.542532  0.93535  1.09536
1429  0.174901  0.542532  0.93535  1.09536
1430  1.14156  -0.151621  0.774383  1.38774
1431  1.14156  -0.151621  0.774383  1.38774
1432  1.34449  0.294875  0.172252  1.38719
1433  1.34449  0.294875  0.172252  1.38719
1434  1.0481  1.1126  0.911312  1.77957
1435  0.340963  1.72092  0.327658  1.78471
1436  -0.679689  2.17078  0.285938  2.2926
1437  -0.679689  2.17078  0.285938  2.2926
1438  -0.758101  1.0334  0.672799  1.44751
1439  0.740748  0.525479  -0.4982  1.03588
1440  0.740748  0.525479  -0.4982  1.03588
1441  0.740748  0.525479  -0.4982  1.03588
1442  0.740748  0.525479  -0.4982  1.03588
1443  -0.39324  0.325617  -0.335592  0.610972
1444  -0.39324  0.325617  -0.335592  0.610972
1445  -0.39324  0.325617  -0.335592  0.610972
1446  0.173777  -0.660574  0.15889  0.701287
1447  0.173777  -0.660574  0.15889  0.701287
1448  0.173777  -0.660574  0.15889  0.701287
1449  0.388418  -0.394757  -0.132928  0.569536
1450  0.401594  -0.199187  0.292958  0.535516
1451  0.340404  -0.607812  0.385243  0.796067
1452  0.340404  -0.607812  0.385243  0.796067
1453  0.034838  -0.98272  1.07701  1.45839
1454  0.034838  -0.98272  1.07701  1.45839
1455  0.034838  -0.98272  1.07701  1.45839
1456  0.034838  -0.98272  1.07701  1.45839
1457  0.476945  -1.19153  1.63986  2.08239
1458  0.653047  -1.10927  1.68183  2.1179
1459  0.653047  -1.10927  1.68183  2.1179
1460  0.653047  -1.10927  1.68183  2.1179
1461  0.653047  -1.10927  1.68183  2.1179
1462  0.653047  -1.10927  1.68183  2.1179
1463  0.890683  -1.68194  1.0576  2.17733
1464  0.571641  -2.00014  1.26638  2.43538
1465  -0.564815  -0.94962  1.89405  2.19276
1466  -0.564815  -0.94962  1.89405  2.19276
1467  -0.559086  -0.781409  1.44741  1.73729
1468  0.26535  -0.0744728  1.23439  1.26479
1469  0.26535  -0.0744728  1.23439  1.26479
1470  0.26535  -0.0744728  1.23439  1.26479
1471  0.36453  -0.805857  1.14027  1.44309
1472  0.36453  -0.805857  1.14027  1.44309
1473  0.36453  -0.805857  1.14027  1.44309
1474  0.226433  -1.10944  1.18431  1.63851
1475  -0.217923  -1.07815  0.307135  1.14203
1476  -1.7043  -1.26939  1.10405  2.39477
1477  -1.7043  -1.26939  1.10405  2.39477
1478  -1.7043  -1.26939  1.10405  2.39477
1479  -1.52266  -2.11326  0.624293  2.67845
1480  -1.57117  -2.1237  1.07566  2.85231
1481  -0.935891  -1.7557  1.88919  2.74361
1482  -0.935891  -1.7557  1.88919  2.74361
1483  -0.589289  -1.37794  1.96796  2.47363
1484  -0.589289  -1.37794  1.96796  2.47363
1485  -0.589289  -1.37794  1.96796  2.47363
1486  -0.589289  -1.37794  1.96796  2.47363
1487  0.00801965  -0.959885  2.4628  2.64326
1488  0.00801965  -0.959885  2.4628  2.64326
1489  -0.172846  -1.51251  2.33615  2.78839
1490  0.0173546  -1.93107  1.816  2.65089
1491  0.0173546  -1.93107  1.816  2.65089
1492  -0.524777  -2.1736  1.54784  2.71951
1493  -1.08802  -1.93714  1.68314  2.78734
1494  -0.23497  -2.38723  0.390374  2.43032
1495  -0.23497  -2.38723  0.390374  2.43032
1496  -0.308358  -1.40053  0.945512  1.71772
1497  0.993287  -0.101348  0.755981  1.25236
1498  1.40675  -0.535943  1.08492  1.85559
1499  1.40675  -0.535943  1.08492  1.85559
1500  1.74785  -1.25967  0.830686  2.30907
1501  1.22045  -0.891556  0.431835  1.57189
1502  -0.036303  -1.1075  -0.671499  1.29568
1503  -0.036303  -1.1075  -0.671499  1.29568
1504  -0.036303  -1.1075  -0.671499  1.29568
1505  -0.0617117  -1.17344  -1.21459  1.68996
1506  -0.0617117  -1.17344  -1.21459  1.68996
1507  -0.662476  0.0547332  -1.09961  1.28492
1508  -0.641358  -0.693318  -0.598497  1.11814
1509  -0.254958  -0.957655  -0.319842  1.04135
1510  0.322758  -1.3589  -1.30481  1.91136
1511  0.322758  -1.3589  -1.30481  1.91136
1512  -0.140853  -0.648714  -1.9884  2.09628
1513  -0.140853  -0.648714  -1.9884  2.09628
1514  0.306025  0.400536  -1.56305  1.64231
1515  0.306025  0.400536  -1.56305  1.64231
1516  0.306025  0.400536  -1.56305  1.64231
1517  0.306025  0.400536  -1.56305  1.64231
1518  0.306025  0.400536  -1.56305  1.64231
1519  -0.415176  0.665857  -1.34459  1.55681
1520  -1.44483  1.18378  -1.46753  2.3754
1521  -1.21192  -1.39412  -1.39922  2.31735
1522  -1.62802  1.00499  -1.24215  2.28109
1523  -0.93393  -1.38291  -0.646583  1.78961
1524  -0.93393  -1.38291  -0.646583  1.78961
1525  -0.00985791  -1.19648  -0.550228  1.31697
1526  0.672251  -2.20591  -0.342468  2.33136
1527  0.672251  -2.20591  -0.342468  2.33136
1528  0.672251  -2.20591  -0.342468  2.33136
1529  0.672251  -2.20591  -0.342468  2.33136
1530  0.672251  -2.20591  -0.342468  2.33136
1531  0.672251  -2.20591  -0.342468  2.33136
1532  0.167354  -1.89194  0.794143  2.05866
1533  0.167354  -1.89194  0.794143  2.05866
1534  1.05869  -1.40109  -0.722742  1.89901
1535  0.765569  -1.54982  -0.762808  1.88942
1536  0.533461  -1.97381  -0.0291061  2.04483
1537  0.790163  -1.41767  0.325958  1.65542
1538  0.790163  -1.41767  0.325958  1.65542
1539  0.790163  -1.41767  0.325958  1.65542
1540  0.790163  -1.41767  0.325958  1.65542
1541  0.479134  -1.94846  0.913424  2.20463
1542  -0.199243  -1.73979  1.99068  2.6513
1543  -0.239652  -1.64684  2.12255  2.69718
1544  -0.239652  -1.64684  2.12255  2.69718
1545  -0.239652  -1.64684  2.12255  2.69718
1546  -0.239652  -1.64684  2.12255  2.69718
1547  -0.239652  -1.64684  2.12255  2.69718
1548  1.04838  -1.64234  1.94667  2.75425
1549  1.20937  -0.591419  1.49201  2.00959
1550  0.710728  0.22247  2.22172  2.34322
1551  -0.0548142  0.811872  2.29254  2.43267
1552  -0.0548142  0.811872  2.29254  2.43267
1553  0.0460171  0.479808  2.70004  2.74273
1554  0.998629  -0.45963  2.10221  2.3723
1555  0.998629  -0.45963  2.10221  2.3723
1556  0.998629  -0.45963  2.10221  2.3723
1557  0.998629  -0.45963  2.10221  2.3723
1558  0.0129162  0.00406587  2.07789  2.07793
1559  0.0129162  0.00406587  2.07789  2.07793
1560  0.285371  0.725664  1.69302  1.86396
1561  0.0622167  0.298657  1.83814  1.86328
1562  0.0622167  0.298657  1.83814  1.86328
1563  0.0622167  0.298657  1.83814  1.86328
1564  0.349221  -0.904577  2.55031  2.72843
1565  -0.650522  -1.10975  2.75199  3.03779
1566  -0.337417  -1.39383  2.29923  2.70981
1567  -0.337417  -1.39383  2.29923  2.70981
1568  -0.337417  -1.39383  2.29923  2.70981
1569  -0.337417  -1.39383  2.29923  2.70981
1570  -0.979928  0.0115775  0.671741  1.18812
1571  -2.02833  0.0849903  0.16393  2.03672
1572  -2.02833  0.0849903  0.16393  2.03672
1573  -2.25306  0.249854  -0.752214  2.38842
1574  -2.25306  0.249854  -0.752214  2.38842
1575  -1.61101  1.0961  0.218349  1.96073
1576  -1.61101  1.0961  0.218349  1.96073
1577  -1.84314  0.612851  -0.238275  1.95692
1578  -2.20783  -0.678212  0.00997604  2.30967
1579  -2.49154  -0.553527  0.552634  2.61143
1580  -2.83128  0.504533  1.44474  3.21838
1581  -3.44658  1.11119  1.11333  3.78855
1582  -3.44658  1.11119  1.11333  3.78855
1583  -3.44658  1.11119  1.11333  3.78855
1584  -2.99683  0.78111  1.53805  3.45785
1585  -2.99683  0.78111  1.53805  3.45785
1586  -2.90797  0.972533  -0.286675  3.07966
1587  -2.5352  0.717618  -0.983653  2.81244
1588  -1.90028  0.345891  0.145089  1.93695
1589  -1.90028  0.345891  0.145089  1.93695
1590  -1.89224  -0.390239  0.937427  2.14747
1591  -1.89224  -0.390239  0.937427  2.14747
1592  -0.821381  0.00960661  0.694661  1.07578
1593  -0.627355  -1.16371  -0.61242  1.457
1594  -0.627355  -1.16371  -0.61242  1.457
1595  -0.627355  -1.16371  -0.61242  1.457
1596  -0.627355  -1.16371  -0.61242  1.457
1597  -0.627355  -1.16371  -0.61242  1.457
1598  -0.627355  -1.16371  -0.61242  1.457
1599  -0.503757  -2.19147  -0.578922  2.32195
1600  -0.503757  -2.19147  -0.578922  2.32195
1601  -0.503757  -2.19147  -0.578922  2.32195
1602  -0.503757  -2.19147  -0.578922  2.32195
1603  -0.503757  -2.19147  -0.578922  2.32195
1604  -0.295311  -1.63204  -1.60311  2.30667
1605  -0.311111  -1.18613  -0.438957  1.30245
1606  -0.311111  -1.18613  -0.438957  1.30245
1607  -0.311111  -1.18613  -0.438957  1.30245
1608  0.730461  -0.983318  -0.148974  1.23397
1609  0.541845  -0.91992  -0.929266  1.41541
1610  0.514346  -0.69036  0.227162  0.890366
1611  0.514346  -0.69036  0.227162  0.890366
1612  0.514346  -0.69036  0.227162  0.890366
1613  0.121471  -0.553461  0.0875443  0.573357
1614  0.121471  -0.553461  0.0875443  0.573357
1615  0.121471  -0.553461  0.0875443  0.573357
1616  0.121471  -0.553461  0.0875443  0.573357
1617  -0.0120068  -1.46028  -1.16532  1.8683
1618  -0.766043  -0.48538  -0.803416  1.21157
1619  -0.390467  -0.75825  0.402288  0.942997
1620  -0.390467  -0.75825  0.402288  0.942997
1621  -0.822452  -0.793889  0.886499  1.44657
1622  -0.573455  -1.02078  0.181393  1.1848
1623  -0.738692  -1.54827  0.767712  1.87941
1624  0.367918  -1.24005  -1.24355  1.7943
1625  0.367918  -1.24005  -1.24355  1.7943
1626  0.367918  -1.24005  -1.24355  1.7943
1627  0.276128  -0.561978  -2.15854  2.24752
1628  0.276128  -0.561978  -2.15854  2.24752
1629  0.276128  -0.561978  -2.15854  2.24752
1630  0.276128  -0.561978  -2.15854  2.24752
1631  0.254358  0.479811  -1.27644  1.38716
1632  0.198484  0.0716809  -0.602565  0.638451
1633  0.198484  0.0716809  -0.602565  0.638451
1634  0.198484  0.0716809  -0.602565  0.638451
1635  0.198484  0.0716809  -0.602565  0.638451
1636  0.198484  0.0716809  -0.602565  0.638451
1637  0.198484  0.0716809  -0.602565  0.638451
1638  0.198484  0.0716809  -0.602565  0.638451
1639  0.198484  0.0716809  -0.602565  0.638451
1640  0.198484  0.0716809  -0.602565  0.638451
1641  0.198484  0.0716809  -0.602565  0.638451
1642  0.10271  -0.748983  0.518017  0.916442
1643  0.10271  -0.748983  0.518017  0.916442
1644  0.10271  -0.748983  0.518017  0.916442
1645  0.10271  -0.748983  0.518017  0.916442
1646  0.10271  -0.748983  0.518017  0.916442
1647  0.10271  -0.748983  0.518017  0.916442
1648  0.569971  -0.67501  -0.0810486  0.887172
1649  0.569971  -0.67501  -0.0810486  0.887172
1650  0.490902  -1.03128  -1.77241  2.10855
1651  -0.0482124  0.479188  -0.808678  0.941225
1652  -0.0482124  0.479188  -0.808678  0.941225
1653  0.64406  0.311643  -0.953084  1.19177
1654  0.64406  0.311643  -0.953084  1.19177
1655  0.64406  0.311643  -0.953084  1.19177
1656  0.246604  0.300099  -0.376574  0.541
1657  0.246604  0.300099  -0.376574  0.541
1658  0.246604  0.300099  -0.376574  0.541
1659  0.246604  0.300099  -0.376574  0.541
1660  0.246604  0.300099  -0.376574  0.541
1661  0.246604  0.300099  -0.376574  0.541
1662  0.246604  0.300099  -0.376574  0.541
1663  0.246604  0.300099  -0.376574  0.541
1664  0.54842  -1.91375  0.314098  2.0154
1665  0.54842  -1.91375  0.314098  2.0154
1666  0.999606  -1.71225  0.0676322  1.98383
1667  0.160431  -2.10788  1.00916  2.3425
1668  0.840334  -2.03494  0.760654  2.32933
1669  0.840334  -2.03494  0.760654  2.32933
1670  -0.162581  -2.17881  -0.191496  2.19324
1671  -0.962213  -0.944145  -0.52993  1.44848
1672  -0.962213  -0.944145  -0.52993  1.44848
1673  -0.606857  -0.706321  0.192922  0.950991
1674  -0.606857  -0.706321  0.192922  0.950991
1675  -0.606857  -0.706321  0.192922  0.950991
1676  -0.606857  -0.706321  0.192922  0.950991
1677  -0.606857  -0.706321  0.192922  0.950991
1678  0.464445  -0.793833  -0.124029  0.928043
1679  0.464445  -0.793833  -0.124029  0.928043
1680  1.51569  0.80136  -0.967554  1.96867
1681  2.73019  1.23526  -0.582021  3.05263
1682  2.45462  1.55006  -0.217459  2.91121
1683  2.45462  1.55006  -0.217459  2.91121
1684  2.64399  1.38829  0.154827  2.99032
1685  1.33512  0.0171068  -0.976328  1.65411
1686  1.33512  0.0171068  -0.976328  1.65411
1687  1.33512  0.0171068  -0.976328  1.65411
1688  1.59865  -0.345476  -0.871025  1.85303
1689  1.5587  -0.197948  -0.766729  1.74832
1690  1.5587  -0.197948  -0.766729  1.74832
1691  0.430667  0.529701  -0.344196  0.764544
1692  0.396581  -0.019089  -0.557594  0.684508
1693  -0.123013  0.466317  0.230482  0.534514
1694  -0.17629  -0.0445905  0.163004  0.244206
1695  -0.17629  -0.0445905  0.163004  0.244206
1696  -0.17629  -0.0445905  0.163004  0.244206
1697  -0.17629  -0.0445905  0.163004  0.244206
1698  -0.17629  -0.0445905  0.163004  0.244206
1699  -0.17629  -0.0445905  0.163004  0.244206
1700  -0.17629  -0.0445905  0.163004  0.244206
1701  -0.17629  -0.0445905  0.163004  0.244206
1702  -0.17629  -0.0445905  0.163004  0.244206
1703  -0.17629  -0.0445905  0.163004  0.244206
1704  -0.17629  -0.0445905  0.163004  0.244206
1705  -0.17629  -0.0445905  0.163004  0.244206
1706  -0.595452  -0.173271  0.182659  0.646491
1707  -0.595452  -0.173271  0.182659  0.646491
1708  -0.595452  -0.173271  0.182659  0.646491
1709  -1.4609  0.0500004  0.338738  1.50049
1710  -1.00735  0.240124  0.235061  1.06192
1711  -1.00735  0.240124  0.235061  1.06192
1712  0.511885  -0.29269  1.21396  1.34959
1713  0.511885  -0.29269  1.21396  1.34959
1714  0.826616  -0.678179  0.781493  1.32437
1715  0.440713  -1.10497  0.029788  1.18999
1716  1.41926  -0.570188  0.663616  1.66727
1717  1.41926  -0.570188  0.663616  1.66727
1718  0.475109  -0.104768  -1.5174  1.59348
1719  0.475109  -0.104768  -1.5174  1.59348
1720  0.376757  -0.701352  -1.00176  1.2796
1721  0.376757  -0.701352  -1.00176  1.2796
1722  -0.287065  0.313176  0.243302  0.489573
1723  -0.287065  0.313176  0.243302  0.489573
1724  0.243011  -0.0511419  0.0373526  0.251127
1725  0.202792  -1.25146  0.642774  1.42142
1726  0.202792  -1.25146  0.642774  1.42142
1727  0.0717983  -0.273085  0.247815  0.37569
1728  0.0717983  -0.273085  0.247815  0.37569
1729  0.0717983  -0.273085  0.247815  0.37569
1730  0.0717983  -0.273085  0.247815  0.37569
1731  0.0717983  -0.273085  0.247815  0.37569
1732  0.0717983  -0.273085  0.247815  0.37569
1733  0.233485  -0.0877504  -0.448114  0.512856
1734  0.233485  -0.0877504  -0.448114  0.512856
1735  -0.0828699  -0.0979356  -0.393337  0.41373
1736  -0.0828699  -0.0979356  -0.393337  0.41373
1737  -0.0828699  -0.0979356  -0.393337  0.41373
1738  -0.0232254  -0.487183  -0.65692  0.818187
1739  0.436519  -0.480961  -0.465027  0.798825
1740  0.436519  -0.480961  -0.465027  0.798825
1741  -0.0824878  -0.984717  0.723233  1.22456
1742  -0.0824878  -0.984717  0.723233  1.22456
1743  0.138186  -0.808325  0.163225  0.836138
1744  0.138186  -0.808325  0.163225  0.836138
1745  0.138186  -0.808325  0.163225  0.836138
1746  0.324922  -0.795539  -0.813161  1.18308
1747  0.449614  -0.443076  0.0171593  0.631478
1748  -0.498789  0.84459  -0.619962  1.16038
1749  -0.498789  0.84459  -0.619962  1.16038
1750  -0.498789  0.84459  -0.619962  1.16038
1751  -1.59115  1.2825  -0.376451  2.07804
1752  -0.965358  0.9171  -0.850968  1.58023
1753  -0.965358  0.9171  -0.850968  1.58023
1754  -0.965358  0.9171  -0.850968  1.58023
1755  -0.965358  0.9171  -0.850968  1.58023
1756  -0.965358  0.9171  -0.850968  1.58023
1757  -0.0638294  -0.820918  -1.04635  1.33148
1758  -0.0638294  -0.820918  -1.04635  1.33148
1759  -0.0638294  -0.820918  -1.04635  1.33148
1760  0.117374  -1.11317  -0.896428  1.43405
1761  -0.481058  -0.271386  -1.68254  1.77088
1762  -0.481058  -0.271386  -1.68254  1.77088
1763  0.425658  0.491051  -2.67262  2.75049
1764  0.0237312  1.86075  -1.96335  2.70512
1765  -0.0913429  2.22494  -1.98567  2.98355
1766  -0.0381845  0.612934  -1.2454  1.38858
1767  -0.0381845  0.612934  -1.2454  1.38858
1768  -0.0381845  0.612934  -1.2454  1.38858
1769  -1.40654  0.944838  -0.221584  1.70885
1770  -0.16685  0.614608  0.617957  0.887385
1771  -0.40031  -0.366407  0.335124  0.637817
1772  -0.40031  -0.366407  0.335124  0.637817
1773  -0.820965  -0.240827  -0.627753  1.06116
1774  -0.820965  -0.240827  -0.627753  1.06116
1775  -0.820965  -0.240827  -0.627753  1.06116
1776  -0.820965  -0.240827  -0.627753  1.06116
1777  -0.527765  -0.17721  0.965733  1.11471
1778  0.136801  -1.12913  1.17717  1.63688
1779  -0.827662  -1.38654  0.992713  1.89552
1780  -0.827662  -1.38654  0.992713  1.89552
1781  -0.286999  -1.46623  2.529  2.93735
1782  -0.286999  -1.46623  2.529  2.93735
1783  -0.286999  -1.46623  2.529  2.93735
1784  -0.286999  -1.46623  2.529  2.93735
1785  0.342731  -0.159207  1.81062  1.84964
1786  -0.0389665  0.143811  0.678146  0.694322
1787  -0.118226  0.550573  0.206499  0.599791
1788  0.0386907  0.691647  1.49809  1.6505
1789  0.0386907  0.691647  1.49809  1.6505
1790  0.0386907  0.691647  1.49809  1.6505
1791  -0.394215  0.012657  0.994533  1.06989
1792  -0.473237  -0.0965859  0.129675  0.500097
1793  -0.473237  -0.0965859  0.129675  0.500097
1794  -0.473237  -0.0965859  0.129675  0.500097
1795  -0.825391  -0.539551  0.23064  1.01271
1796  -0.515277  -1.38584  -0.287748  1.50627
1797  -0.344275  0.0701109  -1.16444  1.21629
1798  -1.14437  0.0744926  -1.75903  2.09984
1799  -0.937001  -0.255763  -1.46971  1.76165
1800  -0.413202  0.474134  -0.107865  0.638102
1801  -0.413202  0.474134  -0.107865  0.638102
1802  -0.413202  0.474134  -0.107865  0.638102
1803  -0.413202  0.474134  -0.107865  0.638102
1804  -0.413202  0.474134  -0.107865  0.638102
1805  0.294932  0.282873  0.435488  0.597203
1806  0.311521  0.398909  -0.0912688  0.5143
1807  0.311521  0.398909  -0.0912688  0.5143
1808  -0.215022  0.785996  0.0461365  0.816182
1809  -0.215022  0.785996  0.0461365  0.816182
1810  -0.215022  0.785996  0.0461365  0.816182
1811  0.247263  1.14386  -0.211352  1.18921
1812  0.185975  1.47606  0.0618219  1.48901
1813  0.185975  1.47606  0.0618219  1.48901
1814  0.185975  1.47606  0.0618219  1.48901
1815  0.185975  1.47606  0.0618219  1.48901
1816  0.185975  1.47606  0.0618219  1.48901
1817  -0.869126  0.927332  0.356318  1.31996
1818  -1.6198  0.962161  0.00421495  1.88402
1819  -1.53073  1.31706  0.396579  2.05793
1820  -1.23268  0.993026  0.328255  1.61659
1821  -1.23818  0.939692  0.12514  1.55942
1822  -1.23818  0.939692  0.12514  1.55942
1823  -1.23818  0.939692  0.12514  1.55942
1824  -0.32377  0.577476  -0.149058  0.678619
1825  -0.32377  0.577476  -0.149058  0.678619
1826  -0.32377  0.577476  -0.149058  0.678619
1827  -0.32377  0.577476  -0.149058  0.678619
1828  0.81084  0.394533  0.12182  0.909922
1829  0.539968  -0.45045  0.1985  0.730666
1830  -0.363032  -0.187812  -0.213269  0.46103
1831  -0.363032  -0.187812  -0.213269  0.46103
1832  -0.303743  -0.706679  -1.53839  1.71997
1833  0.0230306  0.0868181  -1.16144  1.1649
1834  0.0230306  0.0868181  -1.16144  1.1649
1835  0.0230306  0.0868181  -1.16144  1.1649
1836  -0.171531  -0.35998  -0.650975  0.763398
1837  0.19254  0.39629  0.207639  0.487064
1838  0.19254  0.39629  0.207639  0.487064
1839  0.19254  0.39629  0.207639  0.487064
1840  -0.468177  -0.0753039  1.39197  1.47053
1841  -0.468177  -0.0753039  1.39197  1.47053
1842  -0.468177  -0.0753039  1.39197  1.47053
1843  -0.468177  -0.0753039  1.39197  1.47053
1844  0.574046  -0.450907  1.148  1.36042
1845  0.203038  0.20134  0.837539  0.885005
1846  0.242688  -0.379747  0.199061  0.492677
1847  0.242688  -0.379747  0.199061  0.492677
1848  0.242688  -0.379747  0.199061  0.492677
1849  0.242688  -0.379747  0.199061  0.492677
1850  0.242688  -0.379747  0.199061  0.492677
1851  0.242688  -0.379747  0.199061  0.492677
1852  0.242688  -0.379747  0.199061  0.492677
1853  0.242688  -0.379747  0.199061  0.492677
1854  0.242688  -0.379747  0.199061  0.492677
1855  0.242688  -0.379747  0.199061  0.492677
1856  0.242688  -0.379747  0.199061  0.492677
1857  0.242688  -0.379747  0.199061  0.492677
1858  0.227116  -0.138408  0.567317  0.626568
1859  0.227116  -0.138408  0.567317  0.626568
1860  0.227116  -0.138408  0.567317  0.626568
1861  0.227116  -0.138408  0.567317  0.626568
1862  0.227116  -0.138408  0.567317  0.626568
1863  0.227116  -0.138408  0.567317  0.626568
1864  0.074168  -1.67499  0.483285  1.74489
1865  0.130223  -1.16575  0.223573  1.19411
1866  0.130223  -1.16575  0.223573  1.19411
1867  0.393113  -0.671522  0.32628  0.843764
1868  0.393113  -0.671522  0.32628  0.843764
1869  0.393113  -0.671522  0.32628  0.843764
1870  0.393113  -0.671522  0.32628  0.843764
1871  0.73523  0.316783  0.689474  1.05655
1872  0.73523  0.316783  0.689474  1.05655
1873  0.471155  -0.570534  0.486317  0.885438
1874  -0.0579011  -0.759977  -0.315695  0.824973
1875  -0.0579011  -0.759977  -0.315695  0.824973
1876  -0.0579011  -0.759977  -0.315695  0.824973
1877  -0.0579011  -0.759977  -0.315695  0.824973
1878  -0.0579011  -0.759977  -0.315695  0.824973
1879  -0.0579011  -0.759977  -0.315695  0.824973
1880  -0.0579011  -0.759977  -0.315695  0.824973
1881  -0.0579011  -0.759977  -0.315695  0.824973
1882  -0.0579011  -0.759977  -0.315695  0.824973
1883  -0.0579011  -0.759977  -0.315695  0.824973
1884  -0.0579011  -0.759977  -0.315695  0.824973
1885  -0.0579011  -0.759977  -0.315695  0.824973
1886  -0.0579011  -0.759977  -0.315695  0.824973
1887  -0.0579011  -0.759977  -0.315695  0.824973
1888  -0.0579011  -0.759977  -0.315695  0.824973
1889  -0.389645  -0.55684  0.11806  0.689806
1890  -0.398809  0.363406  0.355716  0.646256
1891  -1.07481  -0.953862  0.300883  1.4682
1892  -1.61132  -0.662416  -0.189405  1.75244
1893  -1.61132  -0.662416  -0.189405  1.75244
1894  -1.22159  -1.74636  0.282732  2.14988
1895  -1.55395  -0.823023  0.480619  1.82294
1896  -1.65393  -0.386196  0.543219  1.78318
1897  -1.65393  -0.386196  0.543219  1.78318
1898  -1.37116  -0.41005  -0.451927  1.50082
1899  -1.37116  -0.41005  -0.451927  1.50082
1900  -1.37116  -0.41005  -0.451927  1.50082
1901  -0.992739  -0.0680249  -0.713806  1.22461
1902  -0.992739  -0.0680249  -0.713806  1.22461
1903  -0.992739  -0.0680249  -0.713806  1.22461
1904  -0.992739  -0.0680249  -0.713806  1.22461
1905  -0.992739  -0.0680249  -0.713806  1.22461
1906  -0.992739  -0.0680249  -0.713806  1.22461
1907  -0.215743  -0.284419  0.664344  0.754183
1908  0.516671  0.210163  0.0249005  0.558335
1909  -0.0959001  -0.4018  0.963179  1.04802
1910  -0.0959001  -0.4018  0.963179  1.04802
1911  -0.0959001  -0.4018  0.963179  1.04802
1912  -0.105179  -0.64847  -0.853158  1.07678
1913  -0.105179  -0.64847  -0.853158  1.07678
1914  -0.105179  -0.64847  -0.853158  1.07678
1915  -0.105179  -0.64847  -0.853158  1.07678
1916  0.00453608  -0.207739  -1.31075  1.32712
1917  0.00453608  -0.207739  -1.31075  1.32712
1918  -1.22749  -0.352344  -2.30999  2.63949
1919  -0.634654  -0.388256  -2.74024  2.83944
1920  -0.580096  -0.393883  -2.73312  2.82163
1921  -0.580096  -0.393883  -2.73312  2.82163
1922  -0.2188  0.228301  -2.85834  2.87578
1923  0.230118  -0.162253  -2.44171  2.45789
1924  0.230118  -0.162253  -2.44171  2.45789
1925  0.230118  -0.162253  -2.44171  2.45789
1926  0.230118  -0.162253  -2.44171  2.45789
1927  -0.018152  0.0172332  -1.06152  1.06182
1928  -0.310597  -0.144378  -0.676192  0.757991
1929  0.922936  -0.743789  -0.284342  1.21897
1930  0.922936  -0.743789  -0.284342  1.21897
1931  0.922936  -0.743789  -0.284342  1.21897
1932  0.87534  -0.288689  0.347388  0.985007
1933  0.87534  -0.288689  0.347388  0.985007
1934  0.0303612  -1.08283  -1.0742  1.52557
1935  0.0303612  -1.08283  -1.0742  1.52557
1936  0.301757  -0.205488  -1.11786  1.17597
1937  0.301757  -0.205488  -1.11786  1.17597
1938  0.301757  -0.205488  -1.11786  1.17597
1939  -0.0745487  0.442054  -1.04818  1.14003
1940  -0.0745487  0.442054  -1.04818  1.14003
1941  0.210451  0.886005  0.298221  0.958243
1942  -0.550272  1.17582  0.452796  1.37491
1943  -0.550272  1.17582  0.452796  1.37491
1944  -0.550272  1.17582  0.452796  1.37491
1945  -0.465129  2.71933  -0.377421  2.78452
1946  -0.465129  2.71933  -0.377421  2.78452
1947  -0.465129  2.71933  -0.377421  2.78452
1948  -0.942114  1.97685  -0.276179  2.20721
1949  -0.917693  2.0804  1.21792  2.57945
1950  -0.218128  2.43338  1.7118  2.98315
1951  -0.752265  1.90934  2.04752  2.89894
1952  -0.752265  1.90934  2.04752  2.89894
1953  -0.535561  1.64614  1.80035  2.49757
1954  -0.23077  -0.107212  0.943716  0.97742
1955  -0.23077  -0.107212  0.943716  0.97742
1956  -0.23077  -0.107212  0.943716  0.97742
1957  -0.532282  -0.15869  1.2089  1.3304
1958  -0.532282  -0.15869  1.2089  1.3304
1959  -0.532282  -0.15869  1.2089  1.3304
1960  -0.532282  -0.15869  1.2089  1.3304
1961  -0.593938  -0.183115  0.854031  1.05625
1962  -0.766844  0.0808223  0.987956  1.25325
1963  -0.314096  0.149805  1.24054  1.28842
1964  -0.314096  0.149805  1.24054  1.28842
1965  -0.314096  0.149805  1.24054  1.28842
1966  0.688241  0.849331  -0.54449  1.22127
1967  0.688241  0.849331  -0.54449  1.22127
1968  0.688241  0.849331  -0.54449  1.22127
1969  0.688241  0.849331  -0.54449  1.22127
1970  0.522078  0.341549  0.543662  0.82752
1971  0.522078  0.341549  0.543662  0.82752
1972  0.522078  0.341549  0.543662  0.82752
1973  0.299833  0.370153  0.336059  0.582966
1974  0.299833  0.370153  0.336059  0.582966
1975  0.299833  0.370153  0.336059  0.582966
1976  0.299833  0.370153  0.336059  0.582966
1977  0.299833  0.370153  0.336059  0.582966
1978  0.299833  0.370153  0.336059  0.582966
1979  0.299833  0.370153  0.336059  0.582966
1980  0.94615  -0.289884  0.544151  1.12931
1981  0.94615  -0.289884  0.544151  1.12931
1982  0.762958  -1.41987  -0.305688  1.6406
1983  1.23204  -0.152951  -0.202297  1.25787
1984  0.697882  0.0187533  -0.0622477  0.700903
1985  0.601485  0.134273  0.527998  0.811539
1986  0.601485  0.134273  0.527998  0.811539
1987  0.601485  0.134273  0.527998  0.811539
1988  -0.285849  0.301778  0.138599  0.438166
1989  -0.285849  0.301778  0.138599  0.438166
1990  0.998747  1.10062  0.601808  1.60344
1991  0.998747  1.10062  0.601808  1.60344
1992  -0.101011  0.954095  1.53514  1.81029
1993  0.873078  0.788037  1.6136  1.99674
1994  0.873078  0.788037  1.6136  1.99674
1995  0.764446  1.11725  0.571675  1.4695
1996  0.764446  1.11725  0.571675  1.4695
1997  0.531125  0.310664  1.14561  1.30039
1998  0.531125  0.310664  1.14561  1.30039
1999  0.531125  0.310664  1.14561  1.30039
2000  0.531125  0.310664  1.14561  1.30039
