0
0.00225914
0.0015902
0.00118515
0.00158729
0.0013258
0.00113518
0.00161374
0.00149475
0.00152092
0.00144887
0.00135074
0.00127107
0.00117883
0.00114919
0.00108694
0.0010615
0.00103117
0.00105108
0.00101099
0.000964999
0.00125917
0.0012032
0.00116479
0.00112018
0.00109416
0.00106471
0.00102994
0.00103323
0.00100221
0.00100353
0.000971821
0.000945838
0.000940683
0.000958519
0.000946651
0.000987585
0.000962762
0.000963459
0.00101548
0.000991556
0.000968787
0.000953304
0.00093749
0.000916421
0.000902175
0.000884064
0.000885562
0.000949707
0.000942416
0.000937696
0.000933762
0.000948197
0.000930553
0.000919493
0.000904913
0.000896837
0.000885819
0.000906512
0.000894747
0.000880387
0.000901738
0.000888459
0.000877444
0.000864448
0.000853225
0.0008529
0.000844291
0.000835531
0.000830147
0.000842248
0.000830642
0.00083004
0.000819851
0.000809962
0.000801993
0.000821859
0.000830367
0.000838093
0.000830517
0.000820216
0.000813138
0.000806301
0.000796796
0.000799558
0.000794331
0.000786477
0.000779497
0.000808322
0.000799326
0.000795476
0.000798795
0.000798112
0.000794588
0.000787316
0.000798142
0.000790544
0.000786577
0.000783636
0.000776013
