3.14488
3.14262
3.14353
3.1439
3.14261
3.14289
3.14307
3.14435
3.14389
3.14317
3.14271
3.14244
3.14217
3.1421
3.14176
3.14192
3.14221
3.14246
3.14207
3.1419
3.14182
3.14268
3.14267
3.14284
3.14293
3.14273
3.14289
3.1428
3.14308
3.14317
3.14343
3.14345
3.14353
3.14374
3.14345
3.14328
3.14292
3.14298
3.14276
3.14237
3.14232
3.14227
3.14216
3.14226
3.14226
3.14216
3.14221
3.14202
3.14241
3.14226
3.14242
3.14226
3.1425
3.14249
3.14238
3.14244
3.14233
3.14224
3.14198
3.14206
3.14203
3.14178
3.14183
3.14176
3.14179
3.14185
3.1417
3.14178
3.14186
3.14176
3.14195
3.14194
3.1418
3.14185
3.1418
3.14187
3.14209
3.14191
3.14174
3.14181
3.14182
3.14189
3.14182
3.14183
3.14197
3.14189
3.14193
3.14199
3.14175
3.14174
3.14183
3.14169
3.14158
3.14167
3.14162
3.14145
3.14142
3.14134
3.14143
3.14141
