48.5911
26.8394
26.8394
26.8394
26.4456
23.805
22.7375
22.7375
21.6868
19.2174
19.2174
18.6079
18.6079
18.6079
17.6061
16.8887
16.8552
16.2855
16.1349
16.1349
15.1758
14.9077
13.9197
13.9197
12.5328
12.5328
12.5328
12.5328
12.2247
12.2247
11.128
10.9899
10.9899
10.9899
10.4103
10.4103
10.4103
9.66822
9.66822
9.66822
9.66822
9.66822
9.66822
9.66822
8.98046
8.98046
8.98046
8.98046
8.98046
7.86058
7.86058
7.8417
7.83065
7.83065
7.83065
7.47892
6.79959
6.79959
6.79959
6.79959
6.79959
6.79959
6.79959
6.79959
6.79959
6.79959
6.17559
6.17559
6.17559
6.17559
6.17559
6.02327
6.02327
6.02327
5.96748
5.96748
5.96748
5.68972
5.68972
5.68972
5.68972
5.67161
5.67161
5.67161
5.67161
5.67161
5.67161
5.67161
5.652
5.65007
5.65007
5.47412
5.47412
5.47412
5.47412
5.47412
5.47412
5.47412
5.47412
5.47412
5.41312
5.41312
5.41312
5.41312
4.97123
4.97123
4.97123
4.97123
4.97123
4.97123
4.97123
4.88815
4.88815
4.88815
4.86711
4.85014
4.85014
4.82617
4.81953
4.81953
4.74818
4.74818
4.74818
4.74818
4.74818
4.74818
4.74818
4.72734
4.72734
4.72734
4.72734
4.72734
4.72734
4.72734
4.72734
4.68414
4.68414
4.68414
4.68414
4.68414
4.68414
4.68414
4.63725
4.63725
4.34261
4.34261
4.34261
4.34261
4.34261
4.3279
4.3279
4.3279
4.3279
4.3279
4.3279
4.3279
4.3279
4.3279
4.3279
4.3279
4.31853
4.31853
4.31853
4.31853
4.31853
4.31853
4.31853
4.31853
4.31853
4.31853
4.31853
4.31853
4.31853
4.31853
4.31853
4.31853
4.31853
4.31853
4.31853
4.31853
4.28234
4.28234
4.28234
4.28234
4.28234
4.28234
4.28234
4.28234
4.28234
4.28234
4.25136
4.25136
3.65832
3.65832
3.65832
3.65832
3.65832
3.65832
3.65832
3.65832
3.65832
3.65832
3.65832
3.65832
3.65832
3.64896
3.64896
3.64896
3.64896
3.64896
3.64896
3.64896
3.64896
3.64896
3.64896
3.64896
3.64896
3.64896
3.64896
3.64896
3.64896
3.64896
3.64896
3.64896
3.64896
3.64896
3.64896
3.64896
3.64896
3.64896
3.64896
3.64896
3.64896
3.64896
3.64896
3.64896
