65.5208
40.7754
30.524
28.35
27.4565
27.4565
24.3246
23.6341
22.2157
20.4915
18.9845
18.9845
18.1718
17.7577
16.0157
16.0157
13.6109
12.5852
10.5528
10.2807
10.2807
9.37627
9.24204
9.23189
8.66879
7.71419
7.49478
7.49478
7.49478
7.29761
6.78952
6.50674
5.3359
5.3359
4.72338
4.72338
4.49863
4.46855
4.4321
4.32165
4.04957
4.04957
3.86319
3.84542
3.49983
3.24457
3.21667
3.21667
3.21667
3.20698
3.20698
3.041
3.03487
3.02099
2.89866
2.88336
2.87214
2.73859
2.7335
2.7335
2.27663
2.27663
2.25189
2.25189
2.25136
2.24257
2.24257
2.2408
2.2408
2.20033
2.20033
2.20033
2.19855
2.19855
2.19855
2.19855
2.19855
2.19855
2.19855
2.19855
2.19855
2.19855
2.19855
2.19855
2.19855
2.19855
2.19855
2.19855
2.19855
2.19855
2.19855
2.19855
2.19855
2.19855
2.19855
2.19855
2.19855
2.19855
2.19855
2.19855
2.19855
2.19855
2.19855
