31.4777
30.2417
29.616
28.675
27.0651
25.8958
24.8988
23.939
22.6049
21.9179
21.1291
20.2981
19.7878
19.2487
18.6854
18.2124
17.5196
16.9906
16.7756
16.4607
16.0925
15.5631
15.3663
14.5862
14.1438
13.823
13.6398
13.2287
12.9866
12.5268
12.0663
11.8471
11.6478
11.3831
11.2216
11.0637
10.8052
10.6427
10.4669
10.2517
10.0383
10.0138
9.88006
9.68868
9.65345
9.63374
9.5591
9.45334
9.1078
8.8416
8.61238
8.44239
8.42568
8.29994
8.08283
7.94658
7.86198
7.79599
7.71636
7.66186
7.57812
7.48393
7.3569
7.26342
7.21319
7.02386
7.01238
6.97541
6.89333
6.83783
6.7424
6.73208
6.66424
6.54777
6.53167
6.51996
6.39144
6.34655
6.29299
6.23919
6.09806
6.09806
6.03112
5.97158
5.88847
5.84094
5.82168
5.78343
5.76359
5.73045
5.70723
5.70386
5.70386
5.69626
5.67357
5.66413
5.65082
5.65082
5.63207
5.58631
5.58017
5.56716
5.55772
5.47732
5.4078
5.38214
5.301
5.289
5.26833
5.21814
5.11976
5.07863
5.02387
4.94474
4.92761
4.92239
4.90177
4.86715
4.85478
4.84097
4.83096
4.80836
4.79248
4.78043
4.76785
4.76184
4.74711
4.74688
4.74688
4.74688
4.74582
4.74582
4.74582
4.74582
4.74123
4.73993
4.73993
4.7319
4.72587
4.71924
4.71384
4.69081
4.68521
4.61767
4.61235
4.60442
4.4196
4.35813
4.34939
4.34367
4.33657
4.33401
4.32829
4.3279
4.3279
4.3279
4.3279
4.3279
4.3279
4.32693
4.32595
4.32595
4.32595
4.32381
4.32322
4.32322
4.32264
4.32147
4.32088
4.31971
4.31971
4.31913
4.31873
4.31853
4.31853
4.31853
4.31853
4.31853
4.31853
4.31627
4.31401
4.31175
4.31175
4.31175
4.31175
4.3027
4.29591
4.28687
4.28234
4.27847
4.27653
4.20378
4.09956
4.00922
3.91628
3.73645
3.69091
3.65832
3.65832
3.65832
3.65832
3.65832
3.65832
3.65832
3.65774
3.65727
3.65727
3.65668
3.65609
3.65609
3.65551
3.65434
3.65258
3.65141
3.65024
3.65024
3.64896
3.64896
3.64896
3.64896
3.64896
3.64896
3.64896
3.64896
3.64896
3.64896
3.64896
3.64896
3.64896
3.64896
3.64896
3.64896
3.64896
3.64896
3.64896
