-2.13625
-1.5883
0.327493
2.20949
0.644341
1.29532
0.26627
-0.00215042
-2.86619
-3.39947
0.891406
1.4168
-1.69963
-0.194743
-0.492105
-2.51486
0.105418
0.783031
0.157879
-0.84272
2.93112
-0.457892
-0.0729026
3.10402
0.390973
1.90513
19.2358
-0.526589
2.80899
-0.922398
1.54768
0.435425
79.2238
-0.619718
-1.08423
-5.85338
-0.262812
-5.4982
-27.834
2.84181
-0.230639
1.15853
3.39217
0.684296
1.82219
0.0172266
-1.61668
0.348032
-3.91071
-0.215779
0.960451
6.15803
0.912861
-0.474744
1.94657
-0.99722
0.748504
-0.676094
-3.99435
4.17982
-3.30417
1.44678
5.27092
-0.56056
0.629914
0.102333
0.0767145
0.155195
1.78364
-1.09324
-0.317769
-1.38572
8.78905
0.320288
0.104273
0.0479081
0.503218
-1.71928
0.520609
-2.05377
0.762546
-0.130528
4.95573
0.468656
6.32616
0.256718
9.70491
-5.10912
6.28657
3.26546
1.49812
0.25552
-1.15409
-0.128535
2.92006
2.59891
0.940614
0.664247
0.152937
0.695044
0.236576
2.35998
-0.707439
0.456914
-0.605312
-384.63
0.247601
-4.22066
6.2937
-5.26309
0.591998
0.191092
0.818504
-3.85648
-1.98585
-0.0320987
-1.70524
1.73024
-0.145273
1.73609
1.90045
0.360352
0.393661
0.387435
-4.08905
1.65482
-0.934751
4.62682
0.736565
-2.79336
0.325688
1.75318
-1.92214
-0.0773277
-0.319415
-1.43945
-0.893958
-0.496942
5.02969
2.09171
-1.14305
-1.37594
-0.30943
11.2804
-2.28256
0.201001
-0.973204
-0.171573
-8.20012
0.0890016
0.529732
-0.640961
0.0945182
1.28689
-1.25601
1.35084
-1.21262
-0.564774
-3.15147
7.34671
-0.574122
0.0790119
1.38773
0.203334
-0.685089
7.83947
0.394473
3.26383
0.801591
-1.44086
-0.413569
0.381127
0.228802
-0.106154
0.325106
-12.8027
19.4866
2.75597
-0.817413
-0.543259
-22.6591
1.65451
-4.08328
1.21917
0.17412
-1.35852
-0.781923
0.446601
-22.0346
-0.31939
0.0917495
-0.254105
1.12001
10.1898
-0.680654
-10.7924
7.06228
-0.55264
0.104066
-0.176835
-0.602784
1.1052
-0.279069
4.58725
16.161
-13.6501
-0.197546
0.29766
-2.70775
-1.37994
-1.04438
13.0933
45.2999
-0.523178
0.152047
1.21625
-0.758362
-0.411546
1.82506
2.49655
0.178814
-3.71704
0.572291
0.802893
-0.969682
2.69884
-1.04426
4.89617
1.3309
-0.72418
0.150631
0.359456
-1.07618
0.300121
-0.474571
-8.41863
-0.391665
-11.1131
-1.22161
1.28134
1.51225
-0.328941
-0.117491
8.43859
0.888774
0.615824
1.04502
0.248179
-0.615329
-37.9969
0.205168
-0.0354631
-0.466093
-0.454707
0.164021
-1.9552
-0.369778
0.620748
-0.477942
-0.711696
0.70674
-0.645829
-20.4917
-1.13992
-1.92665
1.99896
0.361512
-1.96928
-0.867707
1.81802
-0.567393
1.8526
-0.343155
-0.477931
0.482427
-0.130316
11.6198
-2.84556
-0.413767
7.28498
-0.337226
0.164802
-1.48637
0.647763
0.549382
-0.699395
0.373846
-1.86499
-0.682734
3.18321
-0.954176
0.904693
0.661604
-2.80306
0.959116
3.09475
-1.16685
-0.379073
11.7582
3.73822
1.30411
-0.947429
0.039958
1.03997
-0.878007
-18.8415
-0.0701444
10.4345
-0.961483
-1.23382
39.4252
-8.35808
-0.871552
-0.0163584
9.37473
1.24065
-0.916316
-6.67725
-1.18321
0.634216
-14.3411
1.89318
-2.33597
-1.57159
-0.0258077
-41.5264
-0.559277
17.1228
-0.0674724
-1.77164
-0.703109
1.64343
-3.83687
-0.33838
-0.310058
-7.12568
-1.80014
0.094977
-1.72403
1.38427
-2.27585
1.51132
-0.500857
-1.57954
-7.5251
11.7585
-0.129669
-1.38606
0.741173
-4.64963
1.84451
-2.07167
-0.394543
-0.093581
0.297189
2.967
1.81328
0.523988
0.856768
8.50528
-0.54178
-0.495358
0.730911
1.96913
-0.668804
4.49099
-1.63496
-0.375298
1.69662
5.51165
-0.526564
0.0186792
0.736621
-0.414645
1.08947
-0.416678
0.51794
-0.503887
-0.264807
-9.16843
0.439544
-0.48264
-0.069749
-0.470085
-1.46562
-1.35625
0.595177
0.324471
1.24344
-0.733946
0.694494
-1.25748
0.0433658
1.51603
0.101557
-26.518
-0.669976
-8.91852
0.325432
-0.498164
57.3014
-0.521837
2.90425
-8.54947
-1.06821
-2.18641
-0.498762
12.3461
-1.4057
1.51544
-0.446114
-17.5243
0.218566
-1.2066
1.87528
-0.0817329
-1.26788
6.70035
0.835383
0.403057
0.296923
-0.0355155
0.218043
-1.27277
-0.260981
2.88691
-0.943418
-0.207425
-1.43029
5.01583
-0.173613
-0.276779
7.04656
3.59032
-2.02244
-1.10598
2.56458
-1.9033
0.567813
-1.19576
0.102016
0.581834
-1.23026
0.305063
-2.04523
-1.19564
2.0803
1.71003
0.3725
0.368146
-2.644
0.307278
-0.473107
0.358408
-47.5956
-11.7217
-0.245444
0.090979
0.828834
-0.255347
2.31792
-0.9651
0.641207
-0.46254
-1.18896
0.392203
1.14183
-3.21916
-0.742504
1.5397
1.18223
-0.263829
0.261845
-17.6166
0.158632
-6.94372
-0.805107
-4.023
7.9455
-0.859592
36.3339
-29.5891
-1.07897
2.70928
1.87324
-0.466039
0.0850755
-2.33605
13.6874
0.23286
3.39961
-0.222265
-0.594314
1.52239
13.2698
3.18809
-2.17511
-0.768854
-4.73739
2.1173
-0.0625676
0.562067
0.50632
-1.3122
1.05633
-16.7361
0.0439206
-2.58871
0.596435
2.29013
1.42069
0.448178
-0.373
-7.84288
2.08857
-0.201282
2.41172
-0.312751
2.24671
-1.66704
-0.670922
1.10161
0.233004
0.214535
20.5025
-2.89213
-0.167145
37.2838
-1.01823
5.09386
0.748526
-5.69009
0.786484
-0.137956
-0.394927
-1.4457
-3.85506
-0.571038
-0.0151303
-0.733444
-2.13855
2.80276
0.888709
1.47155
1.8464
0.258212
-0.264335
0.081938
-0.815165
0.301092
0.139245
5.30529
-1.33314
0.051246
-0.801855
3.69101
2.60993
-6.51351
-2.23213
8.40099
-0.0182952
5.27896
1.00134
-0.0666987
-0.461654
-0.193003
0.0926874
-0.0174505
5.99013
4.04868
-36.832
0.85753
-0.745641
4.84623
-0.298152
1.04224
0.256118
-4.00427
-0.0301008
0.727435
-0.0704193
0.273855
-0.164951
1.35744
-1.25851
-19.9412
-0.239761
0.733904
-0.691445
-0.196416
-0.959632
0.441108
0.637794
0.988418
-2.49337
0.849947
-1.30817
-216.878
0.821343
2.41035
0.4046
1.50309
-0.176088
0.0624897
-10.937
-1.78376
0.24217
0.223829
-3.93438
-1.05799
-1.82357
0.442734
-0.136941
8.5587
0.783848
-2.41411
-0.168603
-0.78546
-1.28841
-0.149048
-0.514605
0.276101
-1.42069
-31.6711
-1.48382
-1.35895
1.21689
6.81044
-5.2902
1.07859
1.53404
0.846632
-0.935227
-0.456261
0.145123
-0.17289
-0.561162
-5.34808
-0.508811
0.0996071
-3.13286
2.08128
0.378982
-0.556704
0.119944
0.0757463
-9.70743
0.79184
0.0783129
-0.428794
0.0296661
0.529846
0.544592
6.94897
-15.0247
0.0193854
0.975221
0.498412
0.446462
-0.812619
1.03684
-1.87126
1.20258
-0.65734
-1.04349
-0.536696
-1.45021
-0.411785
-3.89012
0.573305
0.643564
0.438859
-464.097
-0.398099
1.23229
-1.06391
-1.96539
-2.6768
0.270182
-3.69369
1.52871
0.0131193
-0.878175
-0.0324693
0.745323
-0.237986
1.14153
4.19676
-0.476097
1.12978
4.58744
-13.0609
-0.615312
82.2993
-0.725697
-0.233386
1.06229
-2.48004
-1.22434
-3.23939
-14.0233
9.92934
-2.38148
0.0463704
-0.79454
1.59659
1.45511
-3.65637
2.48073
-0.318506
0.787902
-0.249904
0.0381389
4.85694
-0.816926
6.07501
-1.33356
0.16724
-1.85676
-0.590202
-0.0267208
-0.369107
-12.7952
-223.855
-0.0968091
-0.215781
38.6645
0.845308
-0.524973
-0.104901
7.13517
-0.455716
-2.68866
-1.66682
3.92353
-3.43324
-2.0324
-0.27308
1.0924
2.55866
-0.307313
0.549847
1.21002
4.25107
-1.2822
1.36592
0.895692
-1.79648
-16.3772
0.0842328
-4.2188
-0.587359
-1.37246
0.288215
0.114201
-0.709833
0.586923
5.41241
-1.01112
-0.269104
3.08477
0.510479
0.0456725
1.08707
-5.1378
6.11894
0.151209
-2.26225
1.95216
4.64007
-1.66776
-0.314386
-0.206423
10.2715
8.36197
-0.299318
-1.65535
0.659945
9.05971
-1.15637
-0.138619
1.41499
0.500365
0.554419
-0.267804
2.37594
-1.82468
-1.39311
-0.0440497
10.5483
1.98837
-1.58558
1.91515
2.25255
1.11226
0.444561
1383.26
-4.58252
0.777526
5.11836
-2.64284
1.05925
2.7148
1.27745
-1.6209
1.12525
-3.00674
-0.361719
-0.95169
-3.423
3.42584
-1.72239
-0.91454
0.0039261
1.53418
0.240096
0.417103
1.34796
-0.107976
-0.562814
-3.39632
-1.57855
23.5254
0.0896461
89.482
-1.945
0.159367
2.21076
5.53093
0.133751
0.862656
0.973906
-1.95158
0.614302
1.5565
-0.87909
-1.06689
1.57223
0.421402
-1.71608
-0.38635
-0.843793
-0.288986
11.7418
-22.1801
-2.24848
3.37501
0.819748
2.2328
20.9901
-0.4045
1.17782
-0.126906
0.255098
1.3872
1.52676
-52.1069
-4.08175
-0.545509
-406.579
6.09932
0.56801
-1.43204
-0.707499
0.215921
0.874615
8.23269
-4.55378
-0.45502
-25.2691
0.0855492
-0.0909922
-0.831347
1.33769
1.47444
0.0954513
7.85652
0.965058
3.41211
-0.210826
7.58039
-2.34857
-0.0995895
-8.41322
0.220778
-2.87224
-0.537975
1.53669
-4.1045
-0.526178
0.303916
-0.236185
-3.70034
0.941038
-0.740495
1.02998
-0.910498
8.63478
-1.53957
2.85106
-33.3901
-0.0359677
-0.639498
0.385263
-0.284245
1.50005
0.326416
0.899146
-5.13127
-0.989976
0.82338
-0.396117
-0.291863
-8.77658
0.528177
-10.8956
-0.878185
0.233266
0.70199
0.395471
2.86212
0.0143685
1.59133
0.75593
0.625093
-0.686014
2.72151
-0.949511
-0.577873
-4.06316
-0.585666
-1.11203
-4.08868
-1.32037
-0.312356
-2.09607
-1.8184
1.17289
0.313259
0.0559837
1.49242
2.98501
0.214826
-1.21126
250.998
-2.24756
-0.349434
0.164916
0.0492445
-0.40517
-0.828542
-2.37766
1.34417
4.82748
-2.94096
-1.00327
0.57992
-0.083996
0.124442
-1.43934
-23.8426
0.252944
-0.52943
3.76996
-1.18559
1.25909
1.99375
-1.7434
5.37862
0.212411
-3.02055
2.32657
0.906831
-0.668382
1.72562
0.417687
-0.219313
-7.96455
-1.98126
-0.154211
0.833422
0.506041
0.123409
0.561595
0.298739
-1.11137
1.42189
-0.54947
0.168446
1.37738
-0.0341875
5.13438
-0.802969
0.0576344
0.136654
-17.1655
0.249521
-0.343245
-0.0229879
0.387719
0.65335
-0.295503
-2.30804
0.119298
0.585055
0.256889
1.39292
6.10522
-0.708084
1.93915
0.681658
-0.302186
-0.698494
-1.029
0.448131
-0.244594
-0.958287
-0.724506
3.3342
2.59879
-3.25353
-0.30867
-88.3082
-0.32549
2.83222
3.20802
-0.629078
4.25913
-1.44656
0.218718
1.12161
-0.726807
-4.99886
-1.74924
-0.363852
-0.897929
-0.861234
-0.284408
-0.00368956
0.892045
0.804011
-0.316954
-0.0540239
-0.471108
-0.254271
1.24497
-0.102093
-2.71292
-3.09906
-448.401
-3.05977
-0.606981
-3.14714
0.326256
0.936485
0.52981
-0.134946
0.283809
-2.90574
1.81115
0.852251
-287.155
1.92619
0.0653961
-288.438
-2.03701
-2.85456
-1.62541
-1.91574
-0.0261259
0.461177
-1.23641
-4.51844
2.27889
0.017414
-1.98121
3.07214
-2.05415
58.5046
-4.91619
-1.86749
4.0174
0.833597
-0.259445
-14.4592
-3.06975
4.75607
-0.190192
0.759343
-3.17367
-0.318132
0.873503
-10.3415
-5.09934
-0.248842
4.6149
-0.175733
-0.493974
-0.629719
-0.563474
-11.1453
-0.414344
2.75262
0.635182
9.29541
-5.07989
-0.125159
-1.50234
-0.937175
2.57896
-1.55901
-1.74486
4.11686
-3.75674
0.156686
10.5162
-1.25928
1.66732
-0.234706
-0.325007
-56.6925
11.7583
0.187741
-14.8676
0.38059
-1.3801
-1.9743
-1.8229
2.3165
5.87686
4.11224
-2.09208
0.892129
-15.6555
0.464633
1.47779
0.567009
0.0302765
-49.8921
-1.41728
1.9051
-0.250651
38.9045
-0.84012
0.694888
1.05086
0.562075
-0.341684
1.63407
-42.2611
0.598057
-1.3592
1.74454
-0.812954
-1.5172
-1.02721
0.232139
-0.2043
0.875855
-1.63263
3.13492
-0.970857
-1.76265
0.370877
0.145913
-0.0254262
5.17473
1.13657
11.6263
-2.1362
-18.2705
-1.38404
1.28698
-0.509545
-1.20231
-1.16279
-4.3137
0.456529
4.82272
-1.16516
0.778254
1.2789
5.53325
0.362017
-1.27249
-1.31797
-25.2923
-0.00404121
-0.29455
-0.811032
-2.21605
-0.91622
1.0301
-0.812598
-0.410198
-6.19383
0.260964
1.1002
1.17421
-0.87128
2.21138
1.48863
-0.0681807
0.867356
0.814407
0.912728
-2.94631
-0.842662
-1.09664
1.97518
-3.8566
-5.51339
-17.957
0.320595
0.377622
1.00548
0.754776
-2.13942
2.07182
-0.088611
3.58011
11.3733
16.3116
-0.265632
-0.186117
0.642551
0.841444
0.585538
-0.279434
-0.678228
-1.85803
2.00524
0.115735
2.7932
-13.9924
-1.065
-1.79778
0.687357
-0.231438
-0.708737
0.348699
-5.55935
-2.04409
-61.4316
-3.41337
5.54551
0.413596
3.80171
13.9979
1.73737
2.34148
2.06366
-1.34264
-0.747824
-1.44208
2.90339
0.297016
-2.21497
-7.47245
-6.42738
69.7127
1.23165
0.374393
27.7598
-2.92774
3.6692
0.500751
0.766598
0.212872
-0.232085
0.0272186
-0.0189033
-0.397205
1.87499
1.2402
-0.0934305
1.18612
1.20949
1.82283
3.68676
-4.85765
-1.00157
0.053634
0.581428
-5.2997
0.546321
-1.95405
6.25655
13.4785
-2.30757
2.35284
-0.341992
0.722492
1.31832
2.17372
0.847826
0.506523
-1.91486
-3.4503
7.01546
1.5335
0.429023
21.6953
-2.74736
5.23323
1.18967
-1.30538
0.509032
-0.0783331
-0.895344
14.5459
-67.2894
2.8446
-1.11159
6.56001
0.0307922
-0.845889
0.14773
5.12229
-5.4559
-6.62185
-1.10616
0.803896
-0.583307
-1.00273
-0.239498
0.21473
-3.91277
-2.12852
-1.39158
-0.385145
2.81263
-1.29133
0.398229
9.31039
-0.558213
0.282575
0.223559
-0.666114
-0.659414
-2.41687
0.463596
-0.0922196
0.884673
-24.3343
-0.820652
1.26026
-0.0353228
1.17798
0.328723
-0.645578
1.3492
-13.9785
3.39058
-0.136388
1.51467
-0.107558
-3.82616
-0.988758
0.545448
0.370439
-0.157627
-1.21634
-0.797733
0.644228
1.97345
-2.95995
-6.78713
2.70556
1.00848
-1.20389
-0.660841
-0.143828
3.35967
0.673482
-0.666059
-1.61094
1.38365
37.4687
1.8225
-0.351781
-1.14884
2.51275
0.1229
0.93545
-2.02806
-0.283107
-6.1553
11.6883
-0.446596
4.01006
-0.428968
-0.0450686
5.14223
-1.05747
1.16536
2.40458
-0.0242147
-0.311132
3.04159
-0.0378918
-0.172766
0.382871
-2.76804
0.49333
0.481122
0.773582
7.23914
-1.73635
1.09337
0.0793499
-0.401738
0.159014
3.69214
-2.16911
-0.56836
0.0699648
12.5647
21.0157
2.29576
-0.702954
-0.461934
0.731565
0.331909
7.37558
-0.325903
2.34111
-20.0859
1.10371
-0.58055
5.83518
0.939228
0.644609
2.12712
0.575566
-10.272
0.591594
-321.269
-0.80457
-1.05702
-5.21645
-4.7144
-7.71257
0.734806
2.31975
-1.1761
7.73254
-0.201499
-7.45385
12.4778
-2.25621
0.640392
-0.579582
-4.40942
2.24466
0.207335
-5.54842
-2.02459
-1.82046
0.00340266
-1.58722
-1.88831
1.11409
0.116294
-1.80872
5.41883
0.110088
-0.15766
-0.503225
1.12092
1.53071
0.0345744
0.554372
0.198527
1.41868
-1.73512
-0.158285
2.38792
6.23163
10.8808
-0.722549
0.520152
0.509856
-1.47408
-0.329603
15.3952
1.80769
1.52178
-1.44982
-0.417031
-2.09684
-4.27304
0.461209
-0.612706
-24.6
0.0537115
16.5833
-0.861525
0.124547
-0.783941
0.400506
-0.487497
14.4372
-0.0734084
1.00574
0.685419
5.42338
-15.6257
1.67211
-5.76465
-0.125702
-0.311822
3.75103
1.31786
-3.56727
-2.20852
-2.64918
-1.33027
1.02018
0.855163
-0.798787
-4.13571
0.993561
-2.68752
2.1615
-4.79746
-0.776369
0.190059
-1.52216
-48.2943
-0.318006
2.48928
-1.10234
0.108293
2.85646
-0.817722
74.823
-1.3128
-0.900861
0.373541
-0.180283
-3.11721
-1.9698
0.222323
-2.22413
0.316049
3.7487
0.118154
-0.85999
-1.11388
8.39069
1.08856
-9.32705
-0.566123
3.14134
-6.60989
-0.825971
-0.552373
0.261108
1.75223
6.02525
0.584305
-1.20735
-0.328999
-0.7693
2.84331
0.813396
-1.19403
4.34823
-2.1946
2.3627
-0.770515
1.01683
-0.386606
-22.0931
-4.60515
-0.00640987
0.429811
-0.0247161
-0.192163
-0.227311
-0.575417
13.208
1.65711
-11.6972
-1.11997
0.406651
-8.51798
-0.49878
-0.177598
-0.168544
-5.28879
1.73447
0.60669
-0.719221
-1.286
0.805366
2.98405
-1.41221
-1.49781
1.29192
-39.3336
1.81183
-1.90226
-2.20631
0.147988
-0.4574
-1.5273
-0.907613
-0.00289928
0.073999
0.883986
0.735762
-0.442005
0.93797
0.434325
-0.700835
0.412304
-1.4168
-4.8014
0.130293
4.67715
-0.931202
-1.06389
-0.779764
-0.853682
-0.280891
2.7819
20.5242
-0.993381
1.99582
0.0152275
9.30974
0.800676
-0.771455
-0.218314
0.383913
0.85218
-1.08995
-10.3204
1.15156
4.4515
1.13244
-3.88752
1.32772
-0.179077
-2.10579
-3.04914
0.220952
6.00316
-0.091592
1.76328
-2.32257
-4.69762
0.760885
2.57849
-0.567583
0.887055
0.713355
2.11299
-2.69578
-1.35412
-39.3667
1.16313
5.00962
0.415536
-0.661276
-0.609016
-10.9599
0.845702
-0.0525393
-4.6246
3.88901
2.60335
2.21336
-1.53129
1.37555
4.43961
2.34359
-3.87244
0.210838
-0.0307147
-0.00962921
-102.977
1.34594
0.0302347
0.411495
-0.23302
-0.956928
1.64899
0.633827
-1.18686
-0.452097
-1.27461
0.223457
-0.300023
370.157
2.11287
-0.46245
-0.798849
-1.42952
1.36715
-0.384429
-2.29089
-1.34936
-1.16119
2.45917
-0.236283
1.74007
-2.27203
-0.383186
-0.564996
0.121084
1.49469
-1.61668
0.927551
0.0115002
-0.164603
-0.512026
-0.795584
0.120801
-9.52971
-3.97554
0.729545
-0.481336
0.637317
-0.844067
5.18426
-5.84358
0.0541315
0.758007
-6.45381
-0.447606
-0.0388015
4.75948
0.132167
-0.450195
0.203476
1.35425
-0.248109
28.3311
1.06243
-0.347104
0.303471
-0.327983
0.603584
-3.2591
-2.69452
0.960785
-0.659525
7.56251
-0.133068
0.694982
0.766125
2.89494
0.531543
3.85435
1.39066
52.1614
3.76658
-8.77229
0.141559
0.731335
0.288454
-1.34563
6.88109
-1.16872
0.344955
1.21693
-4.91771
0.317709
0.40509
1.05886
0.456985
0.711306
4.36631
-0.674417
-36.5546
-0.182847
-5.42234
-0.360569
1.98756
-1.09688
-1.29565
-0.559425
-1.42239
1.4602
0.262759
0.858725
0.597159
4.96136
1.80288
-2.02269
0.15351
-1.94807
1.83046
30.0441
1.91715
0.144966
-2.86749
-1.73417
-22.3524
-0.106238
-0.643848
-0.052277
-0.594177
-0.0550249
1.50266
0.258998
-2.08181
-0.916054
-7.41423
0.121868
-0.0062628
0.0786029
0.0421611
0.787062
-1.39116
1.42707
2.64423
0.662563
4.28279
0.678934
-0.566354
0.816428
15.0726
0.333941
0.840161
-0.0266861
-0.19711
-1.18391
-11.8552
-0.679078
2.37556
-1.21369
2.8571
-0.0353118
0.579545
0.181279
0.386101
0.070112
-1.35531
2.3276
-0.184
0.502556
-3.1793
-4.53509
29.656
-0.446726
2.09216
-5.13638
0.731187
-12.2825
-2.57372
1.35301
-17.7037
-1.66349
1.05595
-7.79729
-2.5137
-0.202717
0.688127
6.00397
-0.178237
-0.459174
-0.399352
-0.245359
0.434046
-0.192353
-1.15129
-23.0046
0.725151
2.07936
-3.15709
-1.35833
-16.5882
0.828923
-1.844
0.481674
0.743937
0.233876
-2.42075
-0.282977
-0.539008
-0.693163
-0.125304
1.20181
-1.39459
-2.50819
2.98929
-4.26201
1.41439
-0.762101
-0.268029
-0.156511
1.57535
-2.10141
-2.14153
3.36625
1.29251
-4.23397
0.863153
0.616247
-0.398293
-0.812517
0.58784
-0.499088
1.35376
-0.913993
-0.040755
-2.62711
-9.1363
0.554993
4.47568
0.417423
0.986183
-1.2401
-0.639854
-0.513353
-0.0310754
0.584407
-1.91874
0.0775302
-2.01841
3.1734
5.38741
1.65445
-2.67193
-6.51567
3.66993
-1.52763
-1.23524
1.10084
2.01663
5.26195
-0.668566
-0.582546
-2.44455
-0.677371
-0.232853
-5.95379
1.97793
2.32284
-0.764494
-0.0204016
0.909605
-0.0682873
-1.37964
7.82467
0.392163
-0.567679
2.92697
-2.28402
-1.84166
7.2095
2.03374
-0.158494
1.56118
0.692864
-1.00808
-1.48883
-0.090129
6.98133
-0.557
5.07485
3.30545
1.0725
9.41592
1.13376
-1.80132
-0.162547
2.44113
20.7591
-0.605218
-0.627605
-0.399714
0.439348
6.99528
-0.281744
-1.34661
-32.9957
1.07158
2.29347
3.42765
-0.55234
15.8526
0.300286
-23.6919
0.698014
-0.0396811
1.61758
-1.19851
-0.239976
-1.87866
-4.314
0.187716
-1.0774
-2.41046
35.6574
-0.249775
-0.974994
-0.1407
4.42248
-1.62327
-2.82061
2.92931
12.682
-0.14517
0.712668
8.88366
-29.9212
-1.80169
-2.1839
-0.30974
1.16859
1.8237
0.345443
-0.364371
25.3622
-0.526759
0.665925
1.1186
0.581543
-1.31893
0.309246
-0.476465
0.237558
5.80203
7.15369
0.312216
1.33141
-0.124919
-0.263303
1.02879
1.81983
-0.755259
5.57896
2.58791
2.34939
1.52979
-0.327366
-0.344214
1.57966
0.209496
-1.35532
-1.21487
-2.28471
-18.8724
-1.27326
-0.0680934
1.00721
-0.107065
-0.150496
-1.13266
1.79931
-2.82004
5.55804
-2.61685
0.0970815
-0.954052
1.76313
0.17698
-0.079667
-16.5645
-1.22333
-1.35958
-0.121112
-1.661
-0.455398
-33.1512
0.351942
1.45385
-1.57382
-2.60798
-6.84289
-0.327311
-4.71478
0.549722
-0.35687
-0.247419
-2.62146
0.715674
5.04294
0.264098
-0.0962976
1.68216
1.22228
-0.42671
6.95496
-54.1186
-0.130387
-8.85193
-26.371
-0.606557
0.768824
-2.92272
-3.67516
0.0507501
0.350004
-0.387421
2.82853
0.385615
-1.35281
0.752056
-1.7524
-1.01658
14.3993
2.93591
-2.8511
-2.3537
-1.56085
-0.0422508
1.31799
1.50138
1.58658
-24.7461
0.0714236
-0.927814
-1.80276
-3.2136
-0.0775458
-5.12058
-0.138551
1.85747
1.60752
-1.21628
-0.0821228
3.31256
0.727537
5.05175
-15.6237
-43.509
4.96817
-2.09308
0.684521
0.337312
-10.9851
0.706262
-0.299302
-0.507996
1.45839
-2.1448
-1.2175
-0.958996
-1.69041
-3.59292
2.17323
0.433615
1.40046
-0.666971
-1.59237
-0.405565
75.4024
2.55541
-0.816284
182.97
32.8226
5.47245
0.587486
-1.58412
1.62166
0.851881
-2.40558
0.872456
-1.16534
0.574527
1.5937
1.89547
0.947663
2.51439
1.68426
-3.05777
1.13754
-1.06841
2.45931
-0.269727
0.368118
-1.9607
-1.53063
-1.08432
-3.69838
0.140401
-72.4423
-1.18543
0.617831
-32.9365
-55072.6
0.823467
-10.7061
-4.39464
-1.26179
1.48067
-0.483922
-0.873162
1.27828
2.17586
-3.0177
-0.31479
-0.602849
-1.16232
-0.279638
-21.3982
-0.382645
-0.780388
-0.484528
9.47135
-0.382675
-2.40317
-0.0098212
-2.88283
4.05331
0.0935054
-0.0639014
0.0283397
-0.658459
1.14656
-4.06122
22.019
0.82174
1.16461
-2.50534
-5.40126
0.17707
1.4019
-1.11628
1.10498
-1.4355
-20.2469
-0.309688
-0.278643
0.108608
-0.287357
-0.906699
-0.331968
0.569668
-1.05376
34.7846
-2.5875
1.15463
-0.770376
-3.93293
-0.194173
0.82913
0.295618
-0.642276
0.28179
0.273197
10.0091
-0.206922
-0.244853
1.52737
1.45315
-2.7264
1.25787
1.64648
0.297469
0.158791
-0.924636
-0.157393
-2.61237
-0.155172
0.468851
0.505119
-3.45108
-0.625433
-4.33912
0.136723
0.465822
72.1316
-1.93537
-1.09198
2.30206
-1.02625
-1.32912
-5.63707
15.3543
-14.6329
2.47731
1.57935
-0.0484457
-0.868208
-1.5836
-1.74137
4.23999
-6.34352
2.17772
0.0114755
-0.0533646
-0.548396
-0.169411
-1.53863
9.91037
0.0874934
-0.0977116
0.785893
3.02318
-1.22614
4.74119
-0.646171
-1.10755
-11.8473
-7.7203
-27.1819
-1.12771
-0.647806
-1.32711
1.91217
-0.0884777
-0.755451
-0.139728
0.348831
-16.1764
-0.419318
-1.18285
-0.227241
-3.95194
-0.883764
-0.532437
-0.240654
0.847359
0.308167
36.3398
-0.457047
-0.974695
0.96767
-0.271347
-0.621965
-0.0413183
-0.283105
-0.487145
-7.50937
1.08767
-1.80369
0.0177903
21.0246
-0.0389199
-4.10833
-2.65069
0.00217253
1.02056
-0.211857
-0.0431246
0.23141
2.27008
0.386315
-2.72966
0.253797
0.764401
-0.831806
7.55658
2.6426
0.464507
-0.592704
-2.51836
-1.40198
0.209294
-0.70447
-0.797803
1.81903
-6.67296
0.299232
-1.11401
-0.0923409
0.0328108
1.56116
-2.96052
0.886452
10.3339
-0.612206
-0.538263
-0.0848322
-0.781154
0.817515
-3.10665
-8.16629
-0.652139
-1215.58
-10.1086
-1.23836
-0.325271
-1.70761
0.241826
-0.749771
0.220644
-0.581866
6.85147
0.69126
4.1174
-0.784764
0.289973
1.59261
-1.01429
-2.60048
0.34083
1.49308
-0.332972
-1.07802
2.32414
0.364886
1.49107
-0.598856
0.536591
-0.727644
0.0263725
-0.500962
-3.20129
-3.95249
1.32603
0.42052
24.0527
-67.9522
-1.36342
-0.0404765
4.1965
2.62109
-0.727177
-2.73905
0.0148977
-4.25281
-0.171082
-0.988943
-0.299579
1.97047
6.59848
1.5654
-4.30772
-0.852637
-0.0216465
-0.328191
-0.564056
-7.77507
-1.45493
-0.702852
-0.756389
-0.726087
0.0907424
0.111464
-2.4928
-0.414251
-1.35634
1.88031
0.066646
10.0642
6.0285
3.19384
0.357813
0.912836
5.209
1.1177
-0.63031
0.831416
0.0602753
-0.236028
-0.887518
-1.74801
-2.48294
1.02805
0.487078
-1.08441
1.81054
-0.0973467
1.29017
-4.74194
-0.20261
0.103693
-0.173537
2.87771
-0.784517
-0.391604
-0.357712
0.607417
-0.873621
1.57686
0.611415
3.25052
2.85588
-0.438064
-3.00243
1.2856
-0.626869
0.166297
-28.5856
-11.2888
-0.228598
-2.25028
0.0792099
0.073137
-1.33114
0.282283
-0.770002
0.0824015
1.01193
-0.498966
1.20733
0.307031
-1.02814
-2.98086
0.2016
-0.750969
4.77917
0.404154
0.974143
-1.7484
-0.587499
-8.90344
-17.913
-2.29528
-1.55402
1.70337
8.83103
-44.5512
-0.0875379
-1.41798
0.633196
0.130529
5.55081
0.291661
-0.13157
-0.766205
-1.02029
-0.269537
0.997959
1.42248
-0.0895832
1.69615
-0.349914
14.0355
0.449364
0.863702
-4.73645
3.02399
1.43663
-0.49635
2.15606
-0.657841
-0.398359
0.170254
6.81095
0.312032
-0.0856349
-3.54045
1.11883
2.60514
0.861979
-1.03705
-1.45704
-0.479828
0.568188
0.172481
-4.71171
-1.97481
6.84438
-1.04786
-17.0788
-0.532284
1.36414
-4.63527
-1.55952
-0.883464
1.61093
2.68937
-13.0734
5.78667
1.7246
0.388536
0.426967
-1.47204
-1.29705
17.0283
-13.6951
-0.852816
-0.566419
0.371667
-178.636
0.862344
1.28277
3.74505
0.173928
0.346433
1.27895
-10.4064
-0.636213
-0.823016
0.381551
-1.93298
2.46605
-30.3902
-4.87118
-0.275554
3.23539
-1.49032
-0.423983
-0.746474
-0.943555
-1.45264
1.81722
-3.41526
0.278919
-0.0649577
1.07402
1.81098
-1.81936
-1.59063
-0.352188
1.92462
0.547961
4.11825
2.68388
0.542009
-0.115721
0.869075
-1.79308
0.437268
-1.05795
-0.0998269
0.742145
0.78267
-0.642015
-0.255319
-0.0125792
0.125046
-2.57205
-0.191289
-0.485015
1.34609
0.391079
1.38022
0.948138
107.573
2.9886
0.00946093
-0.0256386
0.417653
-9.42933
-3.80122
0.743998
22.2761
-2.36543
0.0712969
-0.400738
-90.7017
-1.91645
1.09848
-5.58852
1.66032
0.096623
-0.204063
0.497112
-19.276
2.7528
-1.36938
-1.11
1.00056
-0.465572
0.77092
0.177685
-14.6194
-3.72207
3.65645
0.0928395
-1.35536
13.9873
-0.493634
29.5023
1.48895
1.09636
2.74759
0.0673545
-1.01721
-1.86175
2.00172
-0.0426925
-0.924915
2.08808
-6.70117
1.66413
2.33701
13.0535
-0.286826
210.86
1.48299
0.208185
-0.118889
-0.504276
-11.1679
-0.859616
-3.9422
-0.491256
-0.20079
-16.1076
0.258578
-0.22131
-0.0956666
0.249124
7.7179
-0.346723
-6.10268
-0.300902
-0.955115
-0.05121
-0.501004
-0.116988
-0.474258
-0.76616
-0.808311
0.259663
-0.439828
13.9929
-1.15649
0.864161
-11.5502
0.259811
-0.37867
-9.82301
-1.31631
-6.41369
-0.559984
-1.28568
-0.582687
-0.371129
-7.77702
0.781279
-1.31072
-0.045141
0.671695
5.71341
-0.67465
-0.0188576
-18.1997
-0.808821
4.36507
-0.804554
-0.450154
-0.104113
1.19906
2.45516
-2.6181
-0.0469513
-0.0972372
-11.9926
-3.47304
3.29839
1.38422
-10.7267
-4.08701
0.664186
5.60089
-0.444359
-2.39919
-2.44064
0.0872817
1.86064
0.734411
-0.17872
3.78765
5.99865
0.92115
-1.86817
2.09717
6.80975
1.66029
0.477735
1.98554
-0.837877
0.357474
0.148343
-0.0813312
0.21394
1.02776
8.94218
0.647884
0.787711
1.04545
0.889815
-21.383
0.33045
-14.301
-0.0894386
99.0654
-34.625
2.79163
-0.153951
-0.677477
-0.666561
-0.922354
0.575871
0.970527
9.41589
0.845268
2.8787
-0.21753
-0.2303
8.55731
1.49647
-0.645051
-0.757882
3.3496
13.7947
0.435834
-0.214716
-0.352963
-0.837505
-1.18156
-0.656215
-0.945276
-15.6724
-2.05423
-0.937461
1.47997
0.238504
-1.88608
-0.725966
0.991141
-1.09375
2.92894
-41.7513
-0.883816
0.0947965
-0.256584
2.16913
0.240405
-0.038769
0.0311977
-0.104754
1.49939
0.909323
0.769319
-0.854754
16.5865
0.0611266
-8.75697
0.261258
1.81963
-1.01477
1.13665
0.448027
-1.53019
-1.90402
-1.02109
-0.0157387
-2.25158
30.6051
-1.18482
-2.00029
64.784
-3.60133
-0.772339
-0.919499
2.29611
2.90661
-2.11728
0.705446
7.77042
0.326771
-8.24685
-0.595283
-0.53168
-23.0404
-0.678598
0.163091
-1.49986
-0.00265385
1.38941
-0.374568
1.17208
0.487794
-1.06689
-1.51041
-0.892774
0.364003
-0.362923
-1.97229
-11.9511
10.0251
-0.562822
-1.22185
-1.97915
0.242749
-10.2582
-4.86585
1.56916
-0.238551
-17.9602
-2.55225
12.1901
-0.263962
-14.744
0.287512
1.77269
-1.5721
1.47886
2.16371
0.245736
-0.862535
-9.57575
0.00685964
-1.14509
0.352211
11.8425
-1.58196
-3.28159
-1.55144
0.18505
0.792289
1.4574
-0.00308764
0.479566
-0.839386
0.819857
1.96496
-0.0213379
-0.147853
-0.3406
-2.40385
-0.026975
-8.51409
1.89879
1.05826
2.9502
-6.17576
-10.5239
2.04508
1.01779
-3.67759
-40.471
-42.9746
-0.106368
714.797
-0.402993
16.7608
-1.53127
5.53492
20.7516
1.89493
-0.118429
-2.98732
-0.00962068
3.06707
7.83081
2.39788
-0.259537
8.35579
-0.422641
-2.80822
1.05591
-0.385642
0.0409818
0.349837
-3.72546
-77.9041
6.24244
-0.115448
0.798737
1.63353
-1.02778
-0.093201
0.0112582
0.585639
2.25177
2.00092
0.118025
1.34573
-0.599752
-1.0643
0.264487
-2.18035
0.300188
-0.277935
-0.897835
-0.222723
-0.341498
1.4293
0.531549
-0.194807
0.325011
-0.185456
13.5756
-4.29355
0.729892
-15.3172
-0.116498
1.22492
0.381146
0.214878
-0.290804
-0.177553
0.129614
-0.565604
0.117258
-0.580041
-2.66857
-6.76893
18.2336
0.530099
-0.000628133
-0.925208
-0.537357
2.35883
0.535799
-2.2139
-0.466982
-4.68983
-2.45699
-5.1094
1.58702
-2.01769
2.70843
5.80607
-4.36162
-17.5803
1.11672
-0.858593
-29.6206
-1.76948
-2.13567
1.07094
-0.134827
-1.19127
-0.916578
0.0268023
0.196032
1.49042
33.761
-0.469584
1.56056
-1.29424
-5.40135
-0.338369
-1.50981
-0.463716
2.76187
1.20004
8.13523
-0.282883
-0.0369975
1.41344
1.0225
-2.61192
0.0159886
1.18718
-4.27243
-3.80084
13.9896
2.86508
3.21752
-1.32987
3.72839
0.482945
0.908825
-1.12271
-0.852698
0.778576
-0.394695
-2.02839
1.19833
2.3624
-0.937769
-5.88427
-5.3384
1.56236
-0.961807
1.03703
-0.178498
0.5121
0.674
1.48657
1.00549
1.13056
-0.623811
-0.62553
-0.860046
3.04284
1.71105
-3.02674
1.34345
0.290009
-1.46152
0.337652
-32.0836
-3.06126
0.413037
-0.926029
1.22637
0.434551
-1.58937
-13.4556
0.0588389
-0.353787
-1.04223
1.11296
-0.00843466
-2.05515
4.94179
-1.37204
-2.57557
-0.263522
-0.216883
0.44714
-31.1936
1.96485
-0.919571
-1.76384
24.014
2.60796
-0.0323487
0.790904
0.596935
-1.72222
0.370546
1.57918
-0.357306
-0.504824
-1.41379
0.37192
-1.2624
9.49406
-1.09787
-7.23645
-2.69954
0.890504
-0.554962
-5.18887
0.0844094
1.9704
-0.314305
3.59389
-0.68793
-4.14171
0.259519
2.11961
-0.934515
1.05293
-3.96712
0.334775
5.62345
-27.9686
-2.3728
2.05028
-0.905208
1.14976
0.751761
-1.45198
1.96828
0.741877
0.983577
-0.797554
-0.551377
0.704325
23.7054
-1.25676
2.62574
1.867
0.120076
26.1772
-0.574401
1.45925
-0.439774
0.76961
-3.88034
8.12997
1.10792
40.2636
1.16309
0.975161
0.150065
-0.489928
-1.11965
7.30604
0.481403
0.30146
0.305824
2.55279
-145.872
2.18535
-1.18719
-7.59135
1.22683
-200.402
1.18579
-0.745749
3.60649
2.30007
-0.141868
1.76392
-0.644855
-0.365296
-8.33767
-4.18828
8.54852
0.203934
-1.61074
-4.48662
-1.34572
-0.582723
-0.226882
2.21175
-0.504204
0.461945
-0.0881185
-0.924771
-2.61845
0.148168
0.105956
-1.72152
-11.8787
-8.54889
-0.200218
0.798014
-1.32525
0.134455
-1.07645
2.5647
0.814298
0.624703
0.412552
-0.381729
2.29917
1.22345
3.8072
-1.03767
-0.757661
-1.28956
0.130274
-0.187852
-1.44826
-1.66548
1.73376
0.0538959
3.23733
-0.0224388
1.63311
1.49083
0.158033
-1.0994
-1.86108
0.0128789
-0.0106956
0.244447
1.3694
0.171297
-8.89255
0.235043
1.2531
-1.03955
-0.412353
0.330976
1.14535
-0.284177
-2.01266
0.576195
-0.973849
1.11301
-1.30555
0.137808
0.668093
0.115191
1.25773
-3.86774
1.67333
0.709005
-0.199114
-1.72984
0.941784
-0.291755
0.866426
-0.769308
3.60247
0.798703
0.70941
0.128277
0.451265
-8.28331
1.07681
0.38757
0.296649
0.675026
4.37223
1.11432
-0.913985
9.3224
-7.42731
-0.967368
-1.72661
0.676631
2.84993
-0.66682
-0.106408
1.17248
-1.95399
-23.075
-1.54863
-0.669087
-4.76929
0.561676
-2.79882
0.973244
-1.2236
9.91268
-0.107288
-0.337332
-0.83716
1.0072
-14.9867
-0.341601
-4.14567
3.0318
-34.3786
-1.15433
-0.766159
-4.24026
0.866437
-1.26434
0.968979
5.14065
0.020355
0.719379
-0.677386
-1.67439
3.15551
0.303446
-4.67525
-25729.6
-0.471834
-5.08426
-0.750428
0.619603
1.18484
-0.14667
-1.01209
0.901875
0.895588
6.12744
-0.604121
-1.38245
0.619848
-0.797078
0.302181
0.302338
790.102
0.806623
1.43478
0.618072
9.12932
-3.82635
2.96521
120.532
1.54497
-0.637501
0.123092
-2.39989
-1.10733
-1.37647
0.261626
-1.00572
1.02873
-1.52932
2.12201
-0.589641
-0.147356
-5.66308
-3.5056
-0.510271
-0.091832
2.56813
0.0769656
1.27122
0.722679
1.82314
2.19358
0.311374
6.87579
0.0789071
2.12895
-2.41542
3.46046
-1.44872
0.595028
-0.197422
0.764993
-1.26554
-3.43011
-2.55883
1.13457
-3.67212
1.8321
-4.00256
6.36772
-2.24786
-1.1092
-0.245132
5.25526
0.528512
-1.71122
0.620998
-2.52114
2.51982
-1.4734
5.35545
-0.625771
1.25051
-16.9942
4.15929
0.642181
1.49058
0.0406736
-0.058526
-4.5398
1.3641
-0.71512
0.0701945
-0.38437
2.56125
26.5433
-5.51735
0.806015
0.779751
-0.719275
2.82239
-1556.46
1.28909
0.649288
0.100118
-0.101202
2.44048
-0.0940079
3.18342
-2.45012
37.3529
-0.106025
-2.18828
-0.38079
-0.630607
2.17789
0.716116
-2.01035
-3.42206
-8.19698
0.295399
1.82859
0.872699
1.08025
-11.7084
-2.67247
2.65339
-0.320117
-8.56728
0.981564
-1.16607
-0.619184
-1.91818
-0.8069
-0.0969249
-0.904944
2.72135
0.231218
-4.18827
-0.436573
-8.96263
1.19409
-1.30756
0.413229
-1.38897
0.156251
1.28437
0.948268
-1.35978
0.597811
1.58193
0.343643
7.15774
-0.786844
-1.04025
-0.0304283
-1.05451
5.4353
-0.271623
1.43965
91.048
-0.235411
3.94766
-4.00624
-2.58601
-0.881903
16.341
-0.756404
-0.0717316
-0.972472
-49.2034
-0.101585
1.4564
0.0985699
0.466315
1.17311
0.0460246
0.431467
-0.0648975
-1.17715
-3.95715
-1.48124
-0.334229
-0.434764
2.84979
6.67815
0.577298
-1.0918
3.39135
-0.869626
1.22493
0.391444
1.30775
0.704798
0.082016
0.30945
-0.237319
8.52878
-0.843533
0.403698
-0.281226
0.258165
-0.136083
-1.8133
0.775313
0.370864
-2.57812
1.3558
0.262754
-0.0402535
0.555604
1.15799
-156.605
0.086748
-0.356468
0.732134
1.0352
-1.55739
3.21383
1.1623
3.67059
-1.65839
-0.525935
-0.167895
0.252803
-2.88102
2.89004
0.442795
-1.01238
-0.0674371
-0.222036
0.746293
-68.1714
-2.99562
0.0905257
-3.54584
24.2043
18.4253
0.726704
8.0275
0.361685
-3.32523
1.7707
0.104602
0.603044
0.972138
0.0209751
4.65124
0.676199
-0.188886
1.05297
-0.738317
1.27905
-0.225164
5.75512
-1.33182
2.81911
1.85204
-11.168
-0.232613
3.29407
-4.41926
18.693
0.915665
0.767581
0.943011
0.491766
-0.361918
1.12493
1.46898
-0.968162
0.0703582
1.85806
-2.39953
-0.101931
1.89213
1.96558
1.39181
0.869762
-3.37789
-0.684167
1.42122
0.30109
0.895255
-0.607342
-0.521672
2.00554
-0.0195987
4.60742
-0.431846
0.603955
-0.568583
-2.30921
33.9004
-0.892962
-3.21139
-3.20888
-0.837471
-1.25624
-2.60649
-0.656059
0.0979086
0.833076
1.03195
-0.566901
-0.501362
-0.383417
-8.56397
1.35298
-25.0344
-0.515512
1.14521
-0.160253
11.4396
10.6901
-4.06711
2.51827
0.443026
0.455941
-0.526331
-1.12596
9.37686
-1.14903
2.95895
-1.54822
-1.72377
3.56199
-1.62986
2.41575
-1.70938
-4.74567
-2.31041
-0.965218
28.8285
0.731632
0.0777266
0.485334
-0.0686858
0.224735
0.5339
-0.942593
0.757663
0.0146332
0.116329
-1.60355
0.0173316
-0.354829
-1.64148
0.46348
0.691463
-1.0805
5.74394
-3.55363
0.494131
0.0114682
1.0516
0.638001
11.1259
0.587362
-139.03
2.2043
-0.499631
-2.39316
-1.1692
0.250486
4.36191
-0.823788
-1.34172
-0.410795
8.71587
-14.6848
1.31783
-0.130499
-0.667221
0.926814
-0.213386
1.38691
0.220476
-0.728407
0.959318
-0.980273
-5.1103
0.892245
-0.309739
0.54289
0.226613
2.08323
-2.62816
-0.275443
-5.67406
-2.7168
2.64079
0.280167
-0.112027
0.454569
1.24143
4.2933
0.609145
-17.2481
0.0569946
1.42774
1.16205
-12.0621
-2.59751
-1.65877
0.00660584
-3.33253
-1.33348
-2.21975
0.696185
-0.0616732
-1.5312
0.0459433
-2.53312
-0.33558
25.1957
-2.72862
0.885957
-0.992617
10.9262
-1.35247
-1.43211
-1.86366
0.643225
-0.693118
6.37862
-1.79269
0.501656
2.57191
1.9127
4.18027
-0.0944905
-1.78253
0.38272
0.339912
-0.988012
0.879804
1.53258
-1.57349
-4.00795
-0.939429
0.576117
0.332524
-2.93779
-2.26897
-0.797309
0.723903
2.49581
4.52887
-0.111402
0.106985
-1.61047
-0.610478
-1.0381
-0.850916
49.2971
2.49204
1.60262
0.815053
0.680528
-1.22957
0.554848
-14.7478
5.58771
0.0087713
28.0801
-0.191863
0.899129
-0.956417
-1.08154
-1.38695
2.586
0.054223
1.09018
0.322319
0.685393
-1.26107
0.724415
-0.896088
0.379303
-5.08719
1.34016
-0.338759
-0.950891
-1.35306
-2.41125
-21.7815
1.84485
-5.77485
-4.77713
0.94311
-0.0705588
8.83443
-4.51099
-0.805098
-5.10089
1.46949
0.0719683
-0.39035
0.365348
0.418171
4.77934
-0.385582
0.693712
0.652801
-4.47598
-1.68593
0.791972
-0.670776
-0.428576
5.28156
-1.80248
-0.0680928
-0.873019
2.49144
0.530747
-8.71394
-2.74524
24.0795
0.166176
-4.85013
-1.59468
1.18087
0.810774
10.544
-1.11575
-2.01232
-1.15357
0.451106
0.532501
8.12167
-40.0138
-0.53083
4.06725
1.54301
-11.2555
1.41304
-1.8027
3.52754
0.33002
-0.099778
-0.757762
-0.214675
-0.791569
1.10165
-0.173981
-0.678671
-1.04062
-0.203896
0.597314
-3.56621
-3.39572
1.55629
1.0647
-17.7368
-0.184887
-0.897025
-0.432615
-0.350003
-0.359531
1.44247
-10.9787
-0.195838
2.46923
-2.24874
0.455389
-0.156196
0.924179
0.604981
-3.4148
-0.9895
-2.90431
-0.698017
0.99445
-1.77029
1.4139
0.778481
0.770518
1.48247
-0.651133
0.790463
1.70639
0.471258
-0.465099
0.127285
6.83507
64.8108
-0.462497
0.475457
-4.64049
1.8175
-0.277238
-4.28859
1.28276
-0.528901
-1.9721
1.32157
-0.026777
-0.781733
1.31485
-8.18416
1.77957
-0.0296005
0.801882
0.528339
-0.103899
1.36218
-0.23158
-1.87944
-0.269901
0.579293
3.35321
-3.47914
0.455442
-1.21054
3.70883
-0.220061
-1.43925
0.704257
0.779904
0.943381
0.0522903
0.517563
0.0274458
-0.210786
-0.219248
-19.4615
0.405154
-0.719183
0.335288
-0.116927
-0.13034
1.14857
1.66448
0.781251
-0.195971
-0.498746
0.0849972
-1.52022
-6.33164
-0.456526
1.72126
22.1904
-1.7014
-1.49957
-2.03374
-7.20753
8.88488
-0.00663599
-0.627359
0.123887
-0.00794865
1.4696
10.4946
-2.63467
0.829973
-0.440676
-0.315543
-0.875162
0.91963
0.0931796
2.67488
-0.91398
1.94131
2.61885
14.4163
0.963395
2.44892
-0.466323
-1.69925
2.50354
37.2257
0.0239773
-1.09431
-0.292476
-3.9327
-2.42029
0.867312
1.21843
3.29308
22.3507
1.35244
0.0525799
-0.765715
-0.49277
2.53576
-0.301222
0.537393
-0.749195
1.74071
-0.1851
0.534858
-0.559033
-0.516834
0.539414
-0.00187842
-3.39309
0.241247
1.58928
0.813423
-0.648737
-0.767772
-3.61055
-7.24593
-2.2873
0.206681
2.57322
-3.07564
1.45709
-0.470698
0.215889
-2.43392
-0.11214
-3.33751
0.4939
-1.40426
1.36008
-0.269944
-0.803148
-1.31307
0.0631153
-1.63663
1.27051
-2.25477
2.79414
1.3107
0.111356
0.0892602
-0.540683
10.7226
-1.43853
0.823378
1.44491
-4.11076
-0.333376
0.865683
1.20598
1.21775
-0.219299
9.23092
-0.676613
-1.05584
-0.0975925
-0.302249
-0.415982
1.42318
4.02933
-0.906601
0.768713
-0.365538
1.64041
-9.38272
5.44297
-0.580025
0.914067
-0.292468
-0.784887
2.06714
0.530568
-0.519929
0.566429
0.152856
0.646306
2.84198
-1.52827
-0.448232
-0.39649
-0.525667
1.40091
0.433651
-3.59378
2.2443
-35.5921
-2.83227
-0.504708
-0.783881
-5.87549
0.0252313
-1.47741
99.232
-1.1352
-9.8463
0.12722
-0.830027
-0.0879877
2.27928
1.23372
0.211039
1.13652
0.55086
1.26841
2.65408
-4.32586
-0.72687
-4.41679
0.64206
30.7756
-2.99414
-3.39243
0.167045
3.68083
-5.32784
-0.878249
0.177054
0.699185
2.64169
-0.719014
0.845038
5.32543
-3.17728
-0.976673
0.707428
1.41264
0.0307077
0.0725927
-0.750269
1.11749
0.0755355
-0.039589
1.01242
1.03789
-0.0911981
1.41825
-1.42441
0.936835
0.350869
1.50262
11.9891
0.963819
2.25377
-0.843556
1.92363
-27.4711
0.0574584
0.573931
-0.968659
2.8992
1.61846
-1.94415
0.438729
-0.53924
0.949683
0.14936
1.3777
1.15577
2.91141
2.71985
-3.8111
0.0685415
-0.11528
-2.7666
-1.57744
4.2283
-0.436138
-1.143
1.13389
5.77838
0.383909
0.320962
1.69736
3.92731
-0.998889
2.99795
0.188448
-0.559281
4.70512
-0.204064
0.397033
0.570171
-1.77346
-0.811868
-0.634049
-2.06681
-0.69361
0.310688
0.241972
3.94777
0.933255
-0.025883
0.846683
0.365036
0.742603
-1.14789
0.434372
0.775747
-0.0737921
0.0138048
-2.10646
-2.63498
1.11417
-0.519585
0.0586195
2.24377
-0.558903
0.351905
-1.90369
0.180263
1.00775
0.17713
-0.0242101
0.583187
-12.7035
-0.200734
-1.52785
0.381141
1.09336
2.16408
-3.42937
0.612904
0.26746
-0.772125
-0.24988
35.9924
0.684898
1.03095
0.720965
4.12124
-1.00746
-0.227253
-3.34738
-0.374218
-4.68346
-0.334369
-2.26582
0.0837634
-0.389326
3.44824
-15.3626
-1.96759
88.6226
1.11189
1.64019
0.512715
-0.0242115
-0.965672
-0.524714
-4.0681
0.50409
3.13774
3.19549
0.227153
5.34819
-2.33219
-14.0789
-0.658643
1.00051
-0.200047
0.8181
0.293831
-10.3491
1.88246
-0.273649
-0.98792
-0.270571
9.87938
0.0976181
-0.926586
-0.915761
-1.59676
-0.403978
-0.282549
-1.77626
-3.627
-0.655541
-5.43259
2.91984
1.48517
-0.286661
1.69741
1.12799
-1.83
0.158429
3.04026
0.824837
2.88501
-1.29595
0.619325
0.319716
0.374043
-0.713831
-3.1256
0.561318
0.676621
-0.378729
-0.461353
2.6546
0.477042
2.62196
12.2991
0.227231
-1.37335
0.977644
-2.19941
-2.37432
-1.533
-3.23839
-0.30491
-1.09223
-1.89328
0.900414
0.363128
-3.34646
0.265969
-7.5027
-1.51029
4.52181
0.0764406
-0.700408
-0.525893
-2.10163
3.3901
1.04318
2.5891
0.981629
1.03381
0.31444
0.0349075
1.21434
0.824383
9.1185
0.175955
-2.23776
0.0126015
0.424983
-3.11637
11.99
1.9426
6.91476
2.6752
33.5731
1.17104
0.328645
-0.811429
-0.9326
0.947427
-1.4502
0.271801
-0.482502
-0.705411
0.915799
1.40668
3.72977
-4.70974
4.73292
-0.61536
-33.8966
-34.8631
0.462883
-14.0796
-4.56047
-0.762499
-1.6328
2.44427
0.0305705
5.52684
2.63106
-8.98185
0.870551
0.123985
0.86924
-2.58045
-2.02159
-3.67063
-0.773411
-0.720602
0.227289
0.936686
59.4437
-1.6401
0.693639
-1.61237
-0.267859
-0.434362
1.9238
0.511396
4.49954
-8.01185
-0.610509
-1.20921
-0.193017
-0.29735
-0.153405
3.84199
0.885009
5.76485
0.118023
-2.12495
-7.07547
2.03374
-0.97193
0.479549
1.16262
-0.299851
-16.7478
0.0248716
-0.451843
0.370926
0.342786
-0.233662
-0.211683
1.79821
0.612277
-2.85697
-3.58116
-1.93259
0.0953186
-2.08757
-3.67015
-1.59462
-0.159046
4.21493
-54.2246
-0.96596
1.10762
0.0462437
-0.0852591
2.17239
0.124404
1.35923
-3.4977
-1.31969
1.26893
0.171428
-5.96857
0.0930052
-0.280039
-1.37421
0.386016
0.359825
1.88746
-2.17806
-129.437
0.757706
24.7317
0.825759
-3.41399
0.687517
5.8093
0.406884
0.742149
2.95846
-0.867149
0.206697
0.192615
-0.371215
-2.85946
0.96208
0.504232
4.16957
0.293834
0.0554914
-0.0294485
-0.509692
-0.301158
-0.0399041
-0.127054
-1.50454
-0.983677
-0.475465
-9.11098
2.60926
-0.427019
-0.750874
0.493002
-0.257834
0.251083
0.388737
0.801735
5.88267
-4.02169
-2.8746
0.487504
0.995822
0.0302917
-9.40903
-0.364662
5.15757
44.7525
-1.55318
12.3968
-0.0495376
-0.402499
0.03581
-3.84061
-0.00776582
0.856197
-0.581254
-8.85618
1.70463
-1.33785
-0.596547
0.560207
-0.0243254
-0.0146428
0.484573
0.896497
-0.411915
0.680319
-4.776
-0.642809
-2.35422
-0.491633
-1.46661
-0.942819
1.38065
0.178362
-1.26387
-0.184358
-2.82148
0.643275
-0.496678
-1.8183
-1.47731
0.74814
-0.101888
2.16415
0.788105
2.15427
1.1906
-0.395676
3.05485
0.683395
0.0387286
-0.750141
-0.735674
2.16259
-10.1329
-1.62997
-1.55246
0.690281
2.11071
-0.532038
1.90068
4.27924
-0.585717
-2.72499
0.665749
-0.551732
0.411533
6.51498
-0.282215
-0.234609
0.056648
-2.11451
-1.58849
3.28291
-0.68006
-3.07623
3.55873
-0.386861
1.21054
-0.784271
2.19237
4.34922
-9.54871
8.90889
2.57897
3.3546
344.827
1.70275
1.14472
5.10794
-0.502272
-2.5274
0.991557
0.239253
-0.548816
8.71745
0.244972
-0.586724
4.7408
-0.184545
-0.392503
-6.27599
5.04427
-12.3284
8.14686
0.465135
0.175229
0.62636
-2.55794
-0.564263
8.5904
8.62199
0.121994
-0.125737
-0.759564
-1.63396
2.68172
-2.01151
-11.1562
3.93895
-1.23897
-0.498731
-2.90857
0.505732
0.914896
-46.227
0.19922
24.9123
-0.0774754
0.40318
-0.269931
22.1366
5.63364
0.877647
-10.7348
2.90311
0.0147698
3.23432
-2.00754
-0.337471
0.829718
-2.40051
4.97635
1.4548
0.457001
7.52617
-4.38082
-0.119274
18.2057
-0.311833
-12.4587
5.46775
-0.157056
-1.03356
0.302186
-5.99531
-1.96103
-3.77955
1.74205
0.724298
2.0404
49.5673
2.23063
-0.850586
-0.316318
2.90449
1.55271
-0.453954
0.859287
-3.0752
-10.166
3.00175
3.71874
-1.38905
0.566406
0.889829
-1.03562
23.2991
-1.46331
-0.177347
5.56745
-0.569668
-0.746808
-0.559012
14.2279
4.96309
-0.896671
-3.1988
1.76914
-0.63014
-1.41355
20.3493
0.955231
0.179433
-0.913412
0.605779
-2.86004
-1.03636
-0.00312414
1.67629
-0.21886
0.935669
-17.8182
-4.61382
-0.506443
0.415677
-0.261913
-1.8422
-0.498765
-1.68529
1.07759
-0.885241
-0.645723
-8.83509
-0.198502
0.906164
0.0551594
-0.102503
0.604925
-0.719471
-3.46849
0.414353
0.321246
1.97674
-0.0189451
2.71382
-1.05911
-10.8898
-5.17385
-1.77059
-0.322906
-2.65866
-0.556982
-6.73421
-230.612
-0.125142
-0.193761
0.148618
2.40468
-0.83746
-6.1535
-1.95152
0.547889
-0.647513
-0.0934446
0.0991882
-0.751069
2.273
-1.21086
-3.49095
1.81511
-2.2299
1.05158
-1.00087
1.41446
-0.172937
-0.825436
1.51859
15.0043
-3.09266
1.32183
-2.23503
-5.97043
-0.54541
-3.21679
0.222855
-1.94904
-2.45315
1.21274
0.919593
-0.30342
-3.11866
-0.139843
0.252154
-3.57067
4.12683
-2.74968
2.4298
0.11446
0.529221
-0.583441
0.259743
-1.54039
-1.53022
9.3399
0.620626
-6.2951
-3.13985
1.85177
-0.994141
0.321608
-0.120847
-2.72194
0.944902
-10.1677
-0.774937
7.90015
-3.05375
-1.21288
-0.893182
8.02249
1.03995
2.88443
-4.48448
-4.42211
-1.50086
0.789861
5.44922
0.622537
2.69062
-0.357198
1.15364
-2.94825
6.60654
0.0393647
-5.10438
-4.01496
3.33689
-1.89687
-0.296018
0.471167
1.56531
0.453183
-2.40079
0.52622
60.0856
0.252437
0.811489
-2.75117
1.37351
-0.247075
-1.32966
0.885431
-0.730503
0.196473
2.06677
0.0406608
0.220633
0.36777
-0.418514
0.252393
0.810279
1.06125
-0.0613976
0.573074
-0.662609
2.21919
0.323755
-0.478046
0.233608
-0.825464
20.8111
0.974503
0.243116
25.2605
2.31281
0.216506
0.037192
-0.191944
-2.88226
-0.539477
-0.047105
-0.368663
2.39175
-1.23164
-2.56419
-0.346208
2.5871
2.08724
0.494798
-4.73487
-0.104926
1.53511
-15.4458
0.94104
-0.247463
-1.76492
-0.359635
1.02283
3.05363
2.03086
2.40357
-3.44631
-0.0878524
0.446501
0.16652
-3.26913
-0.213507
0.939341
-0.168708
2.73843
-0.540029
-2.24059
-0.189204
-0.646694
-0.295056
-7.13879
118.235
0.117436
1.61335
0.0282336
1.5051
-0.968214
-0.88595
-0.265046
0.945146
0.127157
0.558605
-0.238721
-8.70347
-1.93225
-4.07129
0.0446597
-1.52092
-1.14114
-0.518385
2.97544
-4.19504
1.80814
-0.542371
-7.29005
0.269116
-0.404213
-1.47499
-0.292202
1.12888
-0.129419
0.74873
0.402853
-0.23033
0.171524
1.10176
1.53811
6.63708
-3.7313
0.406966
-0.9886
-1.01645
-0.714775
-0.474126
-0.0820605
6.7618
-0.747123
0.593292
-0.596422
-0.363488
0.376064
-1.35054
2.44109
-0.993116
1.37707
-7.23424
1.4657
1.24623
1.22998
-1.27539
-0.181634
-0.192069
1.16121
-0.453641
0.047778
5.81105
-0.733531
-0.562709
-0.535438
0.28395
3.80724
0.495698
0.117586
-4.40706
-0.470121
-0.244472
-1.25602
0.901358
-4.26551
-4.87768
-0.67562
-1.57723
1.21212
-10.3342
-0.663367
-3.04497
0.156369
-1.47403
-0.855065
-0.411985
0.175338
-3.85054
-0.163742
-1.22786
0.081481
0.663317
-3.964
0.478957
-0.0492817
-0.666569
-0.497477
0.610816
-2.96205
-7.98517
2.37985
-3.54315
-4.51932
0.793765
-3.42131
3.81376
-0.69348
0.471901
114.567
-32.3155
7.42581
-0.618497
-0.908786
-2.24539
-1.23061
0.552287
-0.283667
0.0391206
3.02721
0.987875
-0.0420804
0.271704
-3.90452
4.19761
0.633867
-18.3985
-26.6685
0.311933
-1.46109
-0.135619
-5.38614
-0.28284
1.40017
1.13407
0.763316
-0.206833
11.5692
0.360588
-0.909478
-0.309567
-7.31956
0.652016
-41.6399
0.89583
-0.978728
0.304761
0.983846
1.63877
0.170448
1.14843
0.37867
1.29576
-0.249138
-0.826782
1.24902
-0.390571
0.697089
-0.818402
0.375191
0.816809
-0.433813
-0.156677
0.0980717
0.440553
-0.577675
-0.0980476
-1.83466
1.29496
2.37202
-2.77652
-3.38886
0.275542
0.0895614
-0.572446
-2.89932
1.27169
1.40293
9.81807
0.937119
-0.920177
-22.0367
-13.2384
-3.62008
1.07561
-0.732258
0.00983143
2.42903
0.799412
-0.808512
-0.886225
0.210444
3.44891
-3.13731
-7.2242
0.894941
-3.92289
-1.19542
6.13313
0.891123
0.376627
-0.207707
20.2346
-0.653262
0.65643
-0.405425
1.09722
-2.18758
-0.464465
1.69802
1.96075
4.94659
-0.55906
0.2604
2.11593
2.05955
-1.10667
-1.11526
-0.385608
-0.00726214
-0.41023
-1.06961
0.409653
-0.164581
-3.68838
-0.37752
-0.688264
-0.888743
-0.261149
0.156462
-3.06399
-0.0923374
-0.12947
12.6181
-1.10019
-0.79199
0.111981
-1.16608
0.333116
0.640799
-2.8767
1.99064
-0.246664
1.61033
-1.00844
1.65031
0.662739
-0.248035
0.0476262
-4.78029
-1.02526
-1.41624
-0.176755
0.22282
0.335531
0.314613
18.0928
0.455582
-0.165896
0.360943
3.56485
0.264281
9.31711
0.729926
-0.319822
0.313913
-0.246567
-2.05487
-0.941985
1.48714
4.45791
0.0945342
-4.24287
0.383136
0.0155554
-15.078
-0.0820947
3.7621
-0.823725
1.13066
0.533405
0.544235
1.38332
1.48918
-4.50638
-3.67191
-1.40844
0.69272
-0.883431
2.08498
-0.345682
-0.613419
-26.8904
1.96683
-1.11822
-1.29453
-0.117184
0.894829
0.277951
0.0310521
0.923159
-0.560714
2.01226
-1.59424
0.723038
0.409007
0.0388001
0.376023
-0.408756
-3.79397
0.931648
-0.377581
-0.473005
1.28729
-1.45337
-0.912012
-0.744514
0.478612
-0.0593636
0.394214
0.701073
-0.0911226
-0.404973
-0.396005
-1.31921
-0.73945
-0.348419
2.08289
-1.03117
-0.570075
-1.37671
-0.11578
8.57918
1.15091
0.294553
34.3362
-3.91152
0.298176
0.0790158
-263.201
0.714221
1.58236
2.17197
1.60684
8.10091
0.110083
-0.0135186
-17.365
-0.879529
-2.07737
-2.52653
-1.19962
-0.642804
1.30709
18.0891
-93.0341
1.66069
-8.95576
0.280405
-0.000529367
-0.541732
-0.49274
0.292102
0.362902
-1.16154
11.8478
0.472595
0.745638
-3.45123
0.11165
-0.653352
1.60667
3.1347
-2.53664
-2.47365
-1.08886
-0.861602
0.640022
43.6662
-0.54114
1.71602
0.670998
-0.175595
6.63499
0.352745
-2.45728
2.19039
19.1727
-0.856157
1.41986
-0.862989
7.00089
1.52219
1.30444
-1.95219
0.281719
0.677194
0.667542
0.620961
-0.084328
-0.116745
-1.04736
1.02485
-0.794011
-0.934034
0.628716
-0.327536
-1.72967
1.28583
0.53195
1.01581
0.453461
-0.340961
-1.13217
0.0276767
-1.61109
-0.437711
0.149078
-0.88926
-0.422867
-2.22183
-0.703334
-2.19565
0.0997619
-1.00095
13.4047
-0.715364
4.34154
4.14384
2.29798
-0.269336
-1.15982
-1.60681
-23.9615
-0.618836
0.554517
0.559504
-2.44393
6.34276
-0.138993
0.338239
-6.30544
0.396458
4.22912
1.07436
-2.67741
0.0712585
-0.259252
1.25705
-3.0048
2.34497
1.23038
-0.41985
1.11312
-2.5264
1.56387
-3.41144
-0.659548
0.527922
7.48501
-5.69306
0.307037
1.44321
7.54473
-1.00532
4.228
-57.3108
-0.332254
0.770986
-1.70226
22.7649
0.32611
-0.275297
-3.34662
-34.1966
-1.97011
0.415472
-0.664751
-0.201796
-0.844576
-1.10557
-4.45808
0.51549
-1.90737
-0.632606
-0.535528
0.91294
0.0242659
1.00381
-1.75588
1.46461
0.861757
-0.400883
-0.254305
0.488697
-0.323034
-1.66452
-1.40515
2.03167
-1.84539
-0.556403
2.56832
1.30879
0.349852
0.371892
0.496074
0.00588765
0.324322
0.889952
-1.67156
-0.117949
0.711381
0.988409
-0.795683
-0.343802
1.45174
0.205044
-0.116718
0.199082
-0.207283
1.89838
0.882674
1.44785
0.159376
1.3072
5.0998
0.455053
2.19478
-18.6245
1.01489
0.698401
2.32133
8.41275
4.15348
2.61971
-1.59385
0.988404
0.55586
-0.0980664
4.80282
-0.803758
-2.757
-0.00287529
3.84043
-0.325534
6.57568
-4.73641
3.93773
1.50004
27.0608
0.569927
1.46332
-0.726589
1.04996
3.52326
0.547612
6.34911
8.83369
0.634415
-12.8863
-2.16601
-3.93312
2.03678
-1.9109
0.60671
6.11804
-1.69946
-10.1901
0.445569
-2.07012
0.929082
0.0196403
0.488384
0.236596
-0.999726
-0.942135
0.0834172
-4.1239
-0.823583
-2.60841
0.274909
-1.87536
-2.86431
0.147113
1.2412
-1.32703
0.321336
-0.767741
-12.2443
1.67607
-1.26682
0.356266
-1.9709
-0.494078
-3.27551
-0.130795
3.24339
-1.41561
-0.267889
1.17846
0.372146
0.521467
3.69904
-5.38747
-0.87729
-0.878816
-123.167
-0.392142
-0.529172
-0.392024
-0.421577
2.7835
0.755697
0.785071
1.5206
0.322363
4.49434
0.257225
0.435413
-0.834601
1.2015
1.07694
-19.4639
0.236208
0.401231
-1.16071
-0.214777
-0.262159
-1.03423
-0.115737
0.087718
-0.598051
0.717788
1.59595
0.107536
-0.813032
2.64498
-17.1903
-1.50418
-2.01683
-2.45672
0.595804
-1.6522
-36.7225
0.137729
1.07892
-0.165179
3.37941
-0.717887
8.81062
-0.865674
-0.273707
14.1566
49.5639
-0.0655972
-0.859441
-0.597804
-0.895468
-0.0964007
-0.773432
-3.3362
1.4769
-3.90655
3.45005
22.1283
1.15109
1.78315
9.87398
0.427077
-2.74104
0.542578
-0.0955507
1.15883
2.01981
0.915639
3.25413
3.26716
-2.42708
-5.62036
-3.15614
-0.275174
150.38
-1.2839
0.17709
-0.254755
0.533057
3.22617
0.741282
-1.00565
0.522167
0.724255
-1.62134
0.250755
0.365251
1.08983
2.39835
3.98596
-1.95164
-3.17089
0.690412
0.79186
0.125358
2.23206
0.0605248
5.38906
3.37506
-1.83136
0.292874
-3.3622
-1.32962
-0.459335
-0.615446
-0.303829
1.89525
3.10942
-1.21378
-3.13988
0.482646
0.372325
-22.98
-341.862
-0.671804
-0.543942
-1.36878
3.57743
5.06565
0.953466
-0.631653
-2.19381
-35.7201
-0.750783
-0.132129
1.14533
1.61928
-0.850412
-0.630271
-41.1853
-17.0941
1.77662
-0.598492
-0.984951
1.62611
0.476443
-10.475
0.151644
-1.82121
-0.593263
-12.5847
3.57643
0.526253
-0.817183
0.831281
0.10832
0.997718
0.389806
-5.60724
-3.34603
0.756622
-1.57668
-2.71257
-0.70016
-0.802722
-4.03457
1.92394
1.24663
-1.11065
-1.9804
-1.45107
-10.7316
7.96181
1.47291
-0.0738372
2.58627
4.09471
0.0784695
-2.41731
0.280495
-0.630489
1.38509
-7.44294
2.36694
718.454
-0.356638
-2.96
0.694965
-8.76518
2.04672
-0.536049
-3.15153
-0.777453
-53.5919
0.489519
-0.811829
-3.57241
5.38315
0.25282
-4.53686
-0.338657
0.467451
0.736117
1.37518
0.60297
-8.07367
1.24709
-2.865
-2.30207
0.154901
0.874872
0.645848
-3.09941
0.00422533
115.946
-0.165854
-2.90121
2.98176
-2.94637
-16.1375
-2.23241
2.95454
0.0978108
0.0923755
0.421198
-0.240604
0.205854
-4.41004
0.720633
-0.159304
1.0748
0.468164
1.83594
3.83775
-0.494841
-0.0799918
0.216998
-0.000794507
0.863918
2.72982
0.665123
0.444512
0.027853
-1.81966
-0.356148
-0.836174
0.685384
-0.250502
4.49293
-0.240792
-0.633983
17.2822
1.6895
-2.44667
-1.84555
-0.21206
-1.45284
-0.683515
-3.28946
-1.07375
0.000699384
2.69412
0.0875305
0.165094
-0.371212
-6.97721
0.0195792
-0.699903
1.97544
-0.614347
0.556995
-1.78405
0.508415
-0.243689
0.173433
0.454006
752.567
-0.382439
0.578273
-0.24781
0.872084
-0.53061
28.4036
0.149053
0.311002
0.610988
0.148023
-0.358664
-10.2558
0.221677
-0.665374
7.14583
0.357844
-11.2047
0.964332
-0.917615
-0.594317
-0.464599
1.1482
1.28052
-0.54666
-3.52895
-3.43639
2.41836
1.99427
-0.0359792
-0.764405
-1.11548
2.62485
0.554915
-1.35258
-1.91119
-0.311417
-0.325239
-0.832058
0.522586
-3.94943
-1.97999
0.619128
0.510435
-0.0301363
-5.40699
-8.51821
1.15431
61.575
-0.0980855
2.34645
-1.75361
2.4463
-5.68376
-1.92374
-32.7498
0.749223
0.572129
-2.008
0.0480854
-1.63052
-2.25248
-2.20181
1.2786
14.2306
-48.0333
-0.838562
-0.0748576
-0.613
0.63196
0.756935
-1.71987
-1.06662
0.114987
-2.1281
-0.641911
-7.16306
-3.34362
1.98259
0.915756
-0.739054
-0.124674
0.883537
-0.253053
-1.08968
0.644672
5.95408
0.0427323
-0.0159517
5.33871
0.545113
1.31297
-0.233772
-1.78668
8.84614
-2.85146
-0.877669
1.15035
-2.11436
0.107578
-0.325008
0.415981
1.85368
-0.765054
6.32433
2.37234
-2.67204
-4.12803
-5.37772
5.93199
0.657401
-1.33752
5.20598
0.207767
-0.0124505
0.871852
0.100904
4.63262
0.23858
-2.34521
0.800571
0.185564
0.627819
1.61227
23.2659
1.40409
2.34305
-2.29476
-0.40247
-1.60816
-0.0616463
-0.0558522
3.33403
-0.200702
0.12265
-0.97426
0.197244
0.0203307
1.3039
-0.269194
0.131627
-1.86714
1.76281
-0.858181
-0.742717
-0.702506
0.478532
-0.801872
-0.0170933
1.65398
0.452862
17.0692
0.464735
-0.761047
-0.440141
0.0455037
2.56625
-0.635014
3.97156
0.302642
-4.70856
-1.54026
-4.01413
6.7168
0.103794
0.420376
0.521663
-0.725409
-3.20269
-6.88936
4.74789
-0.269413
16.3604
-1.32637
1.97776
0.0469844
0.977474
0.903425
-1.36855
0.082603
0.0117507
4.59932
0.376926
0.978181
-0.680019
-2.7079
6.86296
-2.21784
-0.337084
0.414811
40.4658
2.8493
1.09053
1.07513
-0.453985
6.72837
0.813362
-0.570265
0.122493
0.698263
0.501553
-0.303612
0.222667
0.68429
0.214778
-1.15582
21.1328
0.192435
-1.6991
-2.44247
-1.5948
0.0867935
-1.45716
-0.842835
-0.219139
-0.557445
-2.7754
0.872691
-0.696693
-0.327085
-5.39166
2.91128
0.0050854
2.63377
0.540014
-0.395667
0.975269
0.490948
-0.222094
1.24143
1.87499
1.42822
0.96166
0.361081
-0.770792
0.00969956
-0.830659
-0.834621
1.57338
1.58608
-1.37796
0.271803
0.767996
0.118046
1.34027
1.99384
6.8032
-1.663
0.47231
-0.35399
0.655234
0.298315
0.441376
-0.935877
-4.18884
-0.613243
0.254494
-0.724061
-1.93423
-0.863908
0.876829
-1.35835
1.12832
0.328874
-1.17988
-0.846777
-0.0419743
1.99556
-1.83619
1.45849
1.81626
0.0342031
-0.499217
-1.46479
0.0934713
-1.53848
-0.478644
-0.65473
1.86135
-0.829345
17.4836
-0.85849
1.82405
-0.512163
37.5411
-0.529769
0.682973
-0.160706
0.112737
2.36118
-0.558644
7.80105
-1.37
-0.179698
114.449
-0.42145
-0.538238
0.0762797
34.4673
-0.248578
-45.8901
-0.630837
-1.40248
0.197205
-1.22289
-20.25
-0.0159724
1.25773
-90.488
5.39992
-0.679616
0.302783
0.377626
-0.369111
9.90443
-16.7567
-8.12212
0.259251
0.934831
-0.547891
5.11284
2.17654
0.450692
-0.907946
1.24867
-0.194779
0.396415
-2.54758
0.513009
-1.39806
0.435065
0.1189
0.181901
1.68773
-2.64194
0.496699
-1.56198
-3.47093
-1.35973
11.6864
3.17855
10.1347
0.0423426
-0.22966
-10.4029
1.92555
3.29516
1.28184
20.3376
-1.04513
1.48156
2.03094
4.996
-0.0423104
-0.907963
-1.43219
1.49761
0.257251
-2.41714
9.51723
-0.493329
0.131214
-1.59157
0.494716
-0.595041
-0.772619
-7.95965
0.75638
0.179964
-2.80082
0.0152306
1.48536
12.5991
0.678604
-2.30832
-3.53749
-0.165376
-1.45274
-4.9902
0.0428613
-0.348111
2.4095
0.059291
-0.21357
-0.981594
-0.446318
2.6302
1.46682
1.05446
1.63388
-7.90766
-15.1922
13.6393
-1.66341
11.1403
0.411311
0.239756
-2.2002
1.1822
1.61026
0.42842
-0.716561
-1.39104
0.229142
-0.0287842
0.214596
-0.266157
-0.00408643
0.264187
-0.822139
-24.3933
1.6248
-0.573139
-0.551737
0.0545403
-8.60587
-0.0310005
-7.68841
0.13973
8.70293
0.742177
-3.09435
-2.31622
-1.07405
-0.0718574
-1.17147
-0.186908
-0.651708
0.7674
-1.57871
-1.23733
-0.986826
1.72998
1.87943
-0.636624
-0.297658
-1.59834
1.31995
0.703825
-0.0485407
0.921955
-4.28844
-1.35528
-0.371359
0.31225
2.76794
-0.501851
-3.65703
1.53632
-2.71197
0.713731
-8.12794
0.425255
0.620852
1.24071
24.6138
-3.04986
0.324144
0.723837
-2.1218
0.572547
0.0939891
4.8537
0.724011
1.65522
-7.35276
-0.299014
-3.85135
1.17481
0.520206
7.17768
-4.37214
0.436209
-0.56293
-0.211734
-1.13804
0.767119
0.361224
0.00236724
-0.917448
-0.327939
-0.762946
-1.45874
-0.692898
0.521559
0.623487
0.749239
-1.35885
1.06195
1.29519
-2.13193
-0.579059
2.3292
27.1995
-8.40055
-0.34379
-1.10522
0.670575
-0.777909
5.15896
-0.229272
-0.463962
-0.538249
-3.8516
0.256281
-0.738079
-13.3529
-0.89945
0.827636
-0.495276
0.555684
-4.31728
-17.5092
-0.289478
-0.71435
-36.8694
-8.58636
-1.28443
0.707028
-1.06722
0.873591
-2.31844
0.38687
-0.394483
-1.21988
0.195715
1.72206
-1.07348
-0.604353
-2.64923
1.56594
-0.615428
2.40124
-0.0412009
0.605681
-0.882061
-2.0939
-0.584712
0.71033
-0.525674
-1.96261
1.9991
17.8078
0.933391
-0.464263
4.5494
0.14329
-1.24697
-0.771072
-0.198667
-1.54078
-0.421175
-6.31141
-0.596126
0.212677
2.22899
-1.27781
0.920758
7.97253
-0.86982
-9.2577
4.33085
-0.237278
0.06243
0.044464
-0.458756
1.67796
-1.88068
-4.9157
-1.95494
0.477413
-2.03392
-22.9829
-0.49374
-2.25533
-0.0298048
-0.739982
-0.0981791
2.43259
-3.87978
3.13967
402.645
-18.2151
0.34249
-0.42771
0.212062
-14.0911
0.396479
-1.15519
0.0949037
-2.63021
-0.498761
-36.7184
32.5768
-0.768546
-0.632784
0.3872
-29.7485
-1.26781
0.326844
0.819765
-6.0525
1.98175
0.402094
88.5066
-0.942035
-6.57464
6.90635
-1.71267
0.503978
0.339393
-4.42327
1.42337
0.304092
-3.47248
-0.246221
0.888507
1.29668
-1.45288
0.638324
0.367214
1.07411
24.2741
8.87997
-0.789218
-5.50998
5.65779
0.0766007
0.991496
2.61826
0.883979
1.54305
-2.84746
-2.28372
0.156114
-0.0979576
2.0772
1.90172
0.213641
2.33369
0.0160804
0.452736
-0.921112
-2.89114
-0.512612
2.10656
0.925342
-3.06106
-2.52099
2.36453
-3.51526
0.680591
0.694063
0.731034
0.550069
1.08871
0.383496
0.732136
0.390022
68.2572
-0.211792
-0.118277
-0.381587
-7.97901
-1.0894
-1.4979
1.54812
-3.34079
2.984
4.89772
-0.173303
-1.76848
-1.70187
-0.8263
-0.198347
2.55278
-0.720236
-2.34091
-0.264769
-0.604715
-0.618607
-1.40491
1.13578
1.50155
-0.870078
-1.76376
0.293883
-0.75737
0.7248
1.07202
0.988634
1.30141
-0.416033
2.79384
-2.02389
-8.60319
8.28043
0.528462
1.51158
1.86306
-0.809656
0.516567
0.301298
-0.637567
0.181862
1.32101
3.37739
4.7264
12.0623
0.420849
-7.43193
16.9371
0.341622
-0.590672
1.37261
0.807634
-0.461222
-0.84055
-1.45189
0.801174
-1.88302
1.69711
-1.25045
0.445338
-1.46823
1.43425
-3.89295
1.89333
1.63712
-1.97637
0.0972957
-2.5443
1.28908
-3.83842
-1.75372
0.309759
3.2625
-2.79432
-11.7466
0.938082
3.10965
-3.65792
1.25837
-0.145875
-0.20576
0.12924
0.268608
-0.248834
-1.85652
0.216097
-1.42629
0.203736
0.766892
3.80631
0.163904
0.0873123
2.9256
0.50707
9.33673
20.1681
-1.0258
1.61336
2.81392
-0.873674
-4.18895
24.6637
-4.69629
-0.715194
-1.02535
0.51228
1.09412
1.41135
0.610963
-1.37329
0.424186
0.144668
4.51784
-0.969447
1.11774
-0.846471
-0.219266
0.632862
0.651213
-0.331192
0.104369
0.816183
-12.2887
-4.8747
-0.133131
0.195888
-0.297599
-0.202366
-9.2337
0.525387
0.33849
-0.113218
-1.18276
1.45089
-0.727378
0.00116332
-0.0757663
-4.42735
-1.72617
-1.65236
0.0524532
0.570148
0.328248
7.54276
0.533437
1.39709
-0.415488
-0.197422
-6.3149
0.138091
-0.447264
-1.54626
-1.18298
-1.50106
-1.98375
-0.327092
-0.325618
0.441251
0.659871
-2.34052
-0.61027
1.12216
2.82884
2.43135
0.478094
20.7589
0.0957452
-0.532798
0.595101
-22.2388
5.49243
-1.30006
-1.14648
11.5725
-3.07024
0.64837
0.90583
-0.600769
4.98533
0.789764
0.197401
-5.48872
-1.40616
0.235551
2.29218
0.891302
-1.23114
-1.45009
-54.7007
3.085
-3.05194
2.6588
-1.29615
0.982193
-0.60614
0.479725
1.23633
-0.327793
-0.609505
1.23142
0.240508
-0.754928
-0.58639
8.98214
-2.5713
-0.554547
-0.41345
-0.263126
-10.3597
-0.793822
-1.56776
1.29192
-0.502182
-0.276377
-17.9647
-4.11672
-0.222684
0.495366
-1.62351
1.52312
0.0110098
0.972365
-13.2445
-1.09637
9.5165
-1.54803
0.433581
0.162139
1.60526
0.683817
1.41687
1.14835
3.12929
0.239611
0.598353
1.03385
-1.26225
-7.57562
1.33742
1.0019
-2.35694
-1.00311
-3.22257
2.32915
0.310842
1.12664
0.526218
-0.677741
-0.118267
-0.886694
2.2605
0.989226
-1.42182
0.237493
0.311959
1.07309
0.349669
1.5716
-0.272398
-0.544704
7.85668
1.47681
1.30234
-0.460742
-0.377716
-2.01996
1.39598
-3.35955
-0.690693
-0.694335
-7.93775
-0.0878299
0.865684
0.185607
-1.73476
-1.68693
0.999706
1.22542
-0.240036
-1.1194
-2.74484
-0.292136
-1.82013
5.88438
-0.825902
0.473228
6.98167
8.69017
-1.05602
1.67139
-2.91915
-3.58878
-1.05931
-0.466698
-0.541413
-0.102252
2.82585
-0.176448
23.3599
3.71101
-1.19812
-0.190256
-0.105884
0.781508
11.2668
0.252235
-6.20502
-1.10851
0.0798641
-0.344672
5.73498
0.0667187
-0.405751
-0.177948
-3.51809
-5.45513
2.26752
2.08625
0.309739
-0.592966
-1.46302
-0.577361
-0.479025
0.781291
-4.53393
-3.11483
-1.95934
-1.87767
0.0521754
0.712532
-0.831181
0.129205
0.164972
-0.542061
0.251337
-1.34625
-0.474059
-2.38493
0.147837
-0.8587
2.11677
0.27404
0.0478672
1.90581
23.4619
-1.61916
-6.01387
1.48594
0.532399
0.762239
0.800925
2.91089
0.623027
2.26707
-0.257145
-1.86288
2.21478
-2.12659
0.0723667
11.4955
13.0285
0.756616
-5.21307
1.07579
5.41539
0.379084
-1.69191
1.11729
-0.327304
4.17991
0.193238
-1.61563
0.90985
-1.36498
0.723535
-1.88068
-2.33675
-0.514485
-1.88205
1.54034
-13.7141
-20.7263
-0.172724
2.13552
-11.6554
-0.526689
-1.5215
-2.27043
2.81062
0.101951
-0.452946
-22.206
-2.98033
-5.36147
-0.630824
0.773489
-0.442143
-3.62187
-0.0274275
0.668713
-1.52937
-0.322171
-3.68842
4.89794
0.14102
-6.55279
2.5125
0.0965302
1.48588
0.830948
-0.637983
2.31771
0.908482
-0.178497
5.86221
96.0314
0.0451507
0.174757
0.095453
-3.52778
-0.158228
1.22952
0.30176
3.16252
0.38626
-0.218375
-5.5377
-2.00512
-2.27075
-2.44218
-0.551681
-0.138483
-0.707215
-6.70874
9.23859
0.814246
-0.473132
4.04747
1.45411
0.51014
0.248147
-6.52352
-0.979643
-1.74405
1.59137
0.293276
0.861993
0.156084
0.675545
-0.231756
-9.32383
-196.7
-1.84825
-9.25477
0.284164
2.69466
-0.230663
-1.0244
-16.8192
4.05237
-1.47349
3.38918
0.0214874
0.572448
23.2236
1.49046
-0.714237
-1.6724
-1.14508
5.8935
2.25989
5.39186
-5.30923
0.467279
0.179006
-115.583
-0.190262
-0.762251
-0.0103363
-0.815671
0.285071
-1.00043
-1.16263
-0.339392
48.6116
-0.447454
1.26389
-1.02131
3.18462
-0.446257
5.40238
1.39831
-3.77746
-0.145508
-0.794125
0.447517
1.26247
0.72181
2.87761
-0.151343
-1.61772
0.137498
24.7076
1.25662
0.552118
-1.55306
2.93788
-9.02507
4.8578
0.526935
-0.77581
0.793728
0.383866
1.58842
2.25136
2.47883
-0.564796
-0.0655054
0.412546
-1.76228
0.534051
-17.269
0.474003
10.5349
0.827003
-0.128064
4.25928
-0.285702
-1.58188
0.986355
1.52995
0.112341
0.625636
3.09133
-0.331453
-0.195072
-0.252913
-0.0953421
0.0511591
1.95162
-0.28041
9.84578
-4.33993
-0.585915
-0.654072
6.49094
-1.87516
-6.50726
-1.37969
-2.62778
1.09193
7.00036
-0.906179
1.22037
-0.552636
-6.41591
-2.14699
0.595442
-0.667303
-0.830404
0.745143
-0.0663227
-7.42243
0.905599
-4.70509
-24.5183
2.42154
-2.65011
-3.04075
-0.975936
1.21627
0.562883
-1.00641
-8.02668
0.552462
-0.817528
18.8434
-0.184315
-0.552452
-1.37878
-0.729224
-0.714475
-0.519886
-2.38428
18.163
6.85062
-3.34234
-1.44999
0.980842
-5.3404
-3.25866
-0.167382
0.0447532
0.292486
-0.701621
-0.486945
-1.27667
-0.520751
-2.77206
-0.951364
5.97266
-2.96039
-22.8132
7.47307
-4.09361
4.01363
1.55734
-2.239
-0.243449
-12.0417
-0.874524
2.82931
0.340978
3.15348
5.19235
-1.18566
0.153015
-3.54341
0.156274
-3.11329
5.22155
0.214997
1.25675
-0.00884929
0.563974
0.562852
0.320217
5.12235
-72.8604
0.10025
0.575506
0.319409
-1.83188
-0.439693
-1.02972
0.258901
-0.769566
-9.43909
0.0103107
-2.06804
-0.331031
1.68679
-0.189786
-2.41294
-0.189223
-3.09696
-2.65239
0.732711
0.242348
-0.172275
-0.118497
0.16616
1.11469
1.38441
-0.33814
0.391297
-1.90359
0.810147
0.194826
-4.01356
-0.316024
-16.4628
0.292576
-0.384036
1.43982
7.08883
7.69094
2.2364
-0.13845
-15.8042
-0.00998928
1.36091
2.65403
-0.423313
-1.68084
-0.460914
-1.23177
-1.17087
-0.29941
41.7707
0.499238
-0.300218
1.24815
2.79073
-116.029
9.65255
-4.03564
-2.10715
-0.531458
1.81619
-3.06182
-1.81457
-2.62966
2.52851
-24.7161
0.12179
-1.06298
-2.73736
-0.377387
2.1819
-1.13277
3.55284
-0.395373
0.147243
0.17806
0.452208
-0.311053
0.0297375
-4.46308
0.260961
2.68165
0.584335
-0.228687
0.531228
1.06941
0.19885
14.3823
-1.63317
-3.4095
-0.699842
-3.57073
0.826266
0.854115
-1.41908
-0.213043
-2.418
-1.0546
-1.08346
2.73315
-0.26797
0.60943
-0.561977
0.216839
-6.41837
-0.714067
2.44308
-0.533776
-4.71412
-1.23812
0.205236
-0.654141
0.500501
-11.4268
-5.16228
-0.236079
0.15093
-2.40534
1.7156
0.61642
-0.589454
-4.08114
1.60727
-0.606749
-0.410594
-1.49511
-162.535
-1.64086
-1.99912
0.683039
-0.405984
-0.0818602
0.131381
-0.69977
0.0228266
0.808407
-1.67611
0.215096
2.59858
-0.152848
5.1334
0.193345
-0.220553
-0.246236
-0.193015
-0.75456
1.46975
3.0525
1.44128
-14.2041
0.41331
0.330639
1.51494
3.38018
1.16715
-0.896706
-15.7155
-1.25985
8.9532
0.162744
-1.72992
-11.7168
1.50338
0.222428
0.222639
-0.913413
-3.95006
0.924502
3.0645
0.468117
5.06573
-0.710766
0.703249
-1.55373
-0.317269
-0.340027
5.53792
-3.33062
0.293498
-1.52617
4.35097
3.72815
-10.7966
-2.19659
1.13163
5.41133
-0.20396
2.2286
-17.7108
0.155564
-5.89637
-0.00938244
1.07161
0.593846
-0.527522
-0.904987
2.64721
3.23674
0.194683
0.449205
1.26223
-0.234858
-0.0588854
-0.610318
-0.815761
2.06282
-1.84472
-2.68022
0.620008
-3.10705
-1.32401
-0.853205
-0.288447
6.48792
-1.45969
-0.171295
-14.7036
-0.852225
0.239791
-0.442856
0.0733296
-1.09755
0.243575
1.67003
-0.19431
0.825937
0.21204
0.6212
0.0185131
-0.368393
2.2323
10.3187
4.43752
2.24043
-0.0577681
-2.84397
0.520449
0.583821
2.51294
0.250458
1.88919
2.03828
1.23484
28.4078
-0.740354
-1.18156
-2.7762
-0.103098
-0.597193
0.391866
0.710316
7.79114
-2.98593
-0.795404
1.55011
0.970918
-0.43353
0.86759
0.0357471
2.08302
0.575302
-1.78308
-7.06136
4.07213
4.25452
0.668598
-0.558973
0.924229
0.228525
-0.600825
-0.302038
-0.22254
18.2841
0.890686
0.0507461
-0.426046
-0.55165
-2.39068
-0.00765411
0.764778
-0.704001
-0.313501
-16.3367
-1.73113
18.4583
-0.631373
-0.124926
5.87424
-0.495526
-1.38492
-0.0754079
0.980229
0.617838
-1.40545
-0.635553
-0.873727
-0.511994
-0.430912
0.369541
-0.550106
0.4213
-0.834092
-0.202246
2.14065
1.22971
-25.8019
3.41371
-1.44683
-0.245285
0.119223
0.0876554
0.0332553
-0.92663
-0.968401
0.556733
-0.352557
4.71564
-0.366536
0.681548
0.966082
1.40636
-0.626728
1.28823
-1.46521
-0.441669
-0.469197
-1.76227
-4.06684
-0.74076
-0.284767
9.12208
6.60913
-338.619
4.03712
8.02151
-0.00123531
0.443973
-1.09261
882.596
4.68983
-0.299401
-0.57976
3.21493
0.0106074
0.20143
0.209658
-0.506264
2.66138
0.225015
-0.602401
0.691601
-328.833
0.748066
-1.3201
1.66985
-3.24192
-0.150739
1.17514
0.090354
-1.24112
-0.357686
0.988916
-0.0942442
-0.410536
1.61038
2.69708
-1.01844
1.59199
-0.746082
-0.108392
0.805481
5.66176
-1.06229
0.304968
2.69482
-1.46964
0.694366
0.0611805
0.434813
-3.09482
-1.06853
0.138178
-0.184994
0.0361539
-0.831357
0.0496694
3.3353
1.43862
0.510856
4.54353
495.348
0.681853
0.606971
-1.13488
2.28531
1.3184
-0.660088
-2.66113
-4.5032
-1.88794
-0.041693
1.71226
0.103284
-0.537461
1.08155
9.89388
1.03392
-0.553825
2.80065
-0.337518
-0.936907
3.77377
-6.86935
-0.041155
0.467025
-0.165335
-0.282442
-0.426614
0.97388
-0.1397
-1.43821
-0.910011
2.66902
106.076
0.353191
4.02345
-0.283955
-0.911328
0.378128
1.11867
-0.78606
-0.302676
10.2543
0.648019
9.48382
-1.16883
0.52061
-1.11177
0.0501143
-0.76292
-12.2131
-0.0528342
16.361
0.0736311
-1.4172
-5.00335
-0.493184
0.216971
0.180832
-1.49667
0.246587
0.825048
9.22705
-29.7111
-0.078124
1.72629
-1.20699
-0.487659
2.23764
0.114211
2.72036
-7.60511
1.40565
0.19777
-0.584523
1.95882
-0.158201
1.21825
0.120081
-0.296082
4.74244
-2.00775
-0.0195986
0.171542
1.06971
-0.888943
0.137381
-0.210687
1.1637
-0.0886786
1.67228
1.29994
-0.10349
2.30348
-1.34082
-0.239354
-0.462786
2.62384
0.303521
0.18441
-0.479875
-1.57716
-0.280886
-2.57844
-0.846971
-0.640295
3.84755
-1.44396
-78.6559
-3.74526
-0.138326
0.270477
0.624376
0.0166968
2.27656
0.702126
-0.181891
0.402865
0.458702
-1.62618
0.370956
2.39228
0.0903226
0.935885
-0.622485
2.08884
-3.33325
-0.806098
-0.550724
0.187609
5.76061
-0.0899422
-0.322945
0.0999925
-0.214048
5.00598
1.16702
-0.861279
-4.50684
0.170319
-0.86979
-0.675123
-4.44083
2.2795
-0.988229
-1.31316
0.705047
0.415884
1.46577
4.03251
-0.577109
2.97643
0.0893263
-0.754918
-3.83467
0.0595557
-2.04473
0.243875
0.0556068
2.06514
3.60182
-0.98442
5.20568
2.81759
0.613654
0.456888
0.598501
-1.99415
2.66445
-0.353721
0.91374
0.998907
-0.576888
0.220358
0.152453
-1.51365
-0.46254
-0.495039
2.24341
-3.83124
-0.432022
15.6805
2.26681
0.949159
0.674286
1.38035
0.0902645
2.43689
-3.76941
1.7808
-2.11867
-4.60803
1.7848
0.127645
0.901957
-3.94529
-0.899158
0.126433
0.386315
-1.73067
-0.957476
-1.05235
3.29342
-3.88649
1.65584
1.07199
0.35611
0.186622
5.4282
0.865767
-2.5339
108.814
1.87669
-0.238168
-1.32838
1.11896
-1.34247
14.2983
-0.326874
-2.33891
-2.50921
0.00189695
0.301027
-11.3772
-0.245593
0.199988
2.61571
0.386481
-2.90644
1.71037
0.0353407
-0.238763
-3.04072
-1.30813
-0.173621
1.33453
-1.58237
0.320905
1.48286
-0.0166547
0.366006
-0.383745
-0.901598
0.756361
40.9537
2.0748
-0.181284
0.581558
3.34398
-0.0746801
-4.90637
0.19567
-0.44091
-1.45987
7.3373
1.38987
0.994956
-0.758345
0.618408
1.8375
1.12436
-0.430427
1.19631
-0.122836
-0.181239
-0.971032
0.0258953
-5.89767
7.15803
-2.96516
0.270401
-80.144
-0.952704
-1.18736
-0.394032
0.507097
-0.382061
-1.9411
5.44825
0.32677
0.0298029
1.3018
0.031235
-0.00532682
-0.0716174
-1.30404
-0.659661
-0.462529
-0.0768571
0.363062
-1.4193
1.29194
0.738818
27.8693
-3.82105
0.313912
2.03444
-0.723428
-1.91206
-1.12722
-0.229816
-0.0922564
-0.112495
-0.18155
-1.26913
-1.56167
-2.91538
0.386665
-0.516641
-1.87475
0.211116
-2.57367
-1.14583
-0.164584
1.48129
-0.59447
-0.235643
0.248202
-4.35707
1.05178
0.753831
16.01
-0.480484
1.99391
0.118258
3.46123
1.23934
2.11058
0.522056
0.0044015
3.40679
-0.0673646
-1.47146
3.44213
1.00972
-6.09045
0.468841
-0.523535
0.76306
0.631192
0.418662
0.492275
-0.0851739
0.0557105
4.31989
0.0126329
-0.770309
1.23341
-12.4079
6.23963
1.14968
-1.74562
-0.211976
0.354487
1.10953
-17.5016
3.67768
0.26066
-1.12439
-0.207737
4.82291
2.31016
-0.844136
-3.99301
-0.0662392
-0.44937
-0.306174
3.0062
-0.472278
-3.23332
4.24368
-0.899066
-0.2955
-6.4715
-0.75646
-3.46509
0.81014
0.324765
0.165004
0.188589
1.84364
-0.398499
-0.21285
9.99294
1.47378
1.47668
-0.610034
-6.64028
-20.1915
-0.390528
-1.20066
-1.29691
-3.69352
-1.27402
-0.307635
1.55264
-25.198
0.0187989
0.200363
-1.29323
0.0604566
0.539089
0.570119
0.892205
27.0867
120.925
-61.0545
0.46042
-0.276189
-2.1606
1.13026
-1.54436
-1.35448
0.134509
-1.2329
-0.151639
-1.18932
1.33241
3.3572
-0.746681
-0.550823
-4.4013
2.60432
1.06334
0.847019
36.3095
-1.04504
0.89595
0.784101
0.86089
1.30649
-35.203
-3.96093
2.18385
1.54365
0.979434
0.591909
-0.966918
2.94774
-0.18507
-0.559434
0.068039
-1.7685
-0.767386
-1.17931
3.54746
1.75225
-0.112017
-6.52285
0.543266
0.00623
0.106836
-0.96852
-0.519939
-0.569562
-0.956446
0.813398
1.49664
1.13924
8.29672
0.0661207
-3.3883
0.40594
1.18743
-119.895
-1.20565
1.64504
-0.810533
0.470059
6.74101
-1.54855
1.13216
0.49169
-0.0687515
-0.591829
1.02572
-3.65629
1.71337
0.347885
0.560207
5.50111
0.398673
15.2417
-2.25753
-24.3246
7.86772
2.16732
-1.03274
0.265215
1.47559
1.30184
-0.451117
0.702185
1.03366
-0.932202
-0.325772
3.41942
1.07374
-0.171674
1.00381
-1.40754
0.794848
0.126522
-1.11232
-10.5207
9.19458
-1.06633
-1.37329
-0.209878
-1.33873
1.53128
-1.25813
0.540821
-2.68887
0.216519
-0.00938497
-2.85919
-0.674676
-0.143882
-4.59411
1.032
0.326241
1.63963
-0.231896
-17.4585
-2.26306
2.18913
1.71008
0.316669
2.88936
0.169187
-2.36728
1.02283
0.0487783
0.635111
-1.49117
0.781359
0.636041
-0.7541
-2.86012
-0.790597
9.27633
0.699954
-1.30238
-0.5899
-0.204434
0.680396
-0.501365
-0.283679
0.512994
0.864545
8.24661
1.52919
-0.384712
43.5974
-0.892245
0.456327
-0.503026
1.10633
-3.78763
-0.14579
-1.71169
-1.9654
-5.47531
-4.7466
-1.02918
-0.0194885
1.30988
-0.10642
4.05314
1.19049
0.505597
-0.221943
0.0274455
0.856464
0.35447
-0.515012
-0.732031
1.43269
0.102178
-1.15292
-6.62103
-1.87998
2.6309
-2.88812
-4.69672
-0.531581
1.68457
-0.523192
1.10122
0.602498
2.42803
-0.232638
0.336184
1.15179
0.0903809
-0.544153
-0.526274
0.5038
-2.8366
-1.26496
-2.18956
0.327538
-5.17772
-0.127065
-0.258602
-0.829247
1.0299
0.234939
-0.918558
-2.49705
0.402379
-0.0668553
1.61929
-0.482095
-0.388637
2.30802
-0.116156
1.9342
0.699315
2.20522
0.540527
31.883
-0.476432
0.0594164
8.5828
-0.311538
-1.33524
-0.243627
-0.255874
-0.323008
-2.31072
1.12454
-1.27779
-1.14453
0.662284
-0.467757
2.14222
-0.142008
5.66615
-0.441468
1.13896
6.34373
-14.5985
1.02514
0.559848
0.301444
-0.471983
-0.792472
0.24876
0.0419361
1.91994
-0.620584
-1.12521
-3.91492
0.263854
-0.687068
1.02464
-0.977928
0.536466
-11.5826
1.3412
-1.06141
3.03574
1.34347
-0.112873
0.106393
-0.376987
-1.85618
-0.157468
-0.113365
-1.34037
0.930719
-0.428766
7.32383
-22.3417
-0.398802
0.663464
0.529522
-0.915818
0.108152
-8.21645
0.0235139
-1.06165
-1.05537
-0.184189
0.549182
0.461608
-3.00136
-0.324006
-6.68664
1.1576
-0.039605
0.558556
-3.04763
-0.716083
-4.45087
0.607936
-0.0401135
-0.741767
-0.333425
28.296
5.59985
-0.00251273
-0.861475
-1.57278
-1.93559
0.418131
-0.0633291
-0.649573
-12.1054
1.25736
-19.5151
-0.00816344
-115.788
-2.78252
0.686583
-1.24338
0.256665
-1.21234
-9.1443
-20.4198
-0.794532
-1.13237
-3.53628
0.556493
-7.73062
0.202902
8.83048
-0.762198
-4.80804
0.559783
0.259976
-6.58753
5.05671
-0.0377227
4.41753
-0.554422
-4.50073
-0.801597
-0.0197114
-0.0334769
-5.29311
1.75024
-1.60175
0.829835
-3882.86
0.0705914
-59.6982
0.316366
0.1595
10.3902
3.18958
-0.860704
-0.707484
1.51831
3.96096
1.3776
-1.0192
-0.0381835
0.411636
2.06722
0.817991
-0.805189
21.0737
0.482469
-2.8936
-2.23679
0.121838
3.3683
0.281068
1.49936
-2.05414
0.304616
-1.16085
-0.0359041
-0.0316088
8.04161
0.269338
0.487046
0.664516
-1.24126
7.08955
0.907163
-0.0935033
-46.5352
14.7412
0.7444
-0.707855
2.61283
1.70502
1.25566
0.238931
-0.150111
1.13126
-1.2582
-0.316174
1.03447
1.66247
4.71704
2.2297
0.463594
0.437951
1.51433
-2.26201
1.72382
-1.93158
0.103646
-0.45529
0.69868
-0.0473148
-4.77418
-0.311602
-0.423581
-5.64761
0.210734
0.159908
-1.81182
-0.385868
-9.27881
-5.91822
-0.481487
-0.446094
-0.870478
0.651555
-0.761302
5.52682
-30.4607
2.96567
0.219805
1.77063
-1.27885
-0.809469
0.774664
28.7864
456.893
-0.734023
1.67779
-0.465343
-1.5638
-0.323363
-0.319712
2801.09
-0.503341
-0.940875
-0.0513023
-3.73968
-4.13367
-1.00838
-3.73587
-0.853493
1.15445
-0.0692992
0.63005
-0.683527
-3.36083
1.24941
9.01677
0.0874605
0.402738
2.06655
5.71514
-0.351017
-0.809025
-0.180879
-0.112518
2.07137
-61.0192
-1.03973
-0.918933
0.420892
-2.00788
-7.36141
0.518598
0.316746
-2.36742
-0.698394
5.07761
0.944627
0.518553
0.290852
-0.101837
-39.2713
-0.190865
0.448702
-1.0978
0.953818
-0.602023
-0.499283
-0.734992
-0.247543
0.169793
-0.615187
-0.782244
-0.887978
0.135241
1.80284
1.21942
-0.342434
-0.361815
-0.673205
0.398633
2.74438
-0.825084
7.66417
-1.04661
-0.115597
1.01342
-1.27959
-1.48595
-2.56473
-0.336915
-0.167856
0.388636
-0.773278
2.82081
8.2735
-0.356741
2.02083
0.11672
1.83703
0.448574
-2.1624
-0.273869
3.97025
1.10661
-3.22327
0.363959
-0.544382
-0.63219
0.298761
2.33239
-4.16227
-0.45631
-0.561512
2.12162
2.16263
-0.216138
-2.26358
1.12505
0.557822
-0.726702
-0.155967
-1.02658
0.253523
-2.7334
1.76743
-1.95116
-3.54627
-0.277748
-2.15473
-10.3978
-3.14045
-3.62316
4.36729
0.390626
-0.286145
1.26897
-3.32141
-0.645694
-0.659063
0.713354
-18.5425
0.707618
-0.645269
-0.358972
1.39272
-0.782158
-0.179959
-0.14402
-0.37749
1.05156
0.554798
-0.741598
-3.14541
1.64189
-1.53404
-2.66707
1.92851
-0.496011
-2.10463
-0.0101376
0.877136
-2.72447
1.67754
-0.159576
-3.07905
2.27973
-6.66342
6.29429
-0.582828
21.9823
-1.08061
-0.127348
-0.436751
-3.15748
2.64476
-0.0713087
-1.07833
-0.527361
0.656187
-2.86662
-1.48382
-1.72141
-0.480963
-0.656628
7.62917
-0.93414
1.17629
20.7542
0.586262
0.149792
2.49209
1.40855
2.55199
1.74253
-0.365876
-2.20767
-0.254391
-0.60883
-0.58428
0.677926
0.972986
-1.47149
1.0789
0.469638
133.159
1.29369
-16.4946
-0.925068
-0.241994
1.01602
0.508423
0.982941
3.15386
3.02205
0.972217
0.922317
2.45411
-5.77917
2.08012
1.29645
-3.8245
-532.665
-1.45002
1.94579
1.96861
2.00385
-59.0167
-0.3241
1.82473
-0.0394499
-0.314785
-0.483009
0.161896
0.770637
-0.314703
0.76844
1.43831
31.254
-0.914385
-5.07144
1.37462
-0.277147
0.469106
-1.48508
-10.4515
-4.05145
2.78643
1.78991
1.15696
-3.37833
0.0337944
-0.645985
-0.541399
-1.25267
48.0563
-0.0356103
-40.9843
-0.786449
-0.112715
3.92947
-0.60445
0.39792
0.289661
-16.9549
-1.11845
-0.0676817
-0.539015
-0.474589
-1.075
0.277963
-7.46431
-8.13732
-0.387685
0.670021
0.486088
0.657435
-1.11701
-3.62801
-1.34573
-1.30664
4.72308
0.75101
0.0547544
-2.64842
-0.388452
-0.117567
0.786279
0.596436
0.143937
0.901276
-0.515415
-0.130304
-1.78558
-2.37221
0.744116
3.94045
-3.16164
46.466
0.337769
-0.727954
0.494568
-3.63046
0.0962889
-1.89657
35.6984
-1.90554
0.369277
-0.351982
0.174304
0.315551
-0.385989
0.0203307
25.5521
-0.65287
1.01318
-0.218523
-2.22359
0.704825
-0.169358
-3.84198
1.95845
0.567123
0.177684
-0.877035
14.7006
-15.3115
-0.829742
0.38761
2.80492
3.14551
-4.41845
18.8702
3.71718
8.0045
0.642433
-0.128818
1.02432
15.8928
0.428575
-0.0647015
-0.0113558
0.466166
-7.26774
-9.95019
3.16272
15.2002
0.268936
-0.284617
-0.0630471
-6.72642
1.47321
1.03557
-3.65852
-0.784982
-0.937399
-1.32955
3.19842
-0.21191
-3.22095
10.1702
0.51934
-0.421593
-1.1494
-0.0232201
-0.57952
-1.05625
-0.296201
0.21214
0.127808
0.704195
-1.19773
1.5913
-3.29994
1.11925
0.0889786
-15.5777
-0.642053
2.997
2.28835
0.258617
-1.44859
-0.722167
0.491975
1.69252
0.550941
5.68687
1.88134
0.501424
-0.276652
0.378132
0.183842
0.0143025
5.00464
-0.18938
-0.457856
0.487014
6.89574
-0.200953
1.52051
0.333535
-1.11957
-0.514613
0.305083
-2.59984
-6.11203
-1.75497
-1.29628
-0.206271
-1.09827
-0.350011
0.358156
1.38549
0.0670481
-0.0446378
-5.19029
-6.03096
-1.74982
0.12384
-3.57612
0.185887
-0.025139
-0.117021
5.98523
-0.705876
0.831361
0.392909
-10.7877
-0.421123
0.42469
7.39383
0.0933875
1.62656
0.67327
4.86237
-6.67548
-0.035165
-0.384826
-1.89677
-3.00743
-0.158557
1.14545
-0.525945
-9.2815
9.80162
-6.07422
0.681385
-1.54895
-0.549633
0.865049
-0.530796
-0.263776
-2.75214
-0.34799
0.493687
-1.75754
-8.52526
0.278504
0.453904
0.386978
2.44893
15.0554
-0.0938072
-0.597174
-19.2536
-0.442225
1.4602
4.23851
-0.0707258
2.77503
10.7531
-0.364881
-20.0963
0.00156182
2.96492
1.48969
128.679
-1.15665
0.167957
0.785973
-1.26941
0.513365
-2.61809
1.4917
-0.87177
-1.10779
0.868046
5.15867
14.1852
0.344624
-0.280038
0.0581467
-0.817394
1.79503
-0.517546
-0.320336
-0.793382
1.62857
-0.454156
0.150986
0.467652
-1.45596
-0.682793
0.923621
-0.676921
30.8947
11.653
0.568558
1.70611
-0.801357
0.363248
1.65821
0.0616543
0.011165
-10.2697
-5.93149
-0.548656
1.11853
-15.2124
-4.26261
-0.218087
7.36779
-9.98456
0.219605
-1.43657
0.32496
-0.0939221
0.292582
34.0916
0.597077
-5.83618
1.78727
-0.225688
3.9959
0.746403
-0.276035
2.17313
-0.228068
-0.674323
-0.411936
0.722931
0.523055
-0.145901
-0.668002
-0.795908
-0.77756
2.67458
1.19527
1.36351
-1.00985
2.48695
0.757807
0.063346
-0.21595
-4.84252
2.69919
-0.0367584
-1.87864
0.255897
2.04791
-0.00708813
3.7186
5.39454
0.211827
0.0884354
-1.68346
0.218385
1.99077
-2.9833
-0.0175592
-0.556379
0.118294
-0.758157
0.306418
0.388887
-2.64776
-1.94865
2.06758
3.20061
10.3628
1.2753
4.2233
3.28428
-0.268728
-2.18363
3.22892
4.46306
0.691526
0.239627
1.64748
-0.332948
-1.37501
4.09181
1.66511
-1.27544
1.65125
0.346929
1.39548
-5.15811
-2.02489
-0.205676
-205.966
-0.270707
12.1674
-2.37381
1.36684
0.242126
-0.335735
-0.40862
19.573
1.22063
-1.75648
3.62894
-2.62833
-177.624
0.65891
0.383054
2.75886
-1.36518
-0.00729785
-0.205777
0.941445
0.502078
1.47356
3.86879
0.35624
-1.18273
0.394527
-0.0933703
-0.381631
-0.171484
-0.521539
1.18846
206.47
0.282313
2.61625
-1.7756
20.3143
63.5136
-1.24073
-1.9689
-1.65221
2.53811
-7.46567
0.532518
-1.03631
-98.7914
-0.0809301
1.26588
-0.8073
0.965562
-0.727335
-0.211809
-3.55989
-2.81101
-0.846623
-2.36012
-3.37616
0.189679
0.824732
-1.77591
1.4858
0.61827
-0.831649
-0.380753
-0.210564
-14.1124
-1.45853
-1.00074
0.334757
0.130396
-4.60544
0.291072
-0.109993
0.587233
-0.857324
0.376054
1.92261
0.202019
-0.906387
1.07581
1.48278
1.1665
-1.01553
-6.73434
-1.48624
22.5781
0.178307
-0.440135
0.945838
0.104838
0.570295
0.497586
0.94508
1.8887
0.0505748
-0.970939
0.88613
-0.232651
1.39078
3.18648
-4.41874
15.0661
-0.644167
0.30224
-0.518525
-1.83116
-2.37965
-2.31223
0.469109
-0.961082
-11.5677
0.516066
0.650494
0.0798975
-0.18438
0.244238
4.82305
-0.756124
-0.163773
1.6268
-0.170648
-3.32327
61.6974
-1.54276
-0.242511
-0.972541
-2.311
-0.754772
3.72787
1.11044
0.0337979
-1.02146
90.349
23.6753
0.0918508
3.15117
-0.186798
0.596682
0.147072
0.732436
6.00493
0.159606
-1.83647
2.32419
-0.571197
-1.24191
0.570071
-22.7876
0.282007
2.56305
8.32879
-0.0234228
-9.26137
-0.0841022
-0.156092
-0.901813
0.955111
1.41594
0.396611
-0.900546
-2.9448
-0.140114
1.32341
0.0930786
-1.22375
9.81669
-0.0586472
1.12191
-4.91054
-0.555887
0.262974
0.890055
-1.193
-0.0465721
-0.491706
-2.7554
0.791195
2.73392
0.424262
-1.08557
9.71057
13.2741
14.9657
0.199704
0.358027
-6.79236
0.393229
-1.81621
-0.0894899
2.19861
-1.73011
0.428245
2.71594
0.791665
-0.223939
7.55609
-0.742737
0.472476
5.76138
-0.37214
0.19582
1.38843
0.754183
-2.07021
0.833216
-2.44429
0.275048
-9.21942
-0.359966
2.48691
-7.93652
-1.02063
-0.452765
0.508205
-6.32562
-1.10994
-0.281479
4.87572
-0.0421169
-0.479472
-7.72359
-2.07722
1.38744
2.99222
0.540552
0.273489
-0.2084
-0.58342
0.0759555
-0.0155076
-2.61542
-0.673798
-6.79979
1.4627
1.87408
6.43817
-2.48479
-31.5901
0.839052
0.111164
-1.31647
-2.77628
-0.134219
-4.26504
0.968175
0.298918
0.71222
65.0336
0.285684
-0.588566
-2.44159
1.94054
-1.47019
0.583676
-3.28232
1.47265
-0.0171515
0.563072
-0.219767
0.158254
4.1488
1.5029
0.476699
28.6399
2.82331
-1.61235
0.223839
0.815477
3.24452
-0.730031
-0.112657
-3.33744
-2.01246
0.811579
4.6654
2.68397
-0.523006
-1.89227
-2.60778
0.190845
0.792695
-0.245313
2.04156
-2.47094
-1.16981
-4.91224
0.434735
-0.290872
1.81008
-1.18889
2.29129
-0.423575
-0.627047
-2.87779
1.05845
-2.35416
-0.200945
0.662136
0.656539
-1.28132
0.945122
0.170807
0.524473
-3.82026
0.270158
5.14141
-0.543269
-1.14565
-0.0999426
-1.32788
-0.655446
-5.00033
104.713
1.70069
1.28546
3.21327
1.5605
-0.454737
0.176618
0.22412
0.332359
1.67175
1.23032
10.1422
-3.49427
0.960129
-0.170984
-0.156932
0.656998
-0.97211
0.308376
-0.0204516
-3.36062
0.314745
-0.610388
1.58339
-3.78908
-1.02077
-0.0237939
1.34349
-0.644175
0.586752
0.523256
-0.815893
0.121976
-3.46081
-2.91748
0.382643
-0.0433252
0.894662
1.56953
7.90651
-1.14516
1.75128
3.79824
-0.323244
-13.2771
-0.956803
0.811831
-1.39887
3.45859
-1.17828
1.66044
0.425675
3.02471
-0.0439013
-0.329118
-0.48557
-3.28554
0.631957
-2.77355
-3.46431
1.13067
-2.14058
-0.623929
-2.37971
0.0366773
0.433849
0.65719
-0.110883
-1.98679
0.00290559
0.881842
-1.16518
-0.137129
-2.85557
0.694452
-27.3414
0.26742
-0.860856
-0.865166
-3.89287
6.43922
0.0924883
0.485284
0.191767
-1.9236
5.83419
0.198022
0.135483
0.996478
-0.390274
-3.36719
4.15708
0.987261
0.224142
0.535358
-1.74199
-0.620227
0.104871
0.64479
-0.511292
5.21719
-1.04711
6.41043
34.1853
27.9383
-0.869725
-0.24592
-4.00309
-1.38481
-0.149741
0.14386
-1.87332
-0.45187
-1.53223
-0.288057
0.4477
1.34403
-2.90823
5.45048
1.383
-0.236704
-1.04643
0.1871
-0.473565
0.701946
0.0934716
9.19165
2.32566
-1.96742
0.159097
4.11811
0.210176
-0.566281
3.26462
-1.69586
0.526034
-0.106286
0.702196
0.248098
-0.039883
6.42171
2.03922
-0.524872
0.486871
0.334464
-0.394542
-2.92752
-1.56132
0.860586
5.44857
0.0878753
-1.14658
-0.358971
10.8819
1.76552
-0.581051
-0.403124
1.56367
-1.3658
-0.666919
20.3983
-7.45463
2.40457
-0.439909
2.9152
0.819916
0.793758
19.3366
0.63874
1.1174
-0.618962
-0.157411
0.0681022
0.662344
78.6621
-4.85756
4.77795
-0.00321011
-2.32734
-0.337234
-1.24654
-1.94224
-1.01362
-1.61687
0.272337
-0.94362
-0.612069
-2.18553
0.147116
-0.218568
1.61342
0.389517
-0.140608
-1.06205
2.79762
0.364026
0.206381
-2.44231
-0.671252
-0.110776
-0.152084
0.827193
0.0612166
5.18222
15.893
-28.3149
1.6363
0.373075
1.74214
-0.350268
-2.7129
-0.946634
-1.6497
-0.182953
-0.142648
-0.948773
0.0436627
-1.3197
-0.382523
25.9994
-0.0857703
-0.887634
1.206
-0.676703
0.166829
0.658747
-0.849817
0.365779
-0.993239
-0.112775
23.3924
66.1819
1.83532
0.304004
-0.364565
-0.990022
-0.942794
-5.18113
0.79382
0.358385
0.182096
2.70875
-0.772223
0.789968
-0.383819
0.465333
-0.804048
0.548097
-43.1613
-0.492252
-0.324936
0.265152
-1.99006
-0.537449
-3.75611
-0.077915
-1.55511
-2.30031
-6.33256
-0.290225
-1.72163
0.858918
0.739163
0.546915
-6.02833
-2.23136
-0.358438
-5.13941
-0.663949
2.07699
-0.292326
0.496161
0.854787
4.4559
0.438962
1.83849
-2.464
-0.331723
-1.08069
0.470217
0.578765
0.363586
0.634125
0.141746
0.524437
2.08078
1.30651
-1.86643
-1.26928
0.759628
0.172812
-0.348641
4.25854
2.07591
-2.45251
-0.485851
-5.29949
1.00792
0.282871
-4.2477
0.985056
0.138922
-0.396803
1.7373
0.377256
0.444836
0.388535
-0.583862
1.94304
-0.777378
0.176671
0.222594
-2.07705
0.728989
-0.390872
-19.9138
-1.04949
-0.034592
0.456568
0.978822
1.23303
-0.152769
16.1325
-6.25252
-6.58892
0.777663
1.36472
0.911572
-1.11871
-0.202399
-1.00223
-14.6444
-1.90803
-3.06755
0.523105
0.282751
-2.30572
0.914398
-1.4578
1.15855
-0.497069
8.83209
1.02625
0.678095
-3.99791
1.48982
0.0441973
-1.50032
0.587873
-0.119308
-0.281156
1.35731
-1.09336
0.0733374
-4.11085
-0.34305
0.468332
0.67769
-0.200272
-0.681383
5.5891
0.432695
3.49352
-3.1984
0.292531
0.43365
-0.212628
0.889382
-1.10267
0.329109
-1.15041
-0.14593
-19.6568
-1.28423
3.37846
11.4106
-2.49699
5.19672
-1.2947
-0.270258
-1.05203
-1.93519
-0.0321953
0.832032
-11.5043
-0.637959
-0.931236
0.67078
-0.159203
-1.39394
1.40922
-1.36953
0.11307
-0.757018
-2.01849
-1.58538
-0.268216
0.662275
-2.38758
0.381167
4.91746
-0.616713
0.08102
0.440721
0.388183
-1.65527
14.5768
-0.680223
-0.201735
-113.837
-4.20562
-2.39119
0.542165
-13.9547
0.112203
0.761879
-1.26886
1.25258
-0.741095
3.71965
0.401988
1.99439
0.264815
0.196791
0.690174
-0.453473
-0.122014
1.01872
7.59603
6.07852
-11.7945
0.252906
-1.05656
1.8573
-0.974681
0.377248
1.69946
0.12835
-0.663176
-16.267
-2.21747
-0.847893
-0.704485
-3.74182
0.475277
1.20051
27.071
-3.91154
-0.802888
0.455961
-0.146597
-1.47323
-0.356606
0.801726
12.0706
-1.40455
2.82756
-0.273136
-0.911585
0.137652
-1994.92
-18.4522
0.737839
-0.853217
-6.45903
-19.2067
-1.71747
2.16448
1.17968
-2.88899
-1.21249
-0.14095
0.699704
-0.29724
-2.60188
-0.0123569
2.39084
-0.0540983
1.76699
-0.191119
-0.340074
-0.350283
-1.25721
-0.0299776
0.888907
-0.554369
0.389747
-0.558804
1.90407
-7.55095
-0.902704
0.440802
1.72718
-0.733786
-1.36908
24.0987
-0.454695
0.0159845
-0.148711
40.7816
-2.82663
-2.5121
-22.3394
0.0171394
-0.720866
-0.0138709
-2.48793
1.55151
-3.97938
-118.793
5.2459
1.29698
-2.29325
1.12292
-0.640547
1.1596
0.325311
-3.04248
-0.543278
-2.40015
0.709291
-0.392557
0.26821
0.488444
0.308858
-2.00708
0.0420192
-16.6527
-0.152059
-1.81639
0.701765
0.686935
9.77489
2.205
-1.14517
0.582459
0.229541
-10.7209
-0.57843
0.127433
-0.00297853
-1.36068
10.3381
-0.120781
0.534138
-3.00654
3.36029
0.658346
0.0129306
0.252484
2.63932
5.30039
-0.795063
-0.837079
-3.73262
2.75587
0.698188
-0.58941
-2.01672
-1.03522
-4.52506
45.2814
-1.16118
-0.199279
1.22967
0.356291
-0.660733
-46.3742
1.08241
0.0292373
0.467877
-0.00701322
0.846048
3.70871
-4.19162
-0.147089
3.18358
-1.32667
0.570769
-0.941988
0.45114
-0.730168
-0.336282
-0.659303
-0.643106
6.61441
-0.493844
0.904485
0.458071
8.3861
39.9369
5.02202
0.40619
-3.15045
-1.57846
4.8581
1.94861
-0.156266
-0.392353
0.901135
0.47548
19.8007
0.838601
0.00897583
-2.33036
-1.15183
0.0636271
-6.25312
-0.26835
-7.46317
-2.57026
1.01037
5.02593
-0.16368
1.20165
-3.65193
-0.184375
-2.63267
0.453576
0.71343
0.396415
2.88551
0.263469
-0.058019
-0.398805
-0.800265
-2.03779
-5.74009
0.559208
0.178562
-0.901796
-1.27982
-1.91334
-2.64958
2.04423
3.5721
-0.711434
-1.04889
-0.0977557
-0.00976828
32.9791
0.921067
1.90469
-5.71499
0.767804
0.740146
-0.21548
-12.2026
0.459942
0.928678
0.164813
-0.495922
-12.4923
-2.00261
-0.680535
1.02292
-0.256415
0.381125
1.30103
0.144762
-0.801084
-0.944008
0.237318
197.547
0.055761
-1.88143
2.65964
-1.34398
-1.44801
-1.07008
-0.0450296
3.79508
0.926318
2.19605
-0.0773232
18.4265
-0.553413
-0.619843
0.149116
0.244288
-4.23502
0.821456
0.0701099
-1.336
100.518
-4.38965
-3.76404
0.0369277
-0.700186
-0.734455
0.752171
0.449565
-0.611346
-0.10915
0.675568
0.635607
6.0035
12.3381
2.69911
26.1719
1.79908
4.75347
-0.453529
2.20682
-1.10475
7.38209
0.246802
1.87379
-1.40695
0.247827
30.8916
0.580383
0.393369
4.17711
4.6377
4.15582
1.62916
-0.264916
-1.89341
-1.27536
0.8451
-7.10791
-2.98958
4.36505
0.734921
-0.00515603
-2.48598
0.405454
-0.773828
-4.29559
3.26183
-43.3806
-2.12339
-1.39456
-0.223316
3.93456
1.11489
1.33161
-2.04617
-1.71843
-1.21801
0.216626
-0.893366
-0.937409
3.85591
-1.99558
-0.68617
0.196364
-1.69225
-1.41414
0.861373
13.4446
-2.36199
0.153995
2.68576
0.293888
2.11153
-22.6732
0.803704
-1.18794
-8.07115
-3.43107
-2.37371
-1.16534
0.568412
0.199337
1.99775
-0.721747
-8.52805
6.56262
-0.672714
1.85976
-2.16873
-0.883861
-0.485688
8.6616
0.233344
0.241002
-1.62929
0.221969
1.92108
1.2291
-0.729748
12.4381
-0.940606
0.335983
1.30536
0.299135
2.45663
-4.30003
-1.16363
0.0600232
-3.98032
-4.48399
1.21723
1.00555
0.633742
1.02235
-2.49958
-2.27952
-0.822314
-2.52207
-0.544193
0.101085
3.16749
0.708055
-1.08515
7.31732
-1.02608
-0.283605
-14.7635
0.207296
4.24472
2.07051
0.895385
0.471843
-1.29679
0.276998
-0.29685
0.074043
-1.47057
0.308087
