0.396965
-3.948
1.11088
-0.703614
0.00749891
1.10151
-530.238
2.2284
-1.57482
-0.502645
29.2037
0.368497
-0.0353429
1.75896
-0.739327
-0.153544
0.737634
0.610041
0.262171
-0.254185
0.203178
9.97013
-1.07922
-0.241227
1.53172
-0.316877
-0.557268
1.5334
-2.29865
-1.05954
0.408804
-4.71889
-0.543531
0.369279
0.443338
0.691481
-0.294928
-1.363
-1.14516
-0.933682
-3.5964
0.717273
-11.862
-0.727857
0.529763
1.80323
-2.03685
0.62137
-0.66592
1.73774
-2.31972
0.278044
-0.472959
-1.27716
8.63921
-4.22929
0.493152
-0.586317
0.907723
-0.784668
-8.16992
-2.32061
2.14504
3.75422
-1.5483
0.117019
-0.562738
-2.42384
0.614864
-8.94211
19.046
0.840699
0.223443
-3.74678
0.00991637
0.711884
-1.0041
0.817384
-0.300501
-2.08097
0.416059
0.36647
-0.647667
-2.40084
3.29833
-0.213797
-0.249812
0.622662
0.43922
-4.0166
-6.652
-1.56252
-2.76004
0.274482
6.64531
0.464922
1.60341
-0.169735
-0.911178
0.458451
-0.0420677
0.0671279
-0.52111
0.331534
2.51075
-60.7038
-2.1133
4.63001
-6.4165
0.303799
1.31859
-0.0116744
5.46056
-0.125605
-0.324298
-2.22013
-2.85061
0.425306
-0.398682
-4.90395
1.16617
-0.706118
2.05662
-1.12799
-0.137565
0.183788
-4.05549
-0.975397
20.9454
-11.0475
-1.34364
0.730693
1.27953
0.0543532
-0.289643
-0.254602
135.609
-0.680684
-0.182062
0.722656
0.204411
1.1445
-0.354681
-1.12343
-0.0302011
0.268919
0.626914
1.27398
0.0630658
1.74963
0.527057
2.13847
0.826071
-0.071304
-2.39726
-5.10292
-1.994
-1.02887
2.93695
-1.40426
0.154289
-0.469544
-0.192184
-1.09046
-0.807103
1.95596
3.30923
1.61678
0.0087786
1.93611
-0.169474
-0.602824
6.59336
0.6184
0.859643
-0.0372942
0.427034
0.0956878
-0.324333
0.965782
-0.783263
-1.13576
1.96737
47.4121
-0.326174
-1.4673
1.84606
-0.205375
-0.333043
-0.0653295
-1.40251
-2.57029
-2.27039
0.654784
-1.76305
0.0332091
-1.84897
20.8251
-4.42694
0.450942
-0.560599
0.74605
1.03946
-0.934126
-0.649443
-0.620527
0.0253858
-0.174635
1.01207
-0.435515
0.91218
27.9228
1.14736
0.0723592
-3.48686
-0.465164
2.90231
0.251478
-1.27713
-2.20604
-1.20438
0.252467
1.22252
-1.44159
-2.94053
2.57649
0.331564
2.08433
-6.27299
-2.2397
11.2631
0.506824
-0.680261
2.89316
0.679795
0.424268
-1.8444
-6.11687
-1.285
-3.27413
-3.77193
-0.0969959
-3.46819
-0.417329
15.1645
0.891093
0.200909
3.61107
9.91288
1.26609
-2.50219
-0.0703801
-0.0269806
-0.90342
0.153489
5.09055
-0.392715
0.941913
-0.305882
-1.31215
0.680708
-1.71856
1.07941
-1.62164
-0.434411
-2.14427
1.15249
-0.311665
0.318703
1.32429
0.757398
0.268399
1.18819
-0.380101
-2.51345
0.3138
1.16258
-4.76366
-1.45874
0.548787
-0.726407
-2.61627
124.544
0.0964829
-22.3977
0.037739
0.369009
0.87741
0.00510645
-1.73722
2.98886
0.436975
0.560666
1.11003
16.7917
0.539079
0.17899
-0.665501
2.79055
1.27463
0.175599
0.57739
-0.658144
19.6564
-0.599896
1.58657
0.763591
-2.42422
-1.60009
0.63743
-0.389527
0.0869435
-0.356617
-4.34181
-0.0472065
0.216692
1.52023
0.314418
-0.0561108
-0.369441
0.695851
-0.397153
0.204199
-0.438167
4.13226
0.0147408
-3.10246
-2.57327
20.6916
0.341992
-1.02999
10.7966
-0.13971
0.252227
-0.589306
9.42664
0.592882
3.15718
-0.921648
-24.4734
-0.508415
0.81224
1.07709
0.721163
0.373955
0.0815826
0.380851
-0.141697
-0.293779
0.283275
-0.483839
-9.18198
2.65764
-1.45752
1.00134
-11.0931
1.46722
-0.036351
0.0381928
-1.02419
-2.95124
-4.79798
-1.13164
-0.878832
-0.397186
-2.72402
1.67631
1.47274
-0.739377
-4.88064
4.0973
-0.619514
-0.0931046
-13.9636
-0.389564
-0.103975
1.08189
0.0408459
-0.600367
-0.455586
-1.35326
0.355491
-0.0536007
1.63404
0.706721
-0.42785
-1.00823
1.817
1.59877
396.944
-0.491322
-0.265974
-1.45218
-0.0500925
-0.779234
0.323402
-0.472648
-0.716714
-0.503513
1.14234
0.924861
0.0444736
2.95968
-1.13052
0.846849
-10.5417
3.86156
0.460495
-0.461261
27.6126
0.745591
-1.43109
0.320842
0.174154
0.315333
2.02573
-0.963358
12.9981
-1.86724
0.950951
-4.20415
0.487306
0.534898
3.77012
-0.814618
1.10729
1.1932
-0.790729
8.45633
0.303996
151.935
191.011
0.258481
0.858468
-1.24494
0.898897
0.746859
0.439721
3.77774
11.7905
1.20054
-1.64768
0.442941
-0.424309
0.810191
-3.23693
-1.63047
-0.547701
-1.17969
-0.615082
0.600432
-2.37952
-0.891463
2.53469
2.24495
-1.32533
1.25508
8.88095
-4.18931
-0.842235
1.82123
-0.677547
0.516776
2.9748
-7.64608
1.40508
4.27804
0.610442
0.987089
0.124431
-0.711579
9.31056
-0.552758
-0.0286817
3.63596
-0.463624
-0.973266
0.71089
-2.03461
-0.104281
1.86889
-0.00201256
-2.02522
-1.15309
0.101788
-0.422727
1.2412
2.76893
3.60233
0.457862
-0.782466
0.237671
0.68575
-1.44028
0.23946
-0.0229108
3.58378
-8.79438
-1.04464
26.1037
-0.0856774
-15.0259
-1.99652
0.443689
-1.53288
3.29728
-0.788744
-0.773442
4.53366
0.917814
1.33876
0.805803
-0.0471507
-0.202077
-2.40228
2.55613
-0.767166
0.0123635
-0.0971067
-1.10775
0.166654
-2.5731
8.80595
0.956936
0.59442
1.03044
0.865327
-38.3815
0.434258
0.212719
0.729965
-8.2797
-0.590541
-0.471529
16.0098
-1.38451
4.19028
-0.164174
-0.315764
-0.338519
-0.111333
6.84943
-1.29043
0.299732
2.82754
2.19447
21.595
-1.88668
-0.00219948
-0.591601
2.4781
-1.88191
-0.768611
-2.51071
-1.86329
3.5371
5.60374
0.743908
0.18197
0.707429
-0.0433478
1.42573
0.724867
1.81344
1.84578
-0.287687
-0.233918
-0.277854
0.489141
-10.2016
-1.55932
-3.93085
19.5633
-4.80455
0.937235
0.0346552
2.95574
30.317
1.07858
0.80955
3.73166
-0.344794
0.0178206
0.270213
-2.75558
-0.20502
91.8452
-0.884065
-6.82532
-1.86371
0.611173
-2.74006
3.43908
0.12045
39.7022
0.850308
0.734498
-0.106656
-1.93261
-0.402936
-1.82516
1.42066
-0.363027
-33.6245
1.57098
-0.630945
-0.00535525
-5.93874
0.876924
0.0970319
27.284
-5.2722
0.344044
-0.216552
0.635227
4.31648
0.513215
1.36906
-0.516989
4.32394
0.742486
-1.36974
0.213037
-5.78263
3.24454
0.405941
-0.342842
4.88063
-1.29426
0.301601
0.435609
0.946484
14.9183
-0.561273
1.80485
-0.352413
0.443904
0.869017
1.15868
1.36017
-130.427
2.18984
0.0220545
-0.841476
0.357548
-3.23723
0.269505
28.3916
2.95224
-1.86955
-0.890176
3.1441
0.861121
-0.858909
-0.0197119
-1.32331
46.4953
-1.70774
-3.68446
1.38903
-1.17044
-0.503185
-1.47402
9.21602
-6.46541
-1.68179
-0.609523
1.44238
-0.425948
-1.11514
0.501061
-1.76138
652.116
-0.416688
-0.66019
1.33704
-0.198493
2.17016
-0.337853
0.535096
9.21616
-3.08975
-2.86906
-1.18579
-30.3821
-0.181685
2.52669
7.27434
1.25873
-0.165128
-1.09109
-0.481778
4.18076
-0.376356
0.0794955
0.454924
-1.51864
1.31318
-0.218853
-0.381709
-0.133296
0.537489
1.88028
0.656144
-2.03586
0.795268
0.220922
-4.32521
-3.06079
0.355819
-15.0681
3.40691
0.334987
-0.817832
-0.493612
-0.682145
-0.149285
-3.57704
-0.50826
-3.42242
1.65319
-5.90179
-0.705573
0.786274
0.842571
1.28588
1.05619
0.453295
-2.26845
1.05541
-0.712845
-0.259532
14.1242
1.88692
1.33082
3.66413
2.96926
-4.6909
-0.591333
2.53425
-0.419598
-0.723435
2.81324
-1.90604
-0.786234
0.103538
-1.31331
-11.3014
0.416767
-0.508932
-43.4721
0.983826
0.0265112
0.161839
-0.508673
0.0806749
-51.2592
0.3391
1.46858
-0.574056
0.661882
2.39238
0.4023
5.16638
-1.61494
-0.747646
17.4528
-0.281814
-0.806381
-1.88495
1.16652
0.974132
-0.255929
-0.524836
-2.20718
-0.0636181
0.124848
-1.14445
1.89781
-5.75284
-3.69266
1.64248
-1.6661
-0.435051
-0.188246
0.704065
0.415701
13.0134
-14.3775
0.228799
0.590521
0.470802
-0.509196
0.838831
-0.852047
13.5462
0.0793422
0.685458
-0.170722
0.767512
0.640954
-0.141768
-0.354448
1.76456
0.361333
1.44058
-2.25087
92.0039
-1.07443
0.206775
-4.93737
-16.8551
-1.30792
-1.59476
0.642339
1.0091
-3.4836
-0.741393
-0.0550338
0.00206878
-2.45937
-0.374988
-0.52685
-2.54259
-0.733117
0.192718
1.8389
-0.390267
0.207614
-0.868276
-1.54584
-0.824112
-0.11341
-0.542552
0.882776
0.739281
0.178908
1.37723
-3.33238
1.57919
-0.10426
-6.5985
1.35097
0.254268
1.84403
1.38606
0.200969
-0.380389
2.5516
0.143567
-0.702018
-0.587908
-13.3259
1.65297
-0.755944
2.34263
-2.59738
0.518504
-0.649411
-0.397676
1.8605
-14.442
-0.882743
0.809501
0.410216
0.119441
0.409839
1.501
-3.73047
0.603209
1.71938
-0.100954
0.899247
-0.888053
1.06833
-1.73472
1.3502
-1.18959
0.642908
0.700149
-0.366131
0.0761586
-0.913359
0.604237
-5.91882
0.367932
-0.888665
0.239603
-10.6244
0.0849255
3.26827
3.95119
1.12529
1.84479
0.472412
2.22897
0.290889
-1.09991
57.8197
-1.43369
5.89435
-2.76514
-0.159919
0.598914
-8.26163
5.09984
-2.01305
0.932989
-0.625537
-4.20151
10.9897
0.320493
0.910126
0.240199
-8.73984
-0.181336
-1.90924
-0.164113
0.347097
-1.3968
1.62269
-2.16447
-2.27222
4.23705
-3.12573
0.54235
-1.97574
1.02156
-0.764636
1.13225
97.4617
2.7576
-1.07598
1.58717
1.50089
1.24594
1.29411
-8.20484
-0.153021
-0.286736
-1.70585
-0.160041
0.0823785
2.48632
15.5034
-0.135851
3.28193
0.366526
-0.0149646
-2.52853
9.42083
0.190433
0.696532
-0.467257
-0.179508
-6.79351
1.86004
-0.209146
-0.770151
-1.08981
0.00822348
-0.494857
0.446742
-0.288807
-0.384762
0.356913
-7.02614
-2.73096
-6.25086
1.82708
-1.28967
0.0704756
3.78348
1.08359
0.573998
4.8463
-3.27755
24.5937
-0.740722
-1.33245
0.725308
-0.178116
-1.38295
-1.13361
0.0446145
-1.11236
1.42019
11.0634
0.180557
-0.627569
2.66012
2.23425
1.06282
2.29322
-0.624276
-1.7354
27.1261
-3.06086
-1.8596
0.605255
2.69579
-0.517086
-23.4371
4.70081
-0.136335
0.872032
0.353773
-1.05371
0.0975806
13.0789
-0.748119
0.66142
-7.89164
0.171347
-0.0368956
0.375619
-2.41402
-1.14637
2.08017
1.08895
-1.00078
-2.06989
-0.492732
-1.94672
0.491256
0.414488
2.02205
17.6823
0.153277
-3.23821
0.380365
-0.58599
-2.39647
-2.03612
0.999997
-0.832435
-0.641048
-0.449953
-1.67877
0.185025
6.22457
-0.0269077
2.40469
-0.875441
-43.8266
0.689869
3.52217
0.384186
-0.0873683
-0.00389632
-2.45511
0.762454
-3.03503
91.0992
-2.84903
2.58068
-58.8523
-0.501638
2.00616
-14.2018
0.686091
-0.200236
4.43143
-33.8141
0.493913
1.05924
0.0163635
0.385081
0.61794
2.20287
-1.23234
-0.961078
0.667932
2.33443
-3.68243
-1.31401
0.830296
10.0335
0.414369
-0.108527
-1.91575
0.604283
2.51077
-0.631873
4.711
-0.20143
-2.32267
-0.276316
-7.92928
3.404
-2.18112
6.09664
0.537309
0.548732
-1.81276
1.44973
-4.16011
-2.08256
0.753632
8.40861
0.116397
4.29648
0.26453
-1.55955
0.745789
-0.0460396
13.4735
-1.58602
0.176402
-1.62544
-0.188028
-2.70204
-0.229165
0.551841
0.0740153
2.04151
0.151571
-1.18951
-1.34605
-0.101123
-1.62656
0.559714
-0.597922
2.76445
-1.72609
0.114454
-0.504931
-3.48717
0.188182
0.138202
3.76825
4.28413
-0.163508
0.514891
-0.362449
-0.348848
-0.296611
1.44261
3.73365
1.161
3.78764
-22.6197
0.392587
0.876081
26.5932
-0.325384
-0.440031
-0.00816393
0.647518
125.544
-0.793436
-15.1949
-0.399753
2.43546
0.0352879
-5.45121
0.155361
0.405733
-0.169693
33.4084
6.47051
-0.0415186
2.0667
0.221908
8.44854
-0.221367
2.22236
1.78045
11.3624
0.938469
-1.21889
0.741119
-4.2032
0.0420959
-0.114704
-0.242611
1.19715
-0.463644
2.04946
0.0482797
-0.25632
-7.58701
1.66574
0.272475
-0.125754
-63.8872
1.09981
-0.2301
-0.191503
0.474203
1.19325
-0.657511
-12.6667
-14.1499
-4.83275
-0.0177521
-0.919719
1.44181
0.651595
-1.3548
0.945158
15.0977
0.129484
-10.3326
1.05309
0.716503
-0.0850372
-1.78629
0.000466992
-0.712935
-2.43129
-0.0937192
-1.34604
1.15752
-1.50229
1.46198
-0.231432
-0.772806
-2.33411
1.58091
-3.62904
1.64025
0.412567
-1.53061
0.101173
-5.71922
2.27082
2.26857
-0.650465
0.36937
1.24544
-0.248852
-4.86455
-0.491802
0.29106
0.45443
-0.181866
-0.422048
-0.70119
-1.39315
-0.323584
0.250654
-179.041
-0.849258
-4.45419
0.256545
2.8605
-0.824213
-1.19433
-0.845608
-2.57532
0.69173
-0.229083
-1.63217
-2.08376
0.304214
-0.157769
3.26379
-6.83779
3.27618
0.150955
-0.558083
0.168304
-2.86996
-5.27622
0.472908
1.97011
-2.13391
1.32457
-4.86268
6.79159
-1.06217
-0.338952
-0.385727
0.191127
0.050494
1.18483
-2.66572
0.713064
1.69545
-0.551921
28.1662
-1.35169
-0.0812904
0.162113
4.32964
-0.0187923
0.774396
-0.665467
-4.67118
-3.07102
0.263357
0.766837
-0.488713
-1.18135
2.16343
0.116167
3.22565
0.0954946
0.34887
-0.491673
1.73479
-1.39811
-0.414368
2.77223
-2.36072
1.5628
0.144418
-0.496482
2.81581
0.714505
0.0210763
3.07122
0.230147
0.236138
-1.49526
0.150423
-1.86244
-16.2596
-1.67599
-6.01303
-2.86191
-1.44902
-1.51914
0.0494287
-0.899164
0.0952157
-1.46196
-0.562117
-74.8938
-2.01961
1.55091
-4.11616
11.4432
-0.454768
6.12395
-2.51776
-0.482675
1.14278
1.38061
2.56817
-0.262111
-3.95543
-0.67425
-6.51623
-1.0831
-1.46662
0.766393
-7.9166
-8.00908
-145.705
-7.59244
0.00671056
-1.51021
0.785301
-0.353665
0.650994
0.599464
-0.6175
-0.263059
0.521966
1.81434
2.44857
-0.165567
-1.72986
-0.0839037
-0.0547127
5.89018
-0.184214
0.274641
1.25039
0.00696145
-1.21721
-2.81996
-0.421044
1.79697
-7.116
-0.959893
0.00491572
-0.666125
-0.322796
4.34662
2.86407
-0.355432
-425.414
28.2073
0.295851
-0.0990444
-0.384986
-0.247029
72.7625
1.39784
0.0405654
1.3779
-0.427515
0.811246
-0.524472
-0.687702
0.17208
2.11866
-0.794305
-0.00952524
-0.869805
-2.44534
0.303825
-0.0213868
0.189476
0.735177
1.46977
-0.70344
2.0578
3.83929
-0.2375
-0.300747
-1.29203
-1.30092
1.01454
3.17558
-4680.09
-0.409046
0.917849
-0.138784
-0.738058
1.47256
2.08952
-0.549562
-1.32522
4.36274
-1.41247
-0.187359
0.586971
1.55683
5.64358
-6.55678
-0.6675
23.561
7.02118
1.14216
0.11578
-0.548408
-1.47796
-2.34608
-13.7426
-0.457023
-1.16614
1.25219
1.37837
0.197121
2.22318
-6.12266
0.454871
0.672474
-0.652409
-3.52237
-0.998096
-14.0057
0.565294
-5.82472
-0.881897
-1.78772
108.868
-0.783343
3.06637
2.22151
0.46989
0.116715
2.0646
-0.372679
-0.735712
0.849871
0.37591
-1.11673
-0.0833008
0.105309
0.878396
-0.066558
-0.446051
-1.38338
1.21419
0.307921
0.0970531
2.27436
0.532642
-0.722514
1.16983
-0.747503
-4.86731
0.647711
0.538087
-3.42719
-1.11557
10.1935
-4.41228
1.33759
-0.567233
-142.712
-1.97986
0.0272552
-2.69645
-0.0423445
-0.668241
0.107022
-1.1028
0.124118
-1.35817
1.80796
0.343146
-5.98592
1.6248
-1.62505
0.577327
-0.0710185
0.321927
-21.2084
0.114042
-0.120803
1.74457
-0.808587
-1.36962
-0.000691198
0.393228
-0.649952
0.175952
-0.0291884
0.660389
0.482707
-0.807034
-0.255242
0.261852
-0.396282
1.22443
-0.655301
3.46752
0.620665
-0.0588866
5.68475
1.9911
1.02544
-1.11666
-0.180254
-0.519942
1.47718
4.91712
-2.78066
0.628344
-0.534905
-0.454882
-0.86741
-1.77838
0.22038
0.181327
-2.03547
0.127964
-1.03019
5.46239
-16.4406
0.42771
-2.75276
-1.06964
1.73533
-0.428859
0.0215361
-2.1195
-2.25054
1.79763
-0.53748
0.808717
-0.590821
-1.50979
-0.13884
1.78607
1.63182
-0.477041
-0.152095
1.17083
-39.3864
-1.01417
3.54635
0.0896868
1.03222
-0.48956
0.0275
-0.730656
-1.34038
0.336708
-2.16525
0.797704
1.15651
-0.667785
0.265014
15.3118
0.447308
-0.420959
-0.601166
-6.12461
1.5688
-1.1124
1.06372
2.26533
-6.40846
-5.55622
0.942212
-223.276
-0.989981
0.00148373
-5.39175
3.38402
-2.58548
-1.81339
-0.693815
0.473969
2.35809
3.63285
0.677466
5.10939
-5.17144
0.0510975
-1.15126
-41.5722
-3.35374
-0.000270769
1.4449
1.1987
1.30661
0.231191
-2.2259
1.52281
0.294454
-5.58476
-0.363325
0.131516
2.00439
-1.46116
1.60573
577.843
-6.88726
-0.799174
20.7499
-2.14362
-0.141385
0.0648205
0.712831
-0.27419
-0.242119
0.0152564
-2.13241
-2.95631
-1.00308
0.0453369
-3.27395
-0.871186
-2.12295
-0.793954
1.02485
-1.33
-1.15164
-1.18226
0.534512
-2.67549
0.39451
-0.829767
5.69132
1.35063
1.22939
1.14885
-1.20744
2.04666
3.65397
2.35357
0.728199
0.169218
1.39235
-49.2332
-11.8493
-29.1821
2.50715
6.27534
16.3326
1.89058
-96.0691
-0.577726
0.687265
-9.10644
-0.789087
-0.346558
2.00824
0.814673
2.79849
-0.845183
-0.418486
-1.37088
1.42579
-0.61096
-0.858369
-0.00680264
-0.164784
-4.04389
-1.52723
-0.337183
-0.309519
-0.228152
-25.4754
-10.2302
0.655766
0.309214
3.51714
-1.19818
0.0525782
-4.02472
-0.265021
1.89568
-0.717017
-2.85606
0.0437477
-0.398969
76.2901
2.33684
-0.655745
10.0803
-213.929
-11.4124
-4.5842
-2.0749
-44.1884
-1.17525
-0.0627457
0.612292
2.75009
-0.00772439
-2.84658
-3.94069
4.82279
-0.770282
9.63957
-6.17681
0.462489
10.0042
0.763529
0.770689
6.9336
-5.5992
-0.764909
-3.23935
-0.789816
3.67856
1.13705
1.72158
2.5472
-0.539773
1.39403
1.26948
-36.167
0.587304
-2.51724
1.90614
-0.318453
2.04548
-1.12233
2.47566
1.90384
-0.659355
0.810519
-0.154091
1.70971
-0.529796
1.72293
0.931177
-0.389259
-1.97428
-0.935334
-2.36581
-0.288333
0.724806
-0.605314
2.98057
-0.0399685
-0.0332128
1.11902
0.18081
-0.294936
-56.9266
0.507664
0.226625
0.87957
-0.231815
0.389798
-0.913267
1.76568
-4.46437
-8.90263
1.52252
4.32801
3.24482
-5.7155
3.14126
-0.370273
0.484834
10.7326
-5.45055
0.0872958
-0.788772
4.10035
-549.416
-0.29694
1.19448
0.898368
8.41716
-0.773961
0.565605
-2.51762
9.87645
5.06829
-0.0403897
1.12307
1.94004
-1.60123
-0.829668
-3.10368
-0.244955
-0.499328
2.12112
0.319308
-4.59768
-0.834406
-7.63184
0.107576
0.257755
-0.206693
-0.38409
-9.82482
0.326991
13.1519
-1.45786
-0.99331
1.08166
1.12559
1.87337
1.61901
2.47935
-0.731963
-19.4102
-15.3497
-1.36667
0.136289
-0.712708
-1.42249
-2.12925
-1.77967
1.59229
3.6017
-2.31052
-9.40783
6.93403
-0.79535
-8.47085
-1.84043
-0.109305
-1.8027
-1.21094
1.84462
1.28605
-0.745513
-3.29195
23.2822
1.50429
0.0317317
-0.274061
-4.91673
1.93346
-0.661568
-1.17553
1.17239
1.33981
-8.90222
0.0131703
-0.27807
-6.96267
-0.514195
-0.479227
-0.383974
6.85252
-0.691146
0.90255
0.189308
-1.2684
2.34738
0.736839
-2.19395
2.10476
0.0392344
-1.57531
-9.0407
3.33878
0.130547
0.00466365
-2.53271
0.26345
1.0686
110.18
1.23146
-1.4274
0.441023
-0.620858
0.0143563
-0.093618
0.620015
-8.88191
-0.932408
0.255077
-1.93014
-0.180833
0.485719
0.538959
8.38821
-1.15162
0.0706771
3.80451
3.02816
0.0850772
0.611797
4.11904
0.459771
-0.480008
-0.486513
-1.99248
-2.36176
1.07299
0.258267
-0.0409912
1.45714
-0.440559
3.33537
11.8041
1.07952
0.371305
-0.451834
1.53315
-0.665128
0.108118
0.257751
-0.481049
-0.529007
0.0469697
-4.21411
-1.05296
9.14008
3.2505
1.73862
-1.8287
-0.319062
1.67472
-6.56768
0.892727
-5.59952
2.36028
-4.15771
-0.143409
-0.476643
-1.87045
-0.487879
0.689035
-0.0427511
0.231979
-1.50566
1.70744
0.22945
0.559919
-2.2649
-1.128
-0.348023
0.315696
-0.73532
-0.750114
-0.100245
-0.58758
0.321902
2.13657
-0.324126
1.73285
0.0973996
-76.2639
13.5144
0.436115
10.8496
2.66663
-0.523294
0.854879
-9.44487
4.09634
-1.09843
0.648391
-0.795573
0.750221
0.570113
-0.372742
-4.60226
0.697506
0.610487
5.13625
32.2693
0.341665
1.95939
-0.768033
0.409218
0.19484
-1.37021
0.606369
-1.22602
-0.337309
-2.07822
2.03872
1.06447
0.731387
-0.361006
-0.0364779
0.584456
0.580002
1.60506
-1.6128
1.02932
-0.167902
-0.859663
0.702846
-54.9208
3.75122
0.0906445
-6.6173
-0.708963
-5.32321
13.9998
-1.61767
0.347632
-0.371753
0.137294
-1.06656
3.49279
1.8065
0.909408
-1.38289
0.696804
-17.5951
-3.39481
2.43896
-1.01205
85.7931
-0.713791
2.41389
-1.03845
-0.532957
10.3757
0.370295
-2.1714
2.19779
1.22426
-0.182232
2.06586
-0.201012
44.6832
-2.36249
-0.196018
0.642325
-0.685233
-11.256
-0.403987
3.06906
-0.19933
0.335395
-0.709841
-2.12248
-1.05299
-4.58504
0.529919
-0.963199
-0.900926
1.3988
-0.075202
-0.450612
0.379365
1.00052
-0.00848543
-19.6138
1.70078
-1.51828
1.07826
-0.635609
0.201149
-0.475612
-0.291358
0.903231
1.0661
-0.877538
0.722618
2.09448
-1.42457
0.500228
22.215
-0.234921
-0.0475303
1.49421
1.17257
-3.10812
-0.292638
-15.4909
1.97177
-1.22624
-2.94909
3.1402
10.2494
-0.236556
1.52575
-0.661551
0.990688
-1.44422
0.131005
0.476462
-0.0118432
-1.10789
-0.249491
1.22877
-4.00502
0.736607
-0.166427
10.1267
-3.08348
0.647864
1.54436
-3.24209
-79.6518
-2.48108
-0.0374842
0.638869
-2.58551
0.257832
-2.26586
-0.999938
0.226583
-1.65161
1.08601
0.301844
0.352343
-0.197174
1.28768
1.35447
-1.02589
0.0539715
-4.88154
-0.685287
0.269474
3.64069
20.0128
3.30551
-0.983448
-3.9501
-3.84723
0.146335
0.534851
-0.810283
5.89969
1.67787
3.03566
6.09437
-1.08003
-1.92521
-0.611451
1.42879
-0.145283
0.0575135
-0.638488
0.51866
-2.58081
-0.180915
0.566659
1.07509
-0.51952
1.48451
0.977575
-0.525988
0.446655
-0.402143
-0.334429
-0.0343079
19.485
-21.586
-2.90199
-0.239082
0.126399
0.228846
0.467649
-0.694407
0.113788
-5.45615
-1.72952
-0.517095
-4.35688
0.550519
1.27679
0.189853
-3.18018
-4.52775
-4.51518
0.948696
-0.185034
0.0699215
-0.637989
4.07019
-0.0763261
0.0155666
0.104355
0.329807
6.97329
-0.240144
-1.32014
0.654252
2.76069
1.49549
0.271035
-0.521822
0.839883
0.119525
-0.310192
-0.30007
-4.36923
-7.89968
-4.0469
5.28238
0.018079
10.4597
-2.71711
-0.00105558
1.89591
-2.1377
-1.43559
-6.51559
-1.55427
-0.0997014
-0.936209
1.21907
0.233152
-0.31955
-0.870301
21.7466
2.7496
0.0554763
0.0049792
2.3887
-0.442603
-0.502174
-0.363153
1.98717
-2.10192
1.76684
6.42812
0.645566
-4.24456
-3.37793
-1.21268
-0.522351
0.109343
-0.285343
1.03369
-1.63193
-1.07386
-1.84722
9.62722
-1.92689
-1.42433
0.263248
0.354559
-1.10237
0.412902
19.207
-48.7211
-0.199833
1.69857
-0.42187
-0.370879
0.883399
10.0668
-0.250061
0.710404
-1.1104
1.37204
-0.80045
3.81875
5.48923
-0.106085
8.6704
0.643275
0.0757567
-3.62673
-0.483921
0.0952715
-20.1075
1.41293
-0.469509
-0.674231
0.686705
-5.41625
0.435981
0.263921
-1.48066
-0.0397384
-0.114798
0.636871
0.164069
-0.0423437
-18.1317
-1.59533
4.46496
-0.424545
1.09519
-0.496295
0.0281607
0.24012
0.757841
2.29693
-2.84132
-3.43831
-3.72913
-3.80639
0.615256
-1.39899
-1.21625
-0.825159
0.421122
0.737434
-0.95066
0.373193
0.191013
-14.9013
0.234272
51.3497
2.62851
0.593617
1.29557
2.0226
0.154706
-1.70739
-2.31836
-2.44598
1.11237
0.761956
-0.136458
0.662114
0.578593
-0.675268
-0.655119
-96.5879
1.42135
-0.991804
-0.780578
0.056634
-10.3915
1.46647
42.3696
0.188963
-4.24613
0.198833
0.191537
-1.34725
-0.943833
0.631093
0.136281
0.245388
-0.343257
-0.864582
-0.948075
-0.274755
-0.308337
1.11621
-8.5421
-0.381826
4.35639
-17.3056
-2.41215
-0.767685
8.33375
1.93452
0.270884
-3.67785
0.466767
1.82316
-6.77189
-3.29069
0.072726
-27.1697
0.206447
-0.320822
1.54479
3.81499
1.88702
0.945163
-2.41359
3.80789
3.64901
0.88697
1.65768
0.102494
1.2027
0.901721
-0.454162
-9.1207
-1.28978
-6.70576
1.85333
0.0576204
-1.30729
-0.0551748
26.037
1.4359
0.0160089
1.2247
-0.00718894
-1.25084
-0.0530973
-0.126029
4.92683
1.17216
0.115106
-3.2384
3.61962
-0.0456524
21.5073
-1.45695
-1.7779
0.838901
-1.13399
-4.02972
1.62527
-0.570354
0.993123
0.244929
7.64072
-1.59439
-0.554534
1.24917
0.160973
2.14004
6.46518
-2.05768
0.0117064
0.368967
-1.25881
-1.78391
-112.398
2.00749
-2.63454
-1.73361
-115.392
1.42738
0.195874
-0.173454
4.49234
14.0276
-0.475728
-0.218163
-0.0859698
2.0201
1.20071
1.55193
0.899624
2.68922
-0.646293
-1.32574
0.153216
-0.714781
2.02765
0.271456
-0.726299
-1.01003
0.482393
2.02044
1.97435
0.94594
1.41905
-0.0632761
-2.68529
-1.65889
8.0518
3.63736
-2.15685
1.5336
1.37583
-1.84207
0.625187
-1.28741
1.51612
-1.28481
-0.504361
-1.44185
9.06378
-1.60968
-0.246693
3.89279
-0.575117
1.98174
-0.991827
2.69963
-0.925861
16.052
0.961119
-0.666747
3.82684
0.281401
0.037622
-0.500198
-0.631214
-1.21047
-1.47455
-0.614274
0.485868
-0.134811
1.14115
-0.643845
5.49779
-0.299417
0.389299
7.05469
-1.56893
-0.028152
2.5932
1.98815
0.427095
12.4266
-0.437296
0.0104335
3.45277
0.393507
0.793178
-2.20935
-0.310284
0.423509
-0.974139
-14.6911
-0.243274
-0.742717
-1.35974
0.818933
0.00952
1.17472
-0.141632
1.38494
-3.0016
-2.32918
0.28475
-0.51868
3.18177
-0.381445
1.94221
0.231152
1.05359
0.666849
-0.668667
1.01622
1.5913
1.15532
-0.182769
11.981
3.52844
-3.38758
-4.19499
-0.548243
-56.9529
-2.71852
0.257575
0.432335
0.492551
-3.03315
0.986473
1.544
0.930119
-0.751526
1.08836
-1.58868
-0.4232
0.609881
3.11264
-1.48203
18.6691
0.538538
0.173378
-0.154545
0.416651
2.00586
-1.11536
-0.105883
-0.288009
-8.34057
414.525
-0.0645325
0.541907
84.5674
-1.16397
-2.94466
-0.823441
4.2642
-11.1757
6.7902
-0.774357
-1.59951
2.02119
-2.59855
-47.5731
-0.897687
-0.600611
-0.278772
0.165444
1.05709
-2.10611
3.00592
-1.42752
3.32186
0.841768
0.249773
-0.611998
0.0413974
0.126357
-1.8244
0.812978
0.0297008
-0.878273
-5.54036
0.182925
0.323254
-1.4074
-5.31571
0.587971
1.37508
-1.0889
-0.298639
0.374508
-0.464293
-1.22207
1.03789
2.93973
0.00337441
-0.901779
-0.0298353
-2.94311
1.37551
-0.436419
-1.12088
-0.294854
-0.237363
3.54633
1.16546
2.40387
-0.453829
0.191138
12.8914
-0.40724
-0.522977
2.21455
29.1077
-4.87897
-0.425997
0.884363
-1.19916
-1.16137
0.964551
-0.481459
1.36903
2.8173
-2.08258
0.37005
-0.231179
0.167211
0.0798748
3.21896
-1.75351
1.6871
2.48449
0.0871815
0.738615
-1.57305
-2.5918
-8.99461
-2.39937
-1.54826
1.13715
-0.393655
1.04386
-5.0837
1.85963
-1.07442
-0.438593
-2.15175
6.30302
1.151
-8.05168
-0.00336335
-0.390499
5.8297
1.37859
-0.755612
-0.632115
0.810269
194.691
3.17612
-3.77765
1510.71
-2.98601
-0.294021
0.38423
0.692435
0.473806
-1.39652
2.17271
-0.0320016
1.90416
-4.01098
0.546675
0.355605
0.347392
0.0488267
-0.780309
-1.25872
3.90687
-15.5515
0.175164
5.17377
0.75392
-0.394022
0.567286
0.736403
0.646304
0.898044
0.781068
0.283195
2.27629
-0.629748
-0.0422252
1.2538
-1.22897
-0.208455
-0.255923
1.26144
-0.0415956
0.791306
-0.573149
-0.25139
-2.95135
2.16683
0.341406
1.12793
0.978427
7.97802
-0.751425
-0.0631736
-1.96344
-1.69793
0.216737
-0.331456
-2.49546
0.0471554
-9.77324
0.45918
-0.780024
-2.13723
0.662487
-0.0262669
-0.413668
0.48408
5.87056
13.1321
-0.527487
-0.371997
0.670388
4.34329
0.953047
-2.22897
-0.330984
-0.242406
0.115776
0.346455
0.538429
4.59942
8.20012
-0.222569
-2.40437
0.70114
-2.12047
0.767734
-0.626746
9.82942
-2.93222
2.35389
-0.892711
0.23265
0.260175
-1.38082
-1.08304
0.770074
-0.313909
1.06602
-1.55005
1.98408
-0.78019
-4.78487
5.90929
-0.668113
-1.79619
0.182609
-0.388627
-0.00269973
-0.255902
4.16638
0.214523
-19.251
8.1699
2.29314
0.63103
0.312197
-3.65894
-0.674445
-0.84183
-9.01214
-1.17489
0.735487
0.99193
1.4717
0.118498
-0.0798627
-0.947953
-0.0297742
-0.332729
0.52892
-0.637096
1.89649
0.00190231
-0.747088
-3.92615
-0.20027
-1.16327
-0.416444
11.7107
-0.841092
0.438795
-0.0673799
0.137959
-0.775129
-12.0899
1.42815
-0.504443
1.56317
-5.77549
-0.391512
-0.221069
1.11468
22.7134
0.29613
-1.17803
-1.03719
1.14608
-0.0803621
0.629643
-12.5296
0.333377
-0.254842
1.15418
-0.19695
0.506718
-0.972898
-6.15777
-3.32923
-0.071505
-1.08629
1.09902
-1.16737
-6.40236
0.612426
-0.466216
-0.51004
-1.01521
-1.73435
0.886181
-0.276572
-0.750922
-0.909229
-0.0786847
11.2521
-3.26558
0.516278
-20.1712
0.135757
1.13371
-4.19437
-23.5725
-0.050146
0.952414
0.136637
-0.00203644
7.79063
0.449795
22.3466
-2.23256
0.79056
0.191801
-1.70045
-2.63803
55.1843
-0.494859
-0.602528
0.413058
0.891789
-2.52444
0.567664
-3.06648
-0.312884
0.992662
-1.80421
0.0812852
0.231073
-0.341835
-0.109615
0.637178
3.35173
19.6025
0.124936
3.12198
-6.38657
-0.577155
0.0169398
11.0438
-2.90726
-2.65029
-1.50363
0.0167872
0.152514
-0.279635
-0.196137
-70.6878
0.545933
2.63939
-0.0765638
0.37642
-30.24
1.18426
0.66348
-0.124563
-3.69763
4.07227
-20.0576
2.16013
-0.385518
-0.175016
2.85089
-1.15031
-4.38167
1.38259
-0.520374
0.617151
-0.33599
0.141162
-2.00484
-1.0668
0.800658
4.407
1.56485
-0.207627
1.19697
-0.482778
1.1279
-9.27932
-0.284823
0.223947
0.543609
4.09204
-1.00553
2.45287
3.06677
2.37993
-0.325052
-85.0367
0.508681
6.37006
-0.37887
1.86227
-2.03957
-0.473462
0.520383
-1.13542
-0.822153
-1.83987
-0.650494
1.90347
6.13611
-1.33416
-0.373971
3.21052
-0.177557
-0.61352
7.86643
0.283034
0.182875
-0.622719
-3.16764
0.181057
-2.42387
0.547873
5.90896
0.0181555
0.0209098
1.08822
-1.11447
-0.521397
0.242853
0.736734
0.00239266
0.569789
1.63552
-0.306628
0.431579
-0.846418
0.0182981
0.742851
-0.701953
0.626282
0.682951
1.07856
5.12379
1.69241
-4.81933
-2.7953
-2.92065
1.88687
-2.34658
0.126832
2.70992
0.825801
0.0518994
2.30553
-39.7778
0.685341
0.603339
0.0749144
1.14436
16.4893
-0.702557
1.08599
0.726908
-0.270677
-0.0451319
0.349201
-0.334953
-0.154249
0.503811
-6.73363
-15.3223
-23.7966
1.25736
0.193777
3.40783
-0.545552
-0.990038
-0.0199427
-1.12609
0.0345421
0.966366
-0.130006
0.589874
-0.034684
-14.6149
0.282635
0.224532
-2.07654
-0.987874
21.4858
-0.0527257
-0.732711
-1.34962
4.00927
-2.79247
-16.3969
-0.510786
-0.122929
1.11774
5.1858
-12.3064
109.596
1.39842
0.407958
0.313692
5.79514
0.320581
-0.495216
-4.07626
-0.855601
0.287564
2.4021
-1.61436
-0.817006
0.770213
-5.34227
7.38137
0.743209
-0.598161
0.221737
-1.6662
2.25629
-0.207378
-1.79678
-8.00436
0.820035
-1.32993
-0.547695
1.53947
-0.533473
0.263842
5.77387
5.92129
970.313
3.87472
1.5711
0.524143
0.769934
-0.352971
2.47275
2.53484
0.352317
-1.54863
1.64848
6.62119
0.385174
-5.77744
-1.29841
0.243346
-6.14
-0.218512
0.0843279
2.54709
1.274
-0.812598
1.02697
0.310805
0.0035167
1.00977
-0.0664189
0.741163
-1.25896
0.613534
2.09777
-0.226764
-1.14237
0.740683
-1.23254
-1.70952
-4.54747
2.13599
0.942617
-0.271998
-0.0374678
0.26499
-1.65147
-0.370118
-1.34165
0.17918
-6.08275
1.35085
2.77697
0.745422
0.685852
11.8933
-0.360596
1.40775
0.620583
-0.290945
-2.27191
-0.408587
2.07083
4.29061
-0.275929
-0.835121
0.253956
0.965388
0.0643192
0.269579
0.30015
1.74275
0.259173
-1.59957
0.745044
0.389133
-0.918039
-1.06064
3.08639
-0.231381
-0.814353
-0.12567
0.175663
-0.345758
-0.128273
7.16573
-1.00001
-0.527573
3.53822
0.464544
0.398624
-7.31103
-1.23401
2.31024
-0.304883
0.511528
3.6015
-1.46639
0.878287
0.37513
-2.43823
0.245038
-1.26632
-7.09604
0.195331
0.752589
-1.1462
-2.28549
1.81742
0.141718
-1.86253
0.807955
2.79065
0.82913
-3.15439
4.42734
6.55566
0.421536
-0.0732436
63.5733
-5.36751
-0.455355
-0.989302
-0.307489
-1.21089
-0.718753
-10.4476
-0.999959
3.50974
1.01429
6.11534
-0.963066
-0.222284
-0.0219163
-7.4566
-3.43983
0.0269843
-1.02846
0.290669
-5.83605
0.698078
10.2007
-1.18782
2.83005
-0.815374
0.299993
-3.56426
0.180708
-1.18867
-0.481535
0.157339
-0.815459
-12.8336
-1.05343
1.31302
1.34229
2.55368
2.34219
0.458812
-1.35731
0.190186
-2.58506
-4.93798
0.767219
-1.9195
-0.881154
2.47869
-0.123104
18.9204
-0.806719
-1.73403
-0.542103
-28.574
3.66963
-0.100995
0.7595
1.58423
0.807159
0.992795
1.49435
22.475
-43.6074
1.20789
-0.152292
-0.873543
-0.375497
0.234005
-0.302728
-0.303217
-0.00496926
0.0170881
-22.562
-4.59618
0.425014
-1.11424
0.65403
-13.9378
0.743993
0.698277
1.71381
1.21437
0.476047
-2.12091
0.904023
-1.783
-2.35136
-0.364324
-0.573331
0.911598
-1.43879
-0.138641
0.0738257
-1.24572
0.334564
-0.610723
-3.35041
-9.66259
1.0314
-0.960581
-1.23048
0.447832
1.88898
-1.59113
1.86521
-3.78882
-0.305161
0.315085
0.560183
-3.57123
-0.696436
-8.5373
0.100419
0.86368
-0.446068
-2.82999
0.00194376
-5.35815
1.58911
-0.092726
3.3958
0.598501
0.98126
-1.53203
0.336502
-3.86396
-6.20068
-1.22243
-0.423079
13.9213
-0.329558
3.13267
-0.0618607
-4.38141
-0.508887
-0.424478
-324.443
-0.812528
5.78141
1.44757
-12.6067
-20.8538
1.49525
0.628581
-0.327614
-0.398485
-2.70367
-1.23293
0.558789
-0.161244
-0.921434
-0.0806808
-5.0926
-0.423762
-7.464
2.93303
-0.0322997
-0.172425
7.03109
-1.03186
-0.526085
-0.861524
-0.808329
0.644143
1.20721
-0.515713
1.02223
0.388487
-2.58716
-0.539939
-0.218702
0.666987
-0.413727
-0.077156
0.0610718
9.4347
-1.38605
-0.683898
0.414712
-0.222516
29.9981
-0.370813
3.19352
5.30137
-1.72087
-1.0642
-1.08207
-3.26513
3.78416
0.722961
-0.0726283
1.29888
3.31525
-1.87879
1.09972
1.78981
-0.317541
0.0399686
-4.22695
-1.12401
1.69782
-1.2715
1.46422
-4.69844
0.736469
-0.0961886
-1.39796
0.381709
-0.959006
-0.797526
0.773258
0.243159
-1.98113
0.749839
-0.535133
0.333703
-6.62391
-5.56944
-1.31616
-1.19635
3.61976
-1.22573
0.488837
0.362719
8.89719
-1.36525
-1.72017
-3.55425
1.0456
2.30655
1.67118
-0.884891
-2.93119
1.35971
0.971252
1.18743
-1.17359
-0.682919
-1.49927
3.84389
-0.603556
0.427449
-0.429971
3.81793
-3.10445
-1.22582
1.06768
79.4675
0.365744
1.09607
0.737146
2.57334
-2.31159
-2.76547
0.450459
0.236067
0.491633
1.82667
-0.255547
0.531758
-0.90978
0.623034
2.68354
2.45082
-2.37102
7.10352
-0.392928
-3.3573
-0.134644
-3.04294
-4.99748
-0.318159
-0.117703
-0.278764
2.09481
0.204718
0.182309
25.4919
-14.6898
21.8128
0.416399
2.27829
1.39091
-317.745
-0.461586
-3.58038
-0.432704
19.6637
0.124958
-6.73222
0.270068
0.549159
-1.69586
3.25176
1.1699
1.19387
0.839551
-1.05731
0.650043
-1.20589
-1.2593
0.614478
-0.0741615
0.0114553
3.7002
0.266411
-5.81524
-0.504423
0.312881
-0.644721
-0.413311
-3.07655
-0.634708
-50.7757
-3.37427
0.714944
-3.9228
4.23043
-0.122698
1.29356
-0.384781
0.192719
-0.329979
32.7942
0.00282636
-0.380177
6.91526
0.211768
-0.257062
4.71542
1.98531
2.36118
-0.187786
0.303146
1.19012
0.0519794
-0.647714
1.73666
8.82577
7.77209
-1.47569
-0.883241
-1.7735
-5.16139
0.317636
-0.333276
0.0671003
-1.02658
-4.14083
0.620362
-0.0246681
-1.23547
0.99454
-0.130642
-2.02182
-2.48106
0.504026
3.00965
-4.54852
-0.922854
-90.194
0.409865
0.54325
0.169366
0.82197
17.2008
0.397841
-0.606285
1.64367
-23.6485
0.306851
-4.39574
-4.06007
-9.46655
0.437955
-0.640435
-2.99807
-0.470019
-0.963762
-0.701379
-0.272526
-1.5681
-3.62633
-3.40648
0.457298
0.110252
-2.07215
-0.868947
1.01059
-3.92539
-3.81534
-27.0134
-6.22588
0.182471
0.852073
-0.435096
-0.970671
3.62641
-0.869732
-1.73135
-1.09175
-0.560482
-0.091821
0.140832
0.334951
0.298774
-15.881
0.300129
-0.807607
1.11678
0.466896
-1.62548
-0.342265
1.82399
0.422525
0.148923
-1.98153
0.00551109
-2.89291
-26.0964
-0.379037
-1.83061
0.581233
-1.2511
5.78323
1.83413
1.20117
34.413
0.860401
1.62376
-0.263507
3.21447
-0.327222
3.65222
-1.89849
0.00288566
0.381238
1.91939
0.983113
1.29674
0.221769
0.480966
-1.90118
-3.7326
-3.97463
1.71559
-0.290235
10.9207
-20.7128
-1.6035
0.357394
-0.567205
46.7079
-1.92612
3.01061
-0.647893
0.660768
1.45687
-0.320994
-0.0963196
1.22281
0.766011
0.265933
-2.92132
7.85046
4.62755
-0.614661
-0.769432
0.653623
-5.65931
-0.229794
-1.18382
-0.0673082
-3.95718
-7.77268
1.27607
0.6362
-1.29653
0.266553
-1.12516
-0.384192
19.0921
1.96773
0.661517
1.17136
-1.61527
-1.16202
2.57818
-21.8697
6.46779
0.727156
0.992317
1.56695
-0.70164
-2.90295
-0.850487
-1.49034
-3.48151
1.90757
-0.799726
0.388782
-0.748008
-0.795809
-0.935345
3.64887
-0.130718
-0.346342
0.471431
-4.24628
-0.00661972
-2.6602
2.88954
0.284879
1.32196
0.233044
0.00565725
-1.68363
6.07585
-5.31731
0.163737
0.605168
-2.1454
-0.162336
-1.34249
-0.69228
-1.11709
-1.22915
-0.044389
0.306444
0.775602
0.273666
-11.4551
-0.861824
-0.923421
1.08776
-1.76093
-2.08556
3.07416
-1.46207
-0.320349
0.20615
-2.64656
-0.673301
0.400568
-2.10198
-1.01783
2.97761
1.24955
-0.395885
1.97988
-0.262717
-0.274403
-0.694962
0.0811381
-0.208792
1.84512
-1.52814
0.0424316
-24.7614
-1.21184
-1.86087
-4.03154
17.1832
0.369576
18.5001
-2.2436
-1.56536
0.131591
-1.54277
-14.9931
-1.96592
-0.0658061
0.716135
0.819146
0.437918
0.239132
8.42428
-1.14632
-1.06209
1.33549
-0.347389
0.3362
2.01625
-3.10516
-1.22247
0.0325171
-0.422362
3.9737
-3.05128
-1.1232
2.87161
9.86821
0.662046
-0.858613
3.56408
0.225796
-0.216881
-0.538198
0.482748
0.8812
-0.0401908
-0.928634
-0.810595
-1.20339
0.126251
0.014106
-0.149483
-1.26366
0.0579927
0.142578
0.507625
0.867068
0.261075
-0.514175
-0.431024
-0.795284
-0.527044
-0.605829
0.586638
-1.98445
1.49772
0.250132
0.947594
-0.00805538
2.27375
0.315503
-1.01385
2.05328
-0.746292
2.04502
-0.587574
-0.0143564
-1.8512
-0.499276
-1.91786
4.1306
-10.2284
-0.818336
34.774
0.557966
-3.34304
-0.779204
-0.126952
8.72214
-0.662813
-0.812273
-1.64781
-0.813625
1.1937
1.89981
-1.24873
0.295846
9.22922
-0.393144
0.249548
0.56587
1.57236
-0.0450015
0.0753957
-0.653692
-2.97055
1.19055
-0.858574
0.885609
0.834947
1.02575
-1.58435
0.456592
-0.135311
-3.39211
8.91102
-9.17847
-6.47029
1.92454
1.03023
-2.14398
-3.13072
-0.346683
1.30339
-0.684483
-0.191102
4.67241
-0.00815227
1.05261
1.59321
0.0126641
0.836062
-0.267729
6.11975
-1.06371
-0.612938
-4.07901
0.297595
-0.674018
-7.553
0.667709
-0.172051
4.31722
-0.746787
0.513013
-0.845513
0.313761
0.3706
-1.52277
-0.149296
0.200899
0.161722
6.35023
0.552636
5.53897
-4.40519
-12.2175
-48.5903
1.35542
1.09499
0.864595
1.38767
-0.173332
-1.58854
27.1692
1.8348
-2.59615
0.858573
-0.219948
-1.16215
-0.0289944
0.0401874
-6.6381
0.406874
0.250984
0.527926
-0.334144
-3.58514
-2.85245
-0.0726793
0.108231
-4.13714
-2.88394
-0.623314
-0.194254
-0.616059
-0.337672
3.01012
0.412219
-0.62174
0.0318828
-4.88167
-1.2101
0.401035
1.92037
5.13965
-0.324793
-0.188138
-0.979343
-6.61749
-0.621211
3.1921
6.67257
0.135612
-1.34113
-4.39571
3.4477
-0.147653
0.622257
-3.00718
71.0707
0.326344
0.038805
-9.03727
-0.499766
0.544636
0.965867
0.220148
-0.809923
-0.488114
0.862349
-31.0378
-2.02832
-0.0166325
0.0310409
0.33502
-44.9559
1.34238
3.72122
0.878777
104.696
-1.19637
-1.46024
-1.73817
-0.329779
-4.53866
2.14799
0.210374
-0.0677893
-0.292589
-6.08148
-6.07847
-2.61711
3.24353
3.30191
3.11133
-0.289106
0.946212
0.699936
-1.50289
1.5409
-1.02378
-1.23043
4.83295
1.46294
6.17853
-0.240028
-4.82918
-0.367582
0.728811
1.00845
1.83165
-0.494098
2.99725
-1.9031
0.870048
3.29384
-0.389336
-1.08877
-1.38835
-2.25527
-10.1279
-15.6601
55.0699
155.344
0.118671
-4.48722
2.44987
0.155775
-5.20841
-1.48589
0.559545
-1.24475
-0.261513
-1.19835
-0.396752
-2.06752
-0.359813
-0.112682
7.02669
2.78853
-1.30678
-2.38002
7.9299
1.24715
1.0974
-0.758549
-1.58387
3.36529
1.5065
10.9029
-0.8176
2.236
-1.09983
3.23157
-0.241049
0.488357
9.79823
-0.996572
0.341811
-0.552196
-0.0156796
0.146186
1.25431
4.62246
-5.85096
0.0302136
0.0627127
0.643538
1.74446
-2.87749
-0.845539
-0.0512228
0.74134
-1.33595
1.01049
-1.66094
-12.1447
-1.14791
9.79905
-1.0942
-0.0150267
-8.05398
1.24427
-0.622593
-0.252263
-1.08423
0.410913
-0.353066
0.511082
0.629889
1.56201
-3.9788
-0.010514
-1.13597
-5.45495
-0.0142564
14.3734
-1.23317
-0.34527
-3.1769
-5.55251
1.09704
-2.09433
0.123254
-0.727237
-1.43348
-0.374613
-4.53538
-0.496307
-2.14464
0.998735
0.688155
0.719085
21.5618
0.2994
-1.52498
0.292436
-0.40793
-0.761793
-0.222087
-64.0966
0.19781
1.33115
-0.270719
1.9062
-6.4748
0.0871162
1.30516
-0.908666
-20.6722
2.69964
1.04545
-1.62797
0.733479
0.01277
-4.71697
-0.00252672
0.442782
-10.3688
-2.88643
-3.26062
-0.361022
0.139566
0.772989
0.203059
-0.0641911
-0.0529613
-1.90558
0.935052
-3.2167
6.13678
-0.450309
2.39977
5.79884
2.23929
-6.33222
-24.2061
-0.149232
-2.0697
-1.18367
-1.8572
0.121698
0.400652
3.54719
2.76245
-1.61137
0.0247408
0.172851
1.98829
-3.2684
-15.5208
0.398691
-11.4184
-0.200461
-1.53096
-0.750389
0.875881
0.249347
-3.27034
1.83433
3.15018
-0.00474972
-11.8423
0.0162209
-0.418304
-1.62451
-0.636813
-2.2702
0.054363
1.10623
3.0615
-3.23095
-0.759187
-0.615805
1.37714
6.37683
1.03919
-1.01421
-0.844164
-0.225128
0.39311
-1.62363
0.820645
-0.268318
0.229818
-1.11202
0.610018
0.730572
0.95607
0.295258
5.18658
-1.21185
4.0429
2.41179
-0.742647
8.33458
-0.876429
1.49947
1.08155
0.206596
0.26717
0.124026
0.142876
-0.0190212
1.93122
0.70053
-3.31599
-11.8324
-0.0720008
-0.943958
-0.816617
0.088401
-1.53409
0.185012
4.76514
1.94268
0.457722
0.553022
4.79596
3.68215
3.05308
-0.441821
0.335446
1.6061
0.600865
0.843373
1.75148
1.51425
4.38629
-0.721832
-0.68561
-14.2934
0.3821
-0.230617
0.445784
-53.8319
-0.61295
0.213673
0.766718
-10.9313
-0.598684
-0.179965
0.126205
4.03763
1.15799
1.02392
-0.232273
-0.423149
0.391463
-4.4038
-4.88134
-0.409439
-0.612906
0.587348
-0.187732
-0.421331
2.49105
-0.955924
-1.58911
-4.08989
-0.975616
-2.43375
0.697011
0.55763
0.0453918
2.37005
-0.279737
-0.479333
-0.335147
-5.26457
0.856919
0.118666
0.949408
-1.41302
0.834689
8.90143
-0.779013
0.149924
2.17828
-3.66274
0.789628
-2.64991
-6.53831
-19.974
3.22103
-1.78934
4.95792
-3.77156
-2.10437
-0.167541
-0.305988
-18.7765
-1.64577
-1.30143
-0.564717
-1.08336
0.303108
-2.52295
-0.259728
-2.67269
-0.898555
0.681933
0.595337
-2.12899
-1.10224
0.117031
-0.506939
-0.884698
2.36883
-2.40991
0.220251
0.663833
-4.85812
-0.857538
2.01538
-1.23423
-0.411518
-0.908542
-0.0733749
0.217198
-1.0546
-7.00855
1.21891
-0.780802
1.50658
-0.467583
1.80848
1.18651
-1.02708
-2.28606
1.64254
1.76131
1.39472
-0.111595
-0.275894
2.06394
-0.378107
-0.338113
0.113106
1.59182
0.235572
-0.94285
-1.05386
0.302498
-0.122832
-1.48586
-14.8252
0.808545
0.417932
-0.822005
-0.486085
1.47617
-0.576007
0.611854
-1.84441
-4.01485
2.40224
3.1563
-0.825417
-0.187961
1.33989
0.836522
4.55071
-31.8751
0.359325
-1.71374
1.85063
-0.383202
0.510259
-0.66058
-0.374748
0.639979
0.641562
-40.8347
-10.4838
0.0873937
2.52351
0.214288
-1.13506
-0.286107
0.103284
-0.0280763
1.5015
1.15545
-0.162966
0.238183
-0.225795
3.64735
-5.56879
-1.4754
-2.12089
-20.9243
-2.20866
-0.254965
-0.994312
-0.717066
0.926653
-1.18008
0.172248
-0.492331
0.234265
-0.453139
-0.700513
0.849089
1.06466
-4.3459
-1.37407
1.30548
-0.0450561
-0.5138
0.499409
-1.23585
-0.328256
1.41304
1.10634
4.41672
-0.0811624
3.92955
2.41132
-0.378064
0.00909751
-0.321523
0.529165
0.0136899
-4.11761
-0.578687
-0.792454
33.4183
0.447504
-1.64073
-0.404819
-1.15055
8.55929
0.672036
-0.620649
-0.826502
-0.884841
-26.3148
0.78177
0.72059
0.895225
-1.07077
-3.54251
1.26852
-0.572052
2.10738
-0.870457
11.0155
-2.8633
1.70749
0.0201989
0.227392
5.29868
35.2931
-1.25201
0.176485
-0.749409
2.3625
-1.62719
7.49837
0.333197
3.40388
0.208616
3.14756
-0.607937
1.66298
1.0428
-0.209289
-2.11456
9.60566
-3.47809
0.179018
0.315377
-2.28424
0.353264
-1.07925
-2.12891
0.755529
-0.059493
2.70926
1.7203
0.146081
-0.800834
1.02488
-50.5031
-2.00888
0.449479
-2.80731
1.38083
-0.619808
45.0608
3.21632
-16.3494
-14.5771
-1.24785
0.582585
0.790237
18.2126
-0.569378
-0.354243
0.976347
1.16305
-0.840385
0.552148
4.2748
0.165366
-1.56507
0.783535
-31.911
-4.91128
0.622229
-1.82403
0.312865
4.99088
0.670111
0.395136
-5.26791
1.59367
1.10384
0.536474
2.36755
0.446612
1.33007
4.25253
0.863722
0.408071
5.70949
11.9225
-1.44829
-1.04229
40.6409
1.00191
-0.37097
3.1676
-52.5326
-0.692048
-1.6422
0.814848
-3.35593
-0.626791
0.50942
-1.41891
-0.231296
-0.407144
0.634576
1.62195
5.88818
0.842857
0.962689
-0.462387
17.4743
-14.5647
-3.41309
0.0326734
-0.82971
0.294844
-0.234605
-0.745105
-164.218
1.5904
0.138642
0.784079
0.251983
0.337207
0.396004
0.118
-1.12626
0.92377
-1.05549
3.18623
0.215202
-0.0381355
-1.29859
-3.73002
66.0743
1.23145
-0.901371
-0.990587
-1.68488
-3.57844
-3.29618
-2.43314
1.12923
2.49255
-0.181976
0.0397667
-0.528345
-0.108313
0.0373747
0.606598
0.936814
1.35837
0.050558
0.812595
-2.54556
7.90034
-0.805683
-0.528677
-1.75139
-4.2247
0.975975
-1.4022
-0.53029
-2.67879
0.621262
0.610801
-2.41304
0.0456763
-1.77637
-0.0645234
-7.57958
2.49826
0.563301
-0.205527
0.54393
1.30782
2.94118
0.911565
-0.400858
-0.212123
-1.44796
2.40317
0.777971
-0.0283976
-5.57021
0.0221665
-0.138386
-0.0931908
34.9491
3.80377
0.324625
0.46431
-0.319281
-2.34525
-2.59801
0.885004
59.0459
0.962695
-0.178825
0.951537
-0.456666
0.189742
-4.50581
0.194803
0.295287
1.02079
0.566951
8.0993
4.54267
-12.3462
1.01093
-1.54549
0.408623
-0.397849
5.08019
-0.520301
0.318711
-0.0622834
-9.81553
1.53773
0.743392
-1.42226
0.66678
6.45121
-1.95806
-0.697382
-0.693427
-0.759531
0.202085
3.4958
0.952399
-0.794648
-0.858256
-0.258432
-1.87988
0.226213
3.68209
0.26817
1.03069
-0.399028
0.331518
-0.402954
1.51354
-0.273002
0.504825
4.28578
-98.5538
-1.0142
-2.47388
-1.39041
1.19706
0.184916
0.615177
-0.464549
-0.22635
1.31818
-1.32074
-1.13881
0.800523
-253.068
9.08139
-1.29721
-10.1991
-0.0507021
-1.18762
-14.1398
1.45333
1.65514
-1.16166
-1.4015
0.213108
24.0494
-0.37168
0.351253
-0.474793
-2.03138
0.428705
-0.589652
-0.00817025
1.13694
-0.309033
1.04987
5.2846
0.0466363
0.191464
-0.0803599
-0.915359
-0.615245
0.157691
0.160401
0.894017
-20.6779
-0.449776
0.0902456
-0.207812
0.430454
-5.2117
1.5541
0.979897
1.75506
-2.4138
12.2002
-4.86171
0.972544
0.145022
0.233499
-0.411929
-1.19529
-1.14421
0.628071
-0.04714
0.283913
0.605586
-0.704741
-1.49108
-0.113801
-0.40483
-0.330645
1.52549
-0.633208
0.113187
-0.38087
0.875176
0.0193845
0.568782
-151.116
-0.0612307
-3.34512
-0.271046
0.771953
1.34343
0.425804
-9.62549
6.39203
-0.00087328
-1.23386
-0.0135955
1.54787
3.43011
1.74041
-0.171271
0.648665
-7.6125
11.4827
0.915637
17.0007
1.05149
3.60758
1.28756
-1.15509
-0.477602
3.94801
3.97134
4.50826
0.239091
5.97521
0.858742
0.120729
-1.095
1.04296
-15.4575
0.295775
0.159624
-1.54065
0.105274
-2.92237
-0.589083
1.40315
-0.509544
1.35867
-1.94717
-0.393147
-0.224543
4.05485
4.69593
-1.1333
0.485155
-2.02542
3.72964
0.45574
0.82452
-0.591782
-0.269218
-20.9992
-2.73226
3.27839
-0.361169
-1.12153
0.152192
-6.14583
0.513862
-7.69258
1.51047
-0.44424
-6.36401
-0.0285322
0.623631
-2.32548
-2.94403
0.140974
5.62982
4.30736
-1.65658
-0.117824
-10.2064
-0.429452
0.0307448
6.33875
1.9843
-0.530101
2.76856
-0.843334
-0.292301
1.34471
-0.867773
1.17456
-0.274576
1.05824
0.252746
-1.02412
-0.507624
-0.47104
95.3662
8.02267
-1.31562
-0.878807
1.39544
-3.02775
22.0666
-0.180216
1.08869
41.1831
-0.785002
-0.601515
2.77638
-4.93856
22.4389
6.34262
-0.547064
-1.59165
13.8788
0.104914
-3.64651
-0.169441
1.51312
0.000258264
-0.761605
-0.291848
0.287504
0.486559
-0.357769
1.71725
2.05452
0.144371
-0.373592
-0.384559
-2.84643
0.416088
-6.40688
-0.782616
-0.461915
0.595291
-0.311459
0.509967
-3.00925
-15.8639
0.38322
-0.506786
0.151317
0.387292
-2.24807
-1.00306
4.73277
-1.91654
0.41882
2.87087
-13.8707
-1.84482
-1.37456
-1.01524
1.98654
0.249309
-0.63708
-0.253576
0.266542
0.117546
0.199849
1.11166
-1.44621
-0.762372
2.81887
0.257302
0.220169
0.814607
0.0402342
0.504826
0.419945
2.24822
-0.0552411
-0.0309735
2.23511
0.815862
5.39239
0.946156
-0.175326
-0.435992
0.124626
5.27337
0.243092
5.74654
-1.15713
0.0821233
-6.01532
11.0134
7.71682
3.76978
-1.51863
0.632347
0.568803
-3.5358
0.160261
-0.279744
-10.7076
5.19199
79.6727
1.16711
-0.0295145
-0.0908857
-13.8377
-1.7647
-0.465334
-0.387619
-0.531673
1.39505
2.23884
-0.815334
-0.273757
3.23722
0.563833
0.00687584
0.905408
-0.327368
-4.59432
-1.54057
0.74049
3.35061
-0.933409
-0.443278
2.23672
1.60475
0.0407695
1.5015
-0.766594
0.567127
-2.09733
1.22393
6.35204
-1.90724
-12.268
0.27912
2.05635
0.101641
0.442666
-0.19114
0.1413
0.0885873
-0.11253
-10.5152
-0.383783
-4.40002
1.7918
0.7719
-0.838117
-1.22
2.08796
11.6145
0.0472547
2.56025
0.168093
3.90631
7.34333
-1.31434
0.232906
0.864204
0.763261
0.584436
0.349866
-4.12715
1.77927
-7.37966
-0.445593
-6.28798
0.276667
-0.485685
-0.0441892
0.878422
-4.9155
0.589501
0.201396
-0.0817372
0.825789
1.65864
-5.83588
3.0623
-0.900813
-0.540441
4.5942
1.04423
0.924354
-0.327084
0.155869
0.172619
-0.764909
1.62258
2.45775
-1.20374
-0.259097
3.04784
5.55159
-21.8601
-1.92105
-4.9196
-2.41632
4.66308
0.177165
-2.49561
14.4782
-1.49305
0.244202
-0.281289
-0.225767
-2.77608
1.59386
0.596254
0.41829
-2.29999
31.7211
-0.346449
-1.22996
-0.853537
3.2154
0.0213115
-1.61671
-0.144933
-0.616039
0.159846
-5.33337
-0.790674
-2.42366
0.355303
0.770224
-1.9581
1.11786
0.187285
0.414195
-3.37041
-1.01693
37.6452
-0.0672178
-0.0136798
-0.811684
9.08029
0.266422
1.91748
-0.173093
-0.457716
-6.54005
-2.18665
-11.5244
1.1458
-0.422358
0.201532
-6.4456
4.69698
-1.20299
-0.700015
4.8662
-2.18987
1.19692
-9.11213
11.27
-0.951696
-0.175328
-0.698765
-0.79359
-0.101782
-1.80634
16.4258
-11.1897
-0.351183
-0.790849
0.504479
1.87585
-1.75813
-3.85151
-0.425846
4.42806
-3.67123
0.208672
-1.0978
-1.7669
-0.0276217
-1.37702
0.462399
-0.578189
21.3837
-0.283891
6.4244
1.76699
0.123642
0.824661
0.182694
0.196407
0.889253
2.97951
-0.973598
-1.06101
0.220063
0.973007
3.26092
-2.27141
2.15385
-2.1758
-1.20196
-0.951912
0.33426
-11.5649
-0.511123
0.0176408
10.1199
1.91498
-0.525704
-0.327181
-0.0914151
-0.776375
-0.783637
0.17544
-3.65604
2.84186
-1.15251
-1170.85
0.243211
-0.286867
-0.479323
-3.06942
-21.0652
-2.75758
-0.709853
3.21077
-0.412975
-0.960991
3.88271
1.06372
-0.34973
0.995246
-0.0243981
0.641432
-1.64555
-1.79408
-0.0940474
0.8747
-2.52309
-5.95817
-0.0610459
-1.65671
-2.95839
0.31449
1.3731
-0.185506
-10.5902
-1.99411
-4.38432
-1.25581
2.11395
-0.984059
2.99146
-0.146461
-0.470272
1.2716
6.62148
-3.95172
1.53257
-0.0579774
0.23704
0.553706
-1.88044
0.417411
0.529292
-1.94247
-0.995774
-2.37272
-1.8601
1.65879
0.0540719
0.00167611
-0.549419
-0.0929909
0.704473
1.03862
3.17913
-6.04843
0.197377
-0.170578
0.348138
0.418636
-0.846476
-1.73424
-0.700459
-0.455423
0.139042
-0.060384
0.0224202
1.05606
-0.47429
0.195187
0.373727
5.04555
0.13973
-2.5229
-0.351785
-0.421623
-4.73499
12.3224
-10.7094
0.282897
0.21747
-0.709861
0.601804
-5.64545
-2.17901
1.89997
-0.209545
-0.154738
0.472957
-0.56788
-0.560016
-0.10494
-0.229836
0.198017
0.584104
-0.512032
-1.14018
-0.617345
-0.245678
0.756319
-0.723135
-3.62752
0.316524
0.342525
1.55033
-2.18449
-0.0410962
-2.8438
-0.871651
-0.390154
44.9226
1.5125
0.348022
-0.494883
0.702657
-0.496461
0.6367
3.73803
1.58333
-7.27455
-12.5854
5.50501
0.282446
-0.495455
-4.32798
-0.56828
-1.2988
-0.484695
-0.336021
-0.894755
2.26356
0.342912
-1.04981
-0.503446
-1.03569
0.0507626
-10.3204
-0.0180816
-6.63512
-1.68656
0.390041
1.07718
0.204221
1.26641
17.7361
-0.406565
1.6655
0.0739302
-2.30437
0.115072
-0.06307
-1.20789
-1.69942
21.6193
-0.852996
0.90391
1.94478
0.666521
-0.940398
-0.339284
-1.10689
4.61909
-1.34394
-4.72603
0.976376
0.234877
-0.0328253
-21.1446
-0.488587
1.04408
-0.117912
-0.687307
-5.30883
0.666534
-20.6437
-2.83051
-3.93938
-0.620107
-5.55607
0.766443
4.16961
-0.216059
-0.432108
1.2514
-0.752417
3.15199
-0.442043
-0.396284
-0.933508
0.127411
-2.76166
0.043655
0.770122
4.25853
0.811085
3.06854
1.18601
-14.3066
0.924641
10.67
0.560946
5.01774
-1.03865
-0.00751694
-0.366065
-1.30707
8.38086
3.29504
0.804542
0.176566
-8.55985
-15.1611
2.41588
1.04798
28.2034
1.28245
1.01007
-0.525008
0.0435505
-0.893036
-2.7946
-1.5139
-2.94004
1.222
4.71864
-0.805798
-3.0374
-0.376153
1.03669
-1.80561
0.806821
-5.80736
-0.447251
-2.31039
-10.7095
-0.371485
2.84071
2.82576
-11.0272
2.0732
0.255275
-0.442591
-1.11552
1.25377
-2.40112
0.811665
-0.444847
0.406774
0.561183
-1.7919
8.98226
9.25038
-1.41369
0.126933
0.217107
4.46661
-2.10272
-7.60567
1.87551
-1.29516
0.970801
0.658647
0.700632
-1.68374
3.60721
24.6171
0.168763
-0.925859
0.27202
-0.0479984
-0.417193
0.0293545
1.87084
0.274084
-0.158511
0.939181
-4.39715
0.596702
-1.99349
-0.10719
-6.17092
13.5859
5.06403
-3.02436
-0.707315
-0.170769
0.461495
4.74995
0.129678
-2.84296
-1.79983
-1.20843
-0.489514
0.0615675
-0.209649
0.280778
-1.74444
-0.787478
-0.418483
-2.57886
0.472572
0.577392
0.354538
0.923042
-0.635216
8.5876
-0.856506
-1.67091
3.14766
-4.54751
-0.44759
-0.428642
1.35496
-2.12463
-0.42165
0.93594
-0.580065
0.16064
-20.2409
-1.58411
-1.11643
8.04493
-0.231491
1.3029
7.90456
-1.61028
-0.550295
-1.21864
2.33594
-2.10115
1.08559
-2.11042
-3.67672
-1.01434
-0.399061
-2.41403
0.409596
0.161989
0.236958
0.32515
0.616378
0.740792
0.177502
-0.147692
2.64227
-0.606989
-2.4364
-1.2504
4.59879
1.72181
-0.355024
-1.60403
14.1929
-1.37564
6.47024
-1.61966
-2.2005
-0.326532
-0.17899
19.4799
-0.532915
0.501918
1.19068
-0.416253
1.81979
-0.119855
3.01749
0.768446
-10.7768
-0.0576493
0.530639
-3.74456
-0.792343
1.05314
4.64352
0.598767
4.32534
2.15181
1.63818
0.211359
-0.380211
-4.81127
-0.894006
4.24032
-6.91516
0.330257
-0.596497
2.91474
-0.28196
-1.07542
2.3799
1.11528
3.53276
0.547259
-7.83828
-0.689778
14.2175
-0.80441
-2.19826
-0.0110693
0.956211
0.0453226
0.209834
0.261089
-1.68123
-0.639585
6.67701
5.69712
0.169297
0.691937
9.15549
-1.08294
0.711969
-0.709971
1.53129
-0.0174906
7.92369
-0.0798667
-0.217931
-4.49999
-0.0710002
-0.463989
-0.441552
-0.123179
2.05538
0.129535
0.683764
-0.752536
-1.19681
0.373621
0.997204
3.2624
-4.77867
-2.65604
0.697869
-4.98724
-74.3659
2.14796
1.2801
0.802871
-23.7147
-3.15427
-31.4645
-0.614264
-1.15934
-3.51966
-11.2044
-13.0121
-0.64945
2.65559
-0.656615
1.9548
-2.91853
-1.73439
-0.814431
0.21038
3.52669
0.713324
0.0698883
-0.298177
-0.934367
-0.599333
0.448632
2.06579
-3.85741
3.0587
-1.66999
4.65021
4.21288
-2.3043
3.67131
0.775118
-5.39189
-1.35589
-0.867397
1.47654
1.68141
7.83919
0.748524
-0.871109
0.354908
-1.37043
32.9122
-0.326212
0.0406163
-0.9331
-2.78104
-0.259458
-1.01394
0.631745
1.26147
0.26853
4.85716
-0.149869
-3.19742
1.4892
-0.647269
1.67372
5.50925
-0.282174
2.58798
-0.529291
1.05656
-1.28195
3.21622
7.58143
-0.0554579
-3.44231
0.931153
-2.71519
0.127833
1.9701
-0.654405
1.16898
0.0494195
-0.59893
-1.35512
-4.7435
-7.1449
0.184443
0.876995
-1.63997
-0.912427
3.47861
2.75964
-0.444923
1.08312
-120.236
-8.76684
4.65571
-1.38655
7.62727
0.1137
0.325674
-0.863254
0.645342
-1.97373
-0.14769
-1.00158
-2.51042
1.91693
-1.33022
-0.506855
2.33742
1.04695
5.21459
1.03602
-0.472575
-11.1771
-2.06809
-0.0604359
-1.89588
0.214691
-8.20788
-0.736772
1.18717
2.76712
0.399823
0.905927
0.10883
-0.180928
-0.166474
1.62241
0.132609
3.93789
1.77757
0.988287
0.440252
-0.642045
0.215022
-0.596424
-1.69651
-0.190818
0.444483
0.502864
0.237246
-0.362887
-3.33942
-0.506356
1.52567
4.14637
-0.483653
-1.15735
0.146082
-0.511389
-2.01121
-3.30237
-5.65264
0.371916
-8.24008
-3.69541
-0.952068
-0.681715
-2.4
-1.18723
-0.209859
-0.155871
0.33111
1.10426
-0.291841
-2.23552
1.68192
2.61868
0.508335
-2.13534
-1.62724
-3.14846
-0.503
1.45537
-0.0809752
2.50133
-1.40766
4.98629
-1.94307
0.1784
1.03388
-0.205643
1.01062
-0.179577
2.80249
-0.468918
-1.74414
0.450508
-0.245617
2.78501
0.188697
1.53299
5.72695
-1.53209
0.910814
-3.00583
0.114483
-4.3516
0.869061
0.273254
23.57
-1.30031
0.297144
1.91693
-0.492277
0.250387
-0.87433
1.70469
1.07851
-0.407364
-3.25677
-8.391
-1.35101
1.07716
4.44716
45.1474
-5.98614
1.01844
-171.109
1.91555
-0.502579
2.42998
3.87731
-0.295456
0.413239
11.6362
0.63221
-0.195906
-0.290886
-2.1354
0.875482
-1.17279
0.449095
-7.0424
-1.00149
0.166569
-1.40184
-0.110613
2.01449
5.28725
-3.40418
0.059784
6.70416
-5.83659
1.37524
0.424652
1.40645
-2.26656
0.551067
1.27732
-0.416302
-0.833093
4.05495
-0.217965
-2.06969
-0.195175
-0.336994
4.16945
1.58122
-0.238084
0.311962
-1.18757
-2.30478
0.248104
-0.423162
0.420422
3.83795
-0.280111
-0.304478
-5.66357
0.657953
-0.61652
10.2796
1.23481
-2.42354
-1.60404
-1.56001
6.58235
-3.96875
0.465034
4.35082
0.374151
-0.87787
1.11092
-1.02129
-0.986209
-2.71069
0.238389
4.07254
-5.0875
0.218421
0.210788
-1.83028
-0.0115844
0.187095
-0.238595
1.27905
4.31537
1.93349
-1.56329
-1.59297
-0.827356
7.45198
-2.39358
-1.78885
-0.603046
2.51131
-0.369874
-0.539573
-0.539962
-2.13079
-0.0747479
1.52716
7.40738
-0.657956
4.64198
0.199455
-0.148005
1.17951
0.89951
-8.13223
-15.9046
1.13842
0.0649331
-0.0297091
1.07746
11.7191
14.4072
-2.11887
-4.39053
-168.622
0.265588
-1.78959
0.891936
-283.432
11.1681
-1.69197
1.81682
-0.873976
-1.15197
-0.182385
14.6
-2.47631
-1.9499
-1.07901
7.92559
-0.679947
0.250604
-0.0680483
0.0668311
-0.199076
0.113592
-2.88878
-0.197175
-0.83861
0.574805
1.24633
-6.00727
-1.07415
2.78435
-0.415799
-0.460265
-39.5084
-2.56682
-2.46875
0.0560789
2.1841
-1.90312
-0.909028
1.54643
-0.364112
-5.94635
-0.312822
-0.222497
2.17849
0.846818
0.151786
-0.485608
-1.14844
1.69548
-0.242638
0.0380384
-1.10063
-0.194679
2.52534
0.512409
-0.914217
1.51822
-0.92313
1.90505
-3.20073
7.71021
-0.110583
0.200075
0.0376058
0.895089
-1.32069
-39.7303
-1.03662
3.98561
-0.587251
1.34125
2.59268
-0.710498
-0.108422
-8.96551
-0.509071
0.575272
46.7109
0.296715
-0.572999
1.07502
-0.205953
-3.19191
-0.62927
2.67411
-0.892504
2.48306
-0.61892
0.00774185
-0.146905
-0.28945
0.816404
-0.566042
0.839546
-0.222021
-1.53292
-0.369965
-5.08916
0.716537
2.22993
0.387985
-0.957354
0.847537
-0.696876
3.00554
-3.07777
-2.88784
-0.698362
0.289905
-0.258195
-0.0797348
-0.0948289
0.605097
-0.170678
0.0535866
0.174313
0.21823
-0.0114438
-0.256891
1.38005
0.415291
23.822
-2.13315
0.0684402
0.512263
1.10625
-0.446395
-2.7131
1.3866
0.449945
-2.94267
-0.436534
0.0813677
1.67156
169.407
-1.11091
-1.91464
0.176883
-0.252391
0.116501
4.37302
-1.33534
-6.05212
0.48003
-1.17209
-2.26625
-0.556547
0.677392
1.42062
0.194022
1.17043
3.09601
-19.4259
-13.0426
0.379466
0.361719
-1.18939
0.199789
1.57073
-18.6881
-0.493941
-0.766286
-0.0454754
0.698005
-2.23583
0.15682
2.40242
1.77608
4.89022
1.00719
1.12853
-0.27277
2.07353
-1.93109
2.27613
0.592607
1.47924
-0.0580712
-0.917634
0.480867
-0.00765178
1.86123
3.63287
0.823948
0.692455
115.301
-1.74374
-0.843753
1.63504
-1.50595
-1.66284
-13.1958
-1.7739
0.579223
0.802066
-0.169947
2.95146
-0.254566
-0.640898
0.16091
0.175077
-0.160707
1.41507
-15.2079
0.966225
0.804424
-0.563115
-0.196014
-4.40326
-0.635141
0.0445037
0.912802
-3.13259
2.82203
-0.6561
-1.09774
-1.79471
0.739559
0.815496
-1.05625
0.632059
0.928919
-0.173702
-0.166697
-0.371549
0.692318
-0.298089
15.5094
-0.3405
-0.166556
0.171609
22.6211
0.696405
0.0538971
-4.01059
0.262919
21.5924
-3.4714
0.450931
-4.46019
1.6649
3.01557
2.90544
-0.222919
1.54019
-2.00206
14.3494
0.825688
4.05029
-0.618926
2.66776
-0.782282
1.78366
2.76995
-7.31708
1.07475
0.477687
0.208664
0.451152
0.113326
0.624859
2.28656
111.675
1.85947
-0.535006
-2.69358
-8.82135
-8.4058
-6.7944
-5.51893
0.448301
5.59283
-3.2652
0.853726
-1.3011
0.27886
-3.97422
4.04282
-3.11085
-0.148403
-2.93764
-0.092933
2.43142
-0.276001
-1.16274
1.5329
2.00959
-1.26831
0.791957
0.224977
5.55795
1.08692
0.0225243
-0.77867
1.44676
-0.947306
1.2932
-0.123919
-1.33495
-1.43413
0.0753967
-0.951264
-4.209
-0.137718
-0.0103882
0.47763
2.10219
1.92358
24.3986
0.202285
-0.968562
-1.07185
0.741187
0.16883
0.010307
-0.00368184
0.362501
1.26289
1.49166
15.9567
0.00545499
2.54454
-1.74221
0.05176
3.59935
0.883556
1.71661
1.28361
1.08927
1.68086
72.6847
1.15814
6.41411
-60.6071
-2.83818
-6.13207
-1.49885
-5.82204
0.563361
0.437076
-1.01102
0.453843
0.312583
0.486236
-1.69371
-2.90774
1.39148
0.378999
9.43492
-0.37458
-0.258823
1.16577
-3.57215
-38.6338
5.02783
0.198445
0.208722
2.32434
0.0947723
-1.36142
2.03003
-2.90265
0.564331
-0.374113
0.719783
0.962423
2.13525
0.272163
-1.91192
-1.53136
-0.118135
1.04865
0.729406
-2.56328
-1.47337
-1.96569
0.873208
-22.8951
-10.5207
-1.16815
0.168849
0.29365
1.40662
-1.23076
2.19988
8.787
2.98023
0.463747
3.83626
-5.3682
-1.18475
0.529534
-47.0091
-0.412739
2.25726
0.965762
19.4678
0.712887
-0.587323
0.370645
-1.79881
-0.14699
-1.99606
0.0783669
-1.31848
-0.236354
0.637807
0.493458
0.335863
-6.89055
-1.29248
-0.244528
-2.05993
-3.10334
12.5167
2.56181
21.3705
-0.478984
-0.709304
-19.7058
-0.625084
2.39149
0.0907891
0.287256
0.694644
-5.0056
-4.48048
-0.163286
-2.39688
-0.856449
0.367122
0.412151
-1.4507
0.366788
-1.23441
-13.6838
-0.251629
52.0138
0.368356
-3.29893
1.84359
-4.97261
13.247
0.818898
2.02211
4.35658
-0.855034
-48.117
0.197925
1.40483
-1.10488
0.0696706
0.603036
-0.411578
1.09885
1.56932
0.292681
-2.51596
-1.29852
5.95699
-0.00274419
-1.03871
0.868271
0.6618
-1.30713
0.43012
1.26917
-0.715866
0.0694041
-1.52939
-0.754575
1.29758
0.461941
-1.98018
0.022743
-0.980273
-2.65254
-0.31657
-2.57746
0.576491
0.334208
-3.09027
2.17224
3.56564
-0.431027
-0.811468
-0.387725
0.221098
-0.486837
1.57196
-1.11271
0.265759
-1.59057
-1.3912
-4.23955
0.576396
-18.7102
-1.0379
0.445787
-0.327701
0.235252
0.231183
-26.7195
2.87829
4.51128
1.03769
-0.108166
-4.64154
-1.07612
2.65336
-0.633421
0.368173
0.836015
0.45499
14.61
0.124621
-2.23148
3.93733
-1.41173
-0.178588
-0.0757059
-1.75095
0.319125
2.9167
-0.429272
0.185042
-1.12042
-0.485486
0.920048
-3.61617
0.628021
-0.00691409
-2.22776
-0.466448
-0.514435
3.52283
0.896195
0.327847
0.0250999
-0.805345
1.77778
0.632587
-0.000133002
5.25938
1.10865
-1.86506
1.54707
-20.9172
0.0554847
0.310953
-2.11425
0.0416607
8.56257
-1.14892
-0.485928
0.318891
-0.533297
0.0147441
-1.55757
-5.44795
0.00553206
1.40598
0.424637
2.50159
0.16643
2.62633
1.8637
-3.79822
4.18781
-2.61344
-5.58394
0.741042
1.56112
0.797946
-7.45608
-2.14237
-1.51624
2.10281
-0.839884
-0.609252
4.78606
0.960264
-0.587022
1.49518
1.01422
-0.67113
-0.184336
-0.267677
-0.663686
-14.3359
-0.478804
13.7519
0.920238
0.0746323
-0.402312
-0.943366
0.707127
15.7514
-1.4662
0.571988
-0.525584
0.752711
0.00419438
-1.61375
-1.92083
-1.01679
1.42994
-0.244607
-0.0192622
-4.95788
-1.73846
-57.2484
-0.172737
2.36444
0.816601
0.900905
0.356383
-3.02908
-0.703874
3.11578
-3.17551
0.017094
0.075066
-3.94072
-2.39526
2.24189
0.486076
0.686559
-4.33173
1.663
-2.03384
-0.377435
0.679635
-1.04039
3.0487
0.199425
-0.444194
2.10248
-0.655563
-3.2852
1.50691
-1.07793
0.514921
-2.82772
7.25999
4.50864
0.862832
0.231506
-1.25518
-1.25591
15.3265
39.0718
0.135901
0.63866
-0.498397
1.4751
-1.69472
0.956881
-5.42872
1.37593
0.8941
-99.8712
0.498977
-0.977218
0.288148
0.413123
-28.2058
-0.12518
-0.210936
6.27353
-2.09324
1.06357
-3.62347
3.30343
0.233523
-1.45055
0.25337
0.253528
0.473158
0.535909
1.70268
5.60757
-0.90094
-0.340889
0.202515
-13.8059
0.613043
-1.13103
-1.35388
4.43886
0.423912
-3.34224
-1.62736
-3.21742
-0.883662
-0.0871568
-1.24385
-0.168331
-0.342846
-1.24511
1.03563
-0.349241
-0.507271
-10.7742
-11.0231
1.53091
2.62197
1.14767
-0.17551
-37.4663
-0.183468
-0.036906
-173.448
-0.067048
-1.04511
0.456649
0.010263
0.575036
-1.02486
4.99664
2.23818
2.71018
8.55067
-3.06969
-0.0199184
1.46549
-1.53662
0.700639
1.21063
0.612369
0.0871346
0.586527
-0.899085
0.034007
-0.373449
0.638141
0.21757
0.325103
1.93649
1.25751
-1.60561
-0.757667
10.4357
0.11047
1.00234
-0.379605
4.09719
-3.73075
-0.325782
-22.1782
-6.23437
0.509516
0.35917
0.536292
-0.445432
-0.642627
-1.30848
-0.268503
1.60941
0.699799
0.210225
-2.22428
0.0156487
0.578384
-23.3632
-0.326938
1.02009
-0.720776
0.989169
0.190029
-0.0863935
-0.161682
-0.0868488
1.26047
-0.991235
0.552194
75.3305
-1.0642
1.55953
-0.915644
0.13924
4.39352
1.64052
-1.99712
-3.44847
-0.721853
-0.0952273
-3.0092
0.370279
0.220665
0.832062
-18.288
-6.70865
-0.511321
-0.724576
-8.06384
-0.669223
3.32385
0.237593
20.7706
-0.49126
0.44288
-0.507324
-7.6879
1.13524
-0.0882871
2.01685
0.537537
0.225609
-0.549342
1.66248
-5.56937
-0.120628
0.908552
1.5512
-26.7945
-0.796835
-5.05373
-0.782049
-3.50863
0.18341
-11.9377
-9.28587
0.822007
-0.724236
-0.424382
-3.04003
-0.496643
0.611851
-1.55004
0.0561437
-0.0133636
-4.87428
-0.0604419
0.500535
1.01748
-2.8493
0.552314
-0.0152311
0.326552
-4.07025
-12.6717
-2.84526
-0.675347
-0.450878
1.47272
0.633491
-1.54387
-0.560133
-0.155853
15.2965
0.294022
1.52061
-0.960982
-25.4283
2.04156
0.231565
-1.55667
-2.72539
3.62956
1.23223
-4.09572
-1.12616
-1.19646
0.0591753
-0.312706
0.362112
3.05663
0.190432
5.01734
-1.28763
1.20155
-0.503488
-0.313492
1.5959
-0.305892
1.87901
0.315519
0.624522
-3.09092
-1.00976
-11.029
0.195657
-1.83924
-13.2491
13.1525
-0.429396
-1.20351
0.34201
-17.2122
-1.11691
4.57794
-3.96437
-0.303924
1.06186
-3.47743
0.131861
2.72581
-0.19479
-2.5483
2.33541
1.30608
-0.830718
-1.03421
-2.36384
0.0385336
-3.88051
-0.22727
-4.17627
0.358146
-4.87989
0.541427
-0.0613158
1.23288
-1.38264
3.17902
2.39761
-2.76739
-0.558963
0.666951
-0.519542
-1.60638
-0.629
4.1221
0.110274
-0.403392
0.464148
0.514293
0.0366539
19.159
-0.631361
-0.218338
-0.941616
-1.09434
-0.744205
-1.19788
0.0166525
2.08012
-1.07515
-1.43009
-0.673412
0.516151
2.25571
0.650244
-0.70325
-0.643037
0.283342
0.630076
-1.05451
3.33701
0.624689
2.33184
-1.48369
3.44236
-5.25707
-29.6456
-7.6383
-0.789386
0.434537
3.46202
-0.120375
-1.36163
0.975678
-0.0996721
5.48984
-1.54533
1.02009
1.75747
3.22233
17.0847
0.237212
-0.638031
-5.4152
-1.22533
-0.890124
0.336418
-1.24845
0.305094
5.9603
-0.25825
-1.03501
1.48705
-0.268149
8.38185
-0.0986174
6.43136
4.18897
-8.33768
-0.63766
0.489324
0.508391
-0.0358426
-3.56829
-0.955441
0.148328
16.6651
-2.02487
-1.99261
-1.39273
-0.0710015
-2.49237
-18.3916
-1.78065
0.593826
2.15356
-5.05004
-1.24249
1.21591
-0.515882
-1.52615
0.0422086
3.38574
-9.74014
-0.820058
-2.63089
-0.0137023
0.317538
-2.81029
-2.67306
-6.8615
0.130655
-1.90808
-269.689
-0.126304
3.61153
2.07307
-2.46817
1.33304
-0.0346675
-0.0773662
1.41331
0.440562
0.227693
4.53346
-1.81207
0.374206
0.639694
-2.80011
-0.253908
0.0096231
-15.6097
0.902167
0.888322
2.72376
-0.303586
11.8705
-0.0716541
1.00789
-0.239138
0.594269
6.62415
0.827877
-2.52337
0.977532
-2.94522
0.0701659
-3.38804
0.062814
-1.14932
-0.348985
-5.97532
0.0366589
1.51281
-0.818913
-1.03912
0.585982
22.1124
1.74616
-2.30207
-0.0386572
-0.108634
-0.95937
-2.07291
-2.00213
0.178985
-1.24643
-6.09704
1.0147
-0.307064
2.70875
-1.96687
-0.662572
6.2535
1.30091
1.8056
-0.27984
0.452584
-0.379927
0.461124
-1.49779
1.16428
-0.340144
-0.155833
0.0183825
0.268132
1.60595
12.5782
2.04257
1.37601
0.612002
-0.0657691
-1.55431
0.322892
1.91402
0.0250917
-4.65328
15.3068
4.05324
1.7678
0.536948
-1.57563
1.46934
-8.19691
-0.169684
6.39925
-1.95371
0.176306
0.50142
0.663814
0.221562
-9.74179
0.908087
0.892094
-3.78891
-1.48068
-0.856105
-1.55181
0.462772
-0.360408
4.97411
0.903739
-0.78015
6.82122
-1.30605
-0.399579
12.7334
0.261411
0.267481
389.691
-6.94378
4.80213
4.01968
0.456189
-1.96382
-0.340959
0.258688
2.80876
0.556416
0.497608
4.27979
-0.00961125
2.78015
-4.41619
-2.10625
0.181843
0.313944
-0.163939
-2.41682
-4.62447
1.15738
-1.4002
0.509992
-0.136974
-0.138528
1.97082
28.5776
-0.383712
0.116417
-23.231
-4.42334
-0.102179
0.0150196
1.5509
2.07162
0.337695
0.154259
2.74752
1.24925
2.82075
0.345053
-1.0783
0.84239
5.05221
-2.0432
-1.43331
3.57418
2.819
-0.536618
0.716987
0.141705
-0.0191611
-0.157519
-1.7836
2.25135
1.31595
0.485554
-0.976657
-0.513031
1.31284
-0.981404
-0.266379
-0.386429
0.659229
1.26734
0.938975
-0.581105
1.68619
0.656587
-0.874139
-0.356962
-1.21364
2.06614
-0.0838655
-0.244947
0.743235
4.98805
-27.2695
-0.0411779
-0.910523
0.129792
0.876219
0.872522
0.117244
0.880017
0.0271952
-0.222329
-1.81324
27.3115
27.1113
0.756302
0.459789
-0.153998
1.91513
1.99408
0.238131
-0.925774
0.54991
-0.444465
9.17291
-0.508572
0.234193
-1.14714
-2.27995
-5.37284
-0.724316
-0.795611
0.0664171
-2.25439
0.110391
0.640982
-8.48825
-1.43272
-1.4085
-3.75888
0.793277
-0.924197
-1.93871
0.723742
1.01498
4.66835
-0.077792
0.37437
0.397442
-1.19587
0.634835
2.94335
3.35809
-0.117328
-0.826662
1.7775
0.173239
21.4599
16.1989
1.64609
-0.579751
0.356476
1.50651
-0.917567
1.38057
0.62674
1.6618
0.637464
-1.81335
-0.0132578
-0.0141924
-0.0390866
0.23452
-0.286631
0.156348
0.200033
-0.100385
0.0772764
-0.230582
-1.53836
1.03885
1.27552
-0.00925688
-1.47739
-7.36231
0.00613366
3.41733
0.622086
-0.200845
-1.22034
-0.847233
-6.01792
-0.634501
0.0798203
1.6231
3.19405
1.02256
-0.466718
12.2259
1.09232
1.97192
-0.863136
1.70969
0.646273
-0.0887994
3.54314
-0.754068
0.735294
0.59113
-0.014772
-0.695509
-1.05252
2.14739
0.205266
-8.24181
0.960678
0.19319
-1.02165
-1.2454
1.26015
-0.459639
-0.775049
-1.29968
2.64204
-0.306068
-3.96149
-0.536549
0.960986
-2.2191
-0.4464
1.85008
-0.0692027
-7.17416
0.154695
-0.650454
-9.46696
0.378727
-1.16412
-2.87948
-0.372756
1.71038
1.11276
-0.8072
-0.732443
0.812476
-5.79452
199.333
-0.413152
-0.0644579
0.72029
7.39683
0.134917
5.30597
0.0788543
-3.01215
-36.1516
-0.69955
22.9225
-0.358158
0.972629
-0.208007
1.54703
0.184701
0.306354
-0.568649
0.676358
2.48617
48.2364
0.917047
1.01715
-0.601748
-14.0893
1.71989
0.0637572
0.398613
-0.0293381
-0.491821
0.237071
2.19783
2.32747
1.33131
-0.395545
0.156923
-2.31867
0.96617
-1.08353
-0.766824
-0.337633
-0.23252
-0.0844502
9.3846
-2.46011
-5.57881
1.09225
0.460069
-16.4263
-6.47065
0.0323639
0.637763
-0.0379103
-0.470419
-0.799798
0.0703334
-5.88997
-0.00974763
1.98965
0.0500617
0.763458
4.18992
-5.88992
0.873505
-0.369884
-35.3241
3.27643
2.63665
-0.0133691
-7.5918
-3.52908
-0.760498
0.47
0.659198
-1.67402
-0.127151
0.990596
0.48558
-2.7935
-2.87945
-1.38728
-2.2937
0.339396
0.799033
4.43328
0.420348
1.21765
-0.824222
-3.44823
-0.368718
-0.692182
-0.58341
-0.348693
-0.0257564
1.88496
-0.0421503
7.27233
0.436597
-2.14223
-0.136899
-5.55074
0.758139
31.837
6.62658
-1.37528
1.97512
-1.88579
1.24185
-0.34647
3.62115
0.250059
-0.730449
-0.280539
-11.6269
-1.25988
88.3151
0.583265
1.02806
-0.692899
1.70417
-0.230919
-2.49617
1.05827
0.423369
-1.07539
-1.1788
2.21818
0.666891
3.22654
1.19817
0.00719169
1.03542
1.42481
0.415271
-1.10152
11.2266
0.696118
-1.02932
-4.42825
-0.77985
0.0560328
0.0405832
0.829422
-0.0445144
-0.887955
-0.517874
0.0100925
-0.45064
0.345165
-2.13409
-0.9927
-4.82597
1.20426
2.67087
92.0043
-0.992355
0.0295939
0.369477
0.247334
2.14439
-1.88968
-18.5368
1.28256
25.7141
1.24784
-0.0989774
0.899171
3.82758
-4.33939
-1.97609
0.79405
0.834662
-0.0958202
3.86227
-1.03768
0.23163
-0.0572005
-5.79322
0.211338
0.0941026
-0.641599
0.311321
0.436635
-0.147864
2.13587
0.167692
-1.06006
0.388844
-0.080457
-2.6883
-11.5029
0.0623916
-1.52091
8.37785
3.46204
0.843865
-0.752433
1.92225
-2.39146
4.19212
-0.111332
-0.431993
0.204779
-3.88491
2.46288
4.01068
-0.0856646
-0.177826
-0.584311
0.126202
-0.834806
0.54756
-0.0619186
1.11946
-0.101858
-4.25116
0.247205
0.690814
0.58082
0.171723
-1.9149
0.428584
9.74826
1.01013
-0.15772
-14.6614
4.0025
1.37393
1.25574
1.86311
0.188696
1.07245
-2.02537
-62.4723
2.07749
-10.7741
0.899541
0.649821
0.246085
-1.69862
3.16006
1.97597
-0.996259
-0.389696
2.61238
-6.68112
1.85748
0.376644
4.24373
-0.109269
0.77144
-1.55126
1.02
13.0822
2.55046
1.3835
4.68239
-0.383214
-1.68188
-4.98777
1.02842
0.561424
0.258962
3.55189
-1.13551
3.08542
2.97479
0.743807
0.506
-2.73077
-4.32958
-2.78202
-5.32605
-1.75588
1.48008
-1.68141
-0.569212
-0.310781
-0.693358
-0.533685
0.188536
0.221835
-1.20182
-0.145663
0.655367
0.668062
0.717397
0.363842
2.88842
-2.15247
1.9533
0.146311
1.6837
0.0869293
8.77623
-0.0015024
-0.176071
-0.296884
3.35379
0.229312
3.21669
-1.06454
2.64368
11.5631
1.00922
1.76029
-1.59923
233.464
-21.4653
-3.59047
0.236155
-1.09027
0.523996
6.57262
-1.73697
0.229822
0.317614
-1.1032
1.53952
-1.57956
-0.373724
-0.486272
-73.9329
0.138117
2.56205
-0.546489
0.850672
0.944988
-0.0656459
-10.3522
-2.14052
1.76565
1.36002
-0.646795
1.03271
-0.632482
-0.0195849
-2.22281
1.35399
-0.239823
-3.71316
0.856515
-3.08437
-0.204333
0.873507
-0.210527
0.814781
0.0203862
0.370954
0.458949
0.0668293
1.75453
0.603126
-14.2987
-5.14372
-0.888756
-0.596682
-1.76086
-0.826097
-2.71769
5.30671
4.86086
0.183627
-0.289756
-0.822613
0.0128609
-1.42428
0.32339
1.45889
0.629049
-2.64686
0.2814
-0.78812
0.243875
2.7853
0.224821
-0.15122
-0.697971
-0.990108
-0.344261
-7.8343
-0.903044
-0.28135
0.610656
-1.58162
-0.827741
2.96785
-0.39196
2.05727
-2.25743
33.3149
-3.32774
-1.90611
1.41716
-0.951563
-1.53401
-108.646
0.15889
1.20218
36.9928
-7.59758
-1.31066
0.340048
21.5407
-3.75667
-1.25982
1.78167
-1.5729
2.6746
-1.78048
0.0672524
-9.67686
-0.0625696
-4.54823
-4.07496
-0.44034
0.0261741
-0.10916
0.227628
1.50814
0.653788
1.52776
-1.9157
-0.682431
-2.65211
-1.07149
1.14719
-3.3658
-2.22963
0.194353
4.54728
-0.10592
-1.70589
2.85031
-1.88612
-0.258492
1.70912
5.20815
152.81
3.48927
-2.3073
7.51743
4.10394
0.0961033
-6.97903
0.35921
1.01544
-3.55072
0.783991
4.12252
0.139381
0.827664
2.06659
-0.423115
-1.56031
0.114752
-0.00749444
0.793233
0.225657
-0.245136
-1.60973
0.437352
-0.118414
-0.552051
-0.389798
-0.320008
-6.24424
-0.215476
2.32849
-4.42479
0.12616
-0.170441
3.13644
-0.393825
-2.4233
0.932711
-27.5422
-1.75237
-7.23333
-3.47281
0.473133
-8.53789
-1.055
-0.338727
5.29036
-0.393897
-3.58904
2.43132
0.284039
1.62552
-0.322918
1.60689
-20.8683
0.91987
-2.18561
0.549081
0.246352
-0.0987789
3.19559
-0.470972
-0.891879
-0.216808
6.57668
0.750216
-0.714268
-0.167725
-0.556456
-0.166118
-1.47011
-2.05453
-1.60199
-2.10461
0.307485
0.395511
0.23896
-3.12793
-2.36137
0.275595
-1.53683
-2.66266
0.418136
-1.66677
0.716318
2.51061
-0.341717
-0.645216
-0.202397
-0.559544
5.39121
-0.635362
-2.85312
1.01767
-0.153449
0.562427
-15.0119
-0.0976848
-0.840174
-9.52494
0.591109
2.10237
-2.84263
-1.52779
-2.1621
1.332
-0.426383
0.49432
7.49811
-0.360875
-0.656778
0.896517
-0.266582
0.259435
2.10644
0.507731
-3.37653
-0.22515
0.299742
9.93362
0.396853
0.711083
-3.64469
-1.76634
0.0421596
0.703481
-0.458316
1.76531
-0.651117
0.610768
-0.913182
1.85428
2.65963
-0.437046
-0.568613
-0.0754475
-0.559224
1.50657
1.82637
-0.297145
1.64587
-30.7148
1.18812
0.50108
0.581649
-1.33567
2.07658
0.311149
0.300087
0.43804
0.610317
-10.8605
1.04579
0.56112
-0.575454
-16.368
-0.215546
8.32507
-1.7739
-3.31776
-1.70026
-0.0737022
2.97257
9.47657
1.90724
0.166624
-14.2874
2.12678
0.574404
-0.741185
1.17896
-0.463965
-9.26739
0.553847
-0.135066
0.70858
0.330479
-0.797948
-0.780732
-0.0295554
0.416804
-0.583
0.600881
-3.80985
3.40449
-2.94951
5.98718
-1.37191
0.0631934
0.679878
0.505547
2.50226
-1.98903
-0.829696
0.297971
1.18973
0.740064
-0.917519
0.00799366
-0.242648
-0.247743
0.295824
-41.2903
-0.183393
8.26255
-0.113192
-0.863442
-0.636612
-5.39374
3.63223
1.88312
-2.18257
-0.332339
2.62182
-3.66971
2.72262
-1.0347
1.46903
-0.284801
-0.301617
0.291536
1.31738
-1.43606
-1.013
-0.145086
0.740758
2.03212
0.840902
0.242425
0.900109
0.378798
-3.6144
3.32716
-1.31985
-1.54919
0.438546
0.232938
2.06902
4.21282
-0.477732
-2.09053
3.14916
-0.372508
-0.759622
0.127471
-4.38896
0.333757
-0.914811
-0.313148
-0.182158
8.75339
3.9602
7.47164
3.363
0.61122
-0.170911
-2.11357
9.46909
-0.312581
4.77019
0.0634597
0.463302
-0.810478
-1.52198
-1.48952
1.15684
-0.431853
-0.79663
7.51217
-4.38291
0.858192
0.0720457
2.12317
-4.87697
0.524393
2.82641
9.34342
1.66073
-1.05075
-6.35092
0.1446
0.799208
4.91672
-2.26398
-3.00771
1.04454
-1.18042
0.0991486
-0.20763
-1.58805
-1.58883
-0.552609
1.08743
0.598537
-1.99947
-2.61614
-7.47572
4.42894
1.38703
0.038272
-1.80028
-0.231817
0.348353
1.79762
-0.343303
-2.15463
0.570978
-0.157173
2.72575
3.58467
1.10448
0.734294
9.91026
0.671844
1.25918
-0.295036
0.769518
-1.86079
-3.63658
-0.791065
0.0612145
-0.170938
5.15154
-0.183698
0.415875
-0.775652
0.10354
-0.438446
-0.000659278
0.0121266
0.527616
0.714792
2.31868
0.344182
0.339032
1.20171
1.31876
2.70747
-0.0758637
-0.0693233
0.546267
-1.76546
-0.0738208
-1.72682
-3.83788
-0.112416
0.475917
-0.362314
1.66319
6.18639
0.365592
0.173995
0.615117
14.934
-0.252032
-0.427339
-4.24163
1.60557
-1.77395
-0.00135745
-0.980253
-5.64463
0.817937
1.43275
-134.136
0.228722
-0.449448
19.1186
0.0486227
1.76502
-0.256629
0.269659
0.185251
-0.842583
1.88116
0.133852
-2.373
-2.16083
-0.600992
1.33202
0.110987
0.518948
-0.20493
-3.13984
0.36711
2.43813
-1.06055
4.31802
-39.3487
4.17357
-20.3509
-0.920443
0.418146
0.378315
1.93241
0.588438
-0.325772
1.18162
-0.519045
-5.63476
-1.38896
-0.154757
0.836826
0.177468
-3.07951
-4.49178
1.00845
3.76262
0.591651
-0.246252
0.702557
0.962493
-1.44826
0.411434
0.31762
-1.49045
-0.885581
-0.618032
-1.28967
0.341676
-1.05189
-0.095025
0.419458
-3.42146
-2.10076
7.27605
1.07182
-0.21617
-0.540672
-0.118843
-0.127854
-0.392994
1.554
0.776628
1.12683
-1.5499
0.031182
-4.85929
-0.208086
0.711747
16.5915
6.29101
0.886659
8.1735
1.11481
-1.09969
-6.6308
-0.134847
-2.65159
1.08501
-0.981605
-4.54586
0.744115
1.09782
2.81643
2.34878
-0.036672
0.964714
0.445289
-0.987057
-0.124343
-0.0380477
11.14
0.313576
1.07695
1.01473
-0.827865
-1.38224
1.38381
7.48162
1.77065
1.42823
-2.6909
-14.7189
7.07115
4.02997
0.0260058
-1.42217
0.441365
0.123831
-1.58571
-0.25187
4.04163
0.382159
-0.165918
3.35479
0.568219
0.980911
0.962357
1.83662
-0.0500495
1.12883
0.997276
0.114821
5.11918
0.204847
-0.34786
0.188222
-3.12354
-0.202775
-0.969059
-0.246017
0.88515
0.554955
-0.412252
-2.91238
1.47826
-17.2507
8.32245
0.905093
-41.3402
1.50371
-0.730055
0.168447
-1.72355
0.568529
-0.895252
353.816
-1.02083
-0.412249
-1.01427
0.377193
0.851636
1.0315
-0.225326
4.93017
-1.01427
-0.601802
-2.11328
0.772554
0.402911
-2.97768
-0.914125
0.279675
6.89449
-9.50519
-0.668306
1.38354
1.20731
-2.67119
-1.1145
2.88659
1.92413
1.41226
40.1084
0.110995
0.154184
-0.355727
-0.656707
-1.59398
-3.07342
34.1096
0.850703
0.217346
-1.3088
-1.6097
-27.5046
-0.159118
0.698878
-0.611464
0.754692
-4.30662
3.31802
-0.968056
2.25865
0.86039
-5.09664
6.18402
-4.41331
3.46919
0.441248
-1.94874
1.47909
-0.74584
-0.303591
0.479079
0.83228
-0.738221
-8.37147
1.48826
-0.167293
0.47725
-1.60668
3.21618
-0.294302
1.04312
1.95865
-0.305901
-0.736847
-0.309735
2.24328
0.119398
2.32825
0.339379
0.737955
1.01975
0.347038
10.5106
0.55986
-0.330364
0.898009
0.370676
0.58943
1.09298
-36.3685
0.00665433
24.1706
-0.644445
-1.84809
-8.26958
-0.412695
0.0983506
14.1231
0.0531422
0.0874638
0.802217
0.0813842
2.14565
0.474077
1.78558
-1.04883
2.61575
6.78146
-0.153812
1.54665
-2.32518
1.7016
-0.707485
-0.917957
13.8499
-0.021884
-0.64224
-0.00899407
0.511985
0.820512
1.30219
0.749875
-0.489094
12.7042
2.49354
1.40214
0.964177
0.782494
2.71269
2.04835
-0.605316
0.680575
-0.284017
-1.98997
0.26282
-2.83397
-53.0091
19.7237
-5.6258
0.363244
0.52445
-0.342227
0.147411
0.336842
-2.04375
-0.560096
-0.0882532
-0.783505
0.185657
2.08934
-2.73044
-1.87968
0.83627
0.589903
-1.51987
0.800813
9.68735
-25.3614
-0.631994
0.154585
-1.03255
0.0204575
-0.543409
1.23095
-1.61584
0.524303
-0.351454
1.11304
1.53147
-4.84552
1.98349
-0.735271
0.0699708
-0.741387
2.97656
-0.524716
-0.394019
0.895102
-0.117867
2.17936
31.179
0.296039
-0.476553
1.79647
0.635425
-9.99251
0.85563
-84.9822
-2.16174
-0.135893
0.576772
0.509596
0.354506
3.96003
-2.30214
0.649829
1.73594
-0.347306
2.35095
-0.930372
-0.900724
-0.868511
-1.53975
1.16276
2.15502
6.02299
2.01249
0.419179
0.160203
0.768427
-0.222699
-3.83094
-0.0615602
-3.69008
-3.68473
-1.9467
0.103168
3.82306
1.95439
-0.215269
6.46135
-1.08423
0.710163
-0.449525
-3.56098
-0.374581
-0.443141
2.39859
0.834145
-0.523615
-0.734762
0.82201
1.30555
5.35015
0.961688
4.90935
1.67989
0.000395631
1.18746
0.101987
-2.25648
0.63027
0.0554953
-1.1985
-0.690816
2.22567
1.6063
4.2121
-0.681403
-0.44245
-0.0478191
0.400231
2.05526
0.790246
-0.811139
0.276778
2.49193
-3.32079
0.124154
-15.9158
1.11406
1.65922
0.596913
-1.61471
8.52115
0.291234
0.686322
-3.52809
-0.433788
0.279237
0.369508
1.32233
-3.71898
-1.73153
1.56865
-2.3004
-0.43887
-0.235164
2.08946
0.492879
2.37341
0.627053
-0.176855
0.484822
0.351733
-4.23399
3.93307
1.23565
0.49658
0.25707
0.48006
-0.700235
-1.96989
-0.198925
-0.683699
-0.0249684
6.57451
-0.713375
-6.70605
1.79063
-0.0982157
1.12711
-0.873874
0.226717
11.0709
0.359417
-0.402392
-15.5155
-0.877389
-0.369766
12.8912
19.1254
9.16451
0.271798
0.0273518
-0.459184
1.1782
-0.957656
-0.268343
7.0648
0.575021
2.0019
0.65265
1.57514
0.867574
1.71655
1.48669
0.499826
-0.963214
0.272075
-0.0881872
-2.3125
-0.456351
-2.97553
-0.225379
-0.113453
0.541325
-0.275366
2.1148
0.876641
0.648754
0.884547
-21.5892
-0.730466
-0.443978
0.494729
-8.26551
0.608392
-0.0663813
-1.63617
2.04233
2.50167
0.221967
-1.78897
-0.131567
-0.947785
0.975758
-2.96516
-0.489595
-7.72881
-0.904114
-0.315154
4.05029
-0.174923
-0.583825
32.4127
-4.78178
0.014536
0.524278
-0.310154
-6.9597
-1.11243
-0.374071
0.477475
1.117
-1.83304
-3.34218
0.0246349
0.866753
0.360234
-5.96088
-61.7278
-0.506269
-3.05446
-17.4094
2.42052
0.86897
0.79755
-0.234819
0.344939
0.634432
-7.75098
1.47731
-24.0007
-2.29592
0.140919
-0.320186
1.11194
-2.27688
-1.07726
0.175339
-1.39352
-0.881803
-0.625278
-1.52931
0.834383
-1.17979
-0.0930535
-2.19726
-0.140062
-0.153971
0.415143
-0.234864
-0.160679
3.25662
3.0716
0.24081
-3.83554
0.868333
0.199728
1.21522
0.0938947
-2.17717
0.190515
-0.834803
-0.186956
3.9658
-2.62477
0.66799
0.839794
-1.41274
-1.32537
-0.595152
1.85682
1.81597
-0.0712394
0.0595836
3.78022
0.552589
2.05345
2.97085
-0.723733
0.274756
-0.521243
1.07351
-5.81912
0.190217
-3.24393
-0.861699
-0.174214
1.33729
23.0832
-4.34663
-0.796436
0.0862134
-1.30933
-0.086249
0.481061
-1.24908
0.630538
-3.56493
-1.11844
-3.57486
-0.895833
-0.0550761
-0.903764
0.124552
1.10423
1.21306
-2.19691
-2.9428
0.173907
-2.37462
-2.30592
-1.6882
1.48545
1.19244
-8.59402
0.464322
-7.85742
1.75066
-0.881615
1.03685
-4.06031
1.13305
0.26838
2.55756
4.21599
3.80167
-0.578599
-36.614
-2.5012
34.1218
2.11512
-4.47352
-0.257117
-5.85072
-0.956583
-0.0565587
0.988986
-1.0631
-1.35929
-0.482917
0.291625
-2.22418
0.43863
0.354218
-0.157422
-0.0659932
-3.29858
0.74573
-2.96507
0.0475326
2.83833
-17.0006
1.10166
-0.324509
0.503289
-0.339116
0.567778
1.80191
2.40449
-1.0756
1.77385
-0.380407
-1.84476
-17.7003
1.13719
-2.60824
3.19001
-1.57698
0.360562
-5.66764
11.3354
-0.79969
-2.02299
-0.330207
-0.772461
-4.27539
0.253794
-0.609546
-1.43246
0.996379
-0.263475
26.7037
-0.155532
-1.76859
0.0936106
-18.4437
0.219139
0.199428
-0.309816
8.23747
-1.21336
-13.2243
-12.3851
-1.56391
1.77285
0.00555241
-0.0668537
-0.0645521
-6.57547
0.586442
0.039513
-0.406802
-0.506243
0.54721
6.2666
-1.48427
1.21979
3.9798
0.263855
-0.717809
1.7953
0.611168
0.277144
-9.43333
-0.560295
-1.92099
0.372815
-2.36384
0.0453191
5.29752
-0.0291539
-0.0381908
-3.54477
-0.521746
0.517326
-1.16344
0.729436
1.97068
-1.50812
-0.627345
-6.85351
-1.25191
2.40645
-0.0237005
-0.0956666
0.78984
-0.857584
0.139505
-1.4108
3.10923
-3.44772
-2.94418
24.7976
469.194
-2.20881
0.177698
0.345109
-0.793681
-0.464066
16.0114
-1.48303
-1.24671
2.73502
0.190418
-1.16027
-0.387761
1.81025
3.11559
-2.55545
0.444361
5.74099
4.16531
5.93917
1.21914
1.21074
-1.05134
0.403748
1.20786
0.872872
-5.62853
-1.52234
-1.31835
1.76181
-1.45273
0.135344
-0.0849147
0.970293
-0.505556
0.304813
0.352221
-1.37813
133.079
-0.595985
3.3813
-1.93309
-4.58141
2.39864
0.0665262
0.192755
0.558245
1.58298
-1.99573
-12.4469
0.303431
-9.062
-7.29635
1.02899
0.0211938
-0.00457847
1.94394
-3.38447
0.0635923
-15.4623
0.889569
0.295884
5.48397
3.9573
-0.249982
17.747
-0.744522
3.1262
-0.00783984
9.53014
-3.07128
-0.709726
1.60174
-1.27411
0.981313
-1.79858
-1.30056
-0.513291
-1.56232
-0.425466
2.3475
-8.54905
-1.48025
-0.655109
1.77724
-36.5932
-0.394944
-1.22758
0.832405
0.328268
0.665775
4.87888
-3.63783
4.94137
0.933602
-27.0041
0.138119
-0.515127
1.17285
-1.23647
-0.282321
1.34502
-1.51245
3.75558
0.269838
2.50841
0.268985
0.473124
0.035095
1.2076
10.4708
-1.92547
0.567913
-0.622675
-0.540332
-0.758494
-1.11728
1.06626
1.5041
0.308406
-1.27818
0.153268
2.07503
-0.52956
-0.343494
-0.372336
0.617579
-0.493935
3.29619
14.7131
0.547029
1.94982
-2.12132
0.871929
0.218418
-1.62123
-0.750694
-0.529512
0.103832
-6.22256
-0.189286
0.298641
0.974977
-0.622646
-1.84616
0.638786
0.351347
12.9214
-0.731529
0.492837
0.713096
0.667267
0.788328
-1.35142
-1.391
-1.70445
0.616218
-0.514031
-1.73114
2.18611
-0.202878
-0.553984
4.40874
-0.686733
1.36734
-1.89938
0.377768
2.08387
-0.681529
4.7143
-0.973078
-1.46472
0.195424
-2.00467
0.818815
0.716876
2.6229
0.373719
1.43288
4.87331
-6.19417
-2.73685
0.502155
-0.723271
0.214159
0.155693
-0.931134
0.208191
-0.998668
1.22798
2.80485
-1.81222
-2.47871
0.00242245
-1.03511
-0.0869592
-1.62221
-1.25792
-3.50083
-0.204303
1.08784
13.3146
0.785969
-3.4496
-0.183184
-0.738839
-0.298005
6.39184
-0.131177
0.901036
-0.466389
8.34495
0.289695
0.470445
-0.862212
1.7047
3.84551
0.0468956
-0.148799
-4.22823
-0.554241
-0.947816
5.75295
0.25004
-0.405218
-0.743627
-0.672566
1.3304
0.935405
-6.81724
-0.337223
-0.466603
1.2601
3.98288
3.79738
-0.496824
-1.86955
0.309305
0.222355
0.879101
6.20126
-1.15635
-0.842186
1.08437
30.2855
2.51414
-3.87347
-0.755623
-0.479495
-24.0555
1.68462
0.576491
0.567248
1.4462
-2.19629
9.09728
3.11877
-1.09269
-8.43544
-2.69022
-0.22477
-0.76409
4.75912
1.00101
0.0634117
-0.681417
0.226198
0.603748
2.97263
-0.275482
3.32397
1.71144
-0.321808
-0.227701
1.11405
0.92421
0.901952
-1.42642
0.936594
-0.144659
0.226068
-2.14778
0.0225868
-8.81466
-17.4168
2.5764
0.950793
-1.06186
-2.83757
-1.58453
0.360726
-1.6149
-0.235997
-0.181558
-3.16587
0.789443
1.22599
0.540327
-8.07653
25.3431
5.39433
0.820962
1.7552
0.380744
0.363147
-6.50277
0.181307
-2.47247
-1.40938
-0.23699
3.60608
-2.20185
1.41571
3.16131
9.92381
-1.35646
-2.39935
1.7776
-2.08049
-4.48754
-1.23771
1.60659
12.4496
1.11686
0.517526
-121.98
0.446808
-0.421979
1.86691
-31.8762
-2.35794
5.07072
-1.54616
0.4161
10.6054
0.356855
-0.507062
0.345408
-0.901398
0.483193
0.179762
-0.627296
0.673042
-6.32871
-1.62981
9.37566
0.651098
-1.20417
-0.417975
2.27912
-6.40458
-6.82321
-0.256566
2.66273
-0.355538
15.697
-14.2928
0.986932
1.38615
2.66558
-0.188517
-0.0668494
18.0441
-1.98834
-1714.91
0.918075
-0.00156494
0.310873
-14.5603
4.26164
-0.819515
6.18541
0.131525
-0.953112
-0.373858
-0.342812
-3.86275
3.77217
0.0277409
1.08467
-0.349733
-7.2845
2.46967
1.35261
0.245478
2.7916
0.652813
-13.7003
-0.311581
4.59101
5.05283
-0.523958
3.54469
-0.383565
-4.14509
0.100324
-0.885914
-2.55953
-1.66546
-1.28602
2.02244
-3.46661
0.362374
0.167227
0.140933
0.500939
0.0734658
-0.189823
0.694745
-0.00213323
-0.725373
-0.264095
0.0657323
-0.803789
-1.55462
0.0284508
1.36223
-0.536962
-4.6053
0.0705655
-0.0798576
0.767934
0.29728
-4.79884
0.280713
0.564609
-0.50374
-2.89887
-27.3837
0.276054
-0.214615
-0.921555
0.444987
1.40194
1.01539
-70.1967
0.402179
0.300222
-0.502113
0.222313
0.35386
-0.36969
-0.148932
0.120608
0.148868
-1.47259
2.70353
0.105789
1.03088
1.24021
-0.646435
-4.25412
-0.92421
-0.0155947
-0.896015
-1.55498
-1.67883
-0.440915
2.68524
-0.861566
0.0494432
0.899335
-1.58804
0.128454
0.636339
-1.20421
0.457672
0.125191
0.839923
-1.09427
0.513269
-2.81904
-5.43896
6.447
-1.8877
-3.02633
-8.82675
2.64101
-2.04023
-0.154275
-0.141269
-7.22804
0.816478
1.1131
-4.04801
0.310825
-0.621568
-116.188
-0.0244402
0.91325
0.205173
0.165848
0.554114
-3.00408
0.0402326
-0.212257
-0.263932
-0.185118
1.46117
-0.826515
-0.344179
0.30843
-0.431624
-0.0960955
0.432634
-2.86193
1.18028
0.090168
6.92603
-0.403019
-1.05275
-2.86664
0.387516
0.0873071
0.103142
-1.15086
-0.586243
0.401182
-1.66401
0.91087
1.74516
0.385398
1.18078
0.457376
-1.57238
-1.89151
-1.47498
-1.19928
-1.70524
11.1934
0.933545
-0.0524876
0.347454
-2.2952
0.211479
-9.90681
-0.133878
-0.390226
1.08987
-1.19761
-0.59759
-5.32232
0.405073
3.70953
-0.190346
0.673435
9.29094
-1.71591
2.5822
1.79737
-0.217627
0.97328
-0.44296
-6.73019
-1.30125
0.843948
-4.03996
-0.753756
0.209003
-2.92102
0.603524
0.680857
0.894386
-11.3088
-0.182652
0.250893
-0.544907
0.866118
0.586706
-0.0404541
-8.87077
-0.539916
-1.15879
-4.38019
-0.609551
-0.363209
0.320731
0.30128
0.549636
16.7992
0.722771
-2.25047
0.197913
-2.18728
-1.24953
5.06685
0.430457
2.86978
8.24857
17.6538
-0.657499
0.751091
-2.70923
1.37053
-0.632873
0.193213
-9.98833
6.44024
-1.56687
3.3669
-0.629208
-0.174786
-4.14319
-4.23759
9.73504
1.79603
-0.506402
0.677054
1.38406
-68.3908
2.91095
-0.812551
-1.65306
0.796451
3.46668
0.0162118
-1.34708
4.41166
0.58343
-0.0363794
-0.274785
-1.77792
2.54559
-3.69822
-0.800518
-1.43353
46.5367
0.857039
-8.89874
-0.375432
0.561477
0.371211
0.947792
-24.5547
0.450402
0.694072
4.73916
-0.306329
-0.330933
-0.527228
-0.362461
-0.878243
-4.40253
-0.551664
-5.48905
0.568224
-5.20341
-1.46699
0.154799
1.655
-0.0836583
0.641081
-0.120045
-13.7175
0.0571953
1.12653
-3.7039
9.7378
-0.644605
1.2373
0.247799
0.818558
-3.48655
-0.465914
-0.208016
1.9449
9.3264
1.37552
3.28071
-2.3202
-4.8358
10.5691
-0.843429
0.542586
0.120776
-0.450278
3.93691
-0.107856
2.21036
-0.669351
1.564
0.46874
0.155688
-1.0076
0.522769
0.612802
0.829206
-0.251873
0.617683
1.38532
-2.43907
2.96173
-1.64595
-0.00721256
0.659172
0.580142
2.90772
-0.357256
7.78723
7.35454
0.0123594
21.4227
1.11636
1.42486
-0.104393
0.0608986
-2.36628
3.89609
0.151275
1.17676
-0.295728
-57.5276
-10.9277
0.0167387
-3.84162
-9.12496
-1.03937
-1.59396
0.728531
-2.91975
-0.881638
4.54324
0.657746
-1.25735
-0.175436
-0.993757
-0.665624
-0.0825522
-1.12475
-0.406209
-0.55563
0.561244
-0.308461
-0.976664
-5.75235
0.537502
-0.845565
-4.01858
0.0653274
-0.531505
-3.16505
0.880998
2.35553
0.0420829
0.431284
1.83677
-1.05641
0.951838
0.666541
-0.406594
-1.07212
0.262926
-0.255869
-0.988345
-1.08142
1.14576
0.709518
-0.0333046
3.14158
7.68569
68.1463
-37.2494
-0.995136
-0.378685
1.13697
4.66682
-0.0845092
1.592
0.529799
-1.12783
-1.73658
2.60494
-1.15525
-40.305
0.615137
-2.93314
3.87781
-0.498293
-0.797139
-2.55024
0.759453
0.345289
-0.957362
0.169491
-0.780176
3.54307
-0.0645648
-0.0058125
-1.22856
0.648938
-6.59255
0.218062
-0.103115
-0.410734
0.432078
-0.428728
1.07229
-4.87268
1.85833
1.37688
0.156672
-8.73065
-0.439893
0.704621
9.97089
-1.51992
2.01572
0.684561
-1.05091
3.41696
1.7015
12.1659
0.0744749
3.91122
0.89893
-2.59297
1.31285
-1.46584
-0.271877
-0.79753
-3.47327
-0.39941
-0.312128
3.27123
-0.142053
-0.385479
-0.37776
-4.38541
-0.00113934
0.337264
0.489305
-0.791
0.311864
6.4356
-0.560221
-0.605794
-10.7876
-0.380834
0.500357
0.136482
-0.145508
-1.3296
-0.0196746
0.155956
-1.17605
-0.0064123
2.75886
0.681644
10.5873
0.0958347
0.304749
-0.482499
0.429167
-0.851024
-83.6916
1.64401
-0.199185
1.41629
4.07469
0.954984
23.3107
1.32984
-85.7298
-0.588496
2.2906
0.0478975
-0.693608
1.96318
0.864579
0.123706
-0.812948
4.0149
0.465658
-5.11583
-1.41495
-1.72856
0.919476
-4.78973
3.26079
-2.09485
-0.530129
-0.910454
0.662208
-0.0794063
0.0397619
0.666066
0.745216
-0.858334
0.967727
4.14602
0.0491511
-0.715787
-1.07597
0.0662393
2.45338
0.096261
-1.98793
-2.30798
-0.263913
82.8283
0.0488371
4.07384
-0.722255
-30.5674
0.706912
1.31536
-0.263053
1.2053
0.207656
1.98045
-0.0175886
1.72833
0.971571
0.844555
1.17661
-1.44762
2.14171
0.00190782
0.236052
2.41519
0.026116
30.3547
-0.196196
-1.44883
-4.306
-0.744415
3.93707
-1.13096
0.590956
-0.128141
-0.55068
-12.0051
18.8024
-1.54365
-1.77558
-2.31063
-3.56076
-50.5939
0.592907
-1.17405
0.666299
-0.342489
-0.84052
-1.81116
0.184896
13.8331
8.13209
-0.465027
1.26795
-0.777044
-0.655045
-37.926
-0.435941
2.03502
-0.775647
0.315191
-32.4179
0.561159
10.2374
-0.510796
1.13071
-3.84993
0.490421
1.29184
5.30751
8.88802
1.28229
-0.512336
-1.59938
3.29847
0.11836
-1.42703
-0.0753527
-0.648289
1.53581
0.173497
-3.36771
-0.963012
0.6818
-0.453393
-0.901867
3.34547
40.8722
-0.816933
0.0173077
0.217303
-0.0301337
0.712174
4.83423
-1.39838
-4.28053
-0.817383
-0.566404
0.600086
0.523157
12.316
-3.65592
-10.739
7.85599
0.563061
0.588081
-11.0795
-2.19799
-0.300759
0.134368
0.0858284
0.170833
-0.780939
0.175079
-0.322527
0.238475
-17.6127
-0.0436725
0.650452
-2.1086
0.427945
0.0229877
-0.0380865
0.322607
-0.674524
0.627111
-85.9533
0.688163
0.804181
0.317722
0.100522
0.349868
-10.6236
-3.45013
-0.955234
-0.853172
0.566
-10.1516
2.26029
-4.68443
-0.511372
0.0845425
5.96863
-2.12859
-0.839289
-6.73794
-0.831303
-0.605663
-0.755828
0.233497
3.39792
0.00639649
16.0084
6.61061
1.14699
10.07
1.44525
1.27817
-0.63116
1.14749
-0.121721
-3.19509
1.73898
-0.0361825
-0.554989
-1.54879
0.655344
-3.05364
-4.62355
0.114207
-1.35655
-2.02113
1.58625
0.584017
0.304051
-0.648948
-728.579
0.33529
0.29856
-2.71687
0.504464
0.721241
