2.3553
-2.09747
0.304514
-1.81554
0.624642
1.04688
-0.0524655
0.741192
-0.359332
0.82295
0.2408
1.83863
-0.530842
-0.699465
-2.8383
0.565115
-3.06242
-1.18579
1.3578
-0.903504
-0.302727
3.19288
-0.79198
0.209338
1.05391
-1.00871
0.23915
1.2096
-1.46956
0.652672
-2.97543
-1.41773
-1.2234
-0.0427287
-0.616847
-2.06237
0.544026
-2.69453
-0.0367841
-3.75507
1.84676
0.71626
-2.92732
-2.45006
0.608151
0.744619
0.272584
-12.6233
-0.542253
2.64742
-0.230594
2.06628
-1.65099
2.04722
1.041
-0.517373
-0.650552
0.238165
1.37976
-1.62844
-0.749397
0.12935
-1.10778
0.329507
-70.0591
-1.12568
-3.00501
-1.24212
3.38906
2.61652
4.8476
-62.5201
1.83147
2.02848
2.0563
-1.19936
-1.19488
3.75683
2.3584
-49.4649
-0.808259
1.1465
0.827005
-0.112613
-1.52703
-35.9584
0.83587
1.33733
-4.15045
0.21243
-2.4729
0.583839
-1.01969
0.190018
0.466487
0.169251
0.343389
3.28545
1.88766
-1.37469
0.724756
0.513907
-1.44382
0.198667
-0.470748
1.70596
0.257581
0.470529
-0.741691
-0.657766
-0.292422
-2.63003
0.245362
1.28157
-133.189
-3.28602
-1.99788
-7.3175
-0.511028
-0.363899
-1.78147
-0.559041
0.87558
1.69981
8.73617
-10.6248
-0.402961
-2.50367
0.711191
-5.07158
0.707856
-0.141289
0.553663
-0.165935
-0.55663
-5.83304
2.86256
1.07658
4.42716
4.02053
-7.86975
1.61515
-1.27582
0.460672
-0.729116
-0.156442
-0.119615
-1.35792
1.43218
-0.955825
0.0499574
-0.0549349
-1.53014
-2.82647
-1.05949
-0.431095
0.106921
2.10552
0.68637
-0.0548422
0.247295
-0.0725794
-1.01002
-0.783049
-0.47125
-0.526507
-14.242
-0.433099
-1.00901
-0.0776294
1.29542
2.16682
-2.18887
-1.07744
-0.954547
1.24462
-7.94648
-13.629
3.39173
-2.02376
0.297377
0.114804
-13.0912
0.558998
-0.316335
-1.13441
-1.2469
-0.974564
0.414162
-2.19523
-0.44382
4.18287
-0.945354
43.8658
-3.06594
-1.461
-0.830299
0.170978
-0.755505
-4.45805
-0.444662
-3.51285
-1.28374
-0.782887
-1.66156
1.2762
-3.64154
-0.749354
-1.00954
1.44402
-0.415851
7.06466
-1.56928
-0.595642
-0.78615
-0.740466
-0.184139
-3.34975
0.914558
3.12538
-7.47807
-0.14643
1.55104
1.28695
-0.570696
22.9181
0.993001
2.86312
-1.41557
-14.8406
-0.36728
-1.8134
-1.81409
13.2216
3.12874
-0.262052
0.492217
8.92473
0.33076
-0.0766061
2.25333
0.149503
0.159401
-0.255942
5.20786
0.429289
-0.0904728
-0.791017
0.0518469
3.49364
-3.47012
-0.160925
-0.204138
22.8132
2.30785
-0.471009
0.387902
-0.087904
1.55776
-1.07129
6.69977
0.159981
-0.0913146
0.194261
-0.402146
-2.34226
-0.564607
1.22671
0.393464
0.32319
-3.09167
0.666732
-1.13946
14.5796
-5.52017
0.0126801
-0.830093
9.80266
-3.33226
-60.5298
-1.58461
-0.321354
0.0851068
-3.62411
-1.87865
-0.607988
-0.924178
0.720226
0.167716
1.82242
0.415106
2.61559
0.456355
-0.268964
-0.505452
-0.861668
-0.0198841
2.73801
-0.227554
0.817435
-11.3947
-1.28377
-0.0358916
-0.827493
-1.09452
0.00750478
0.170544
-4.30365
3.10878
-0.284735
-3.48951
-0.200121
0.316389
-0.595974
-2.69667
-0.141226
-0.967018
-3.87293
2.08914
-0.228077
-0.308705
-1.1795
-3.95018
1.45208
-2.03382
-0.0153136
-2.02621
-1.05866
0.376082
-4.28664
1.36436
-0.202901
0.42957
0.316542
0.912894
10.9541
1.38899
-3833.84
0.639826
5.89678
5.37871
0.226845
-0.556684
0.0405705
-0.507115
6.67323
0.54181
-2.23677
0.487016
-1.19723
0.198115
-0.133335
-1.23656
0.00515725
3.80527
0.530528
-1.76597
3.0592
3.60764
3.19956
-0.263103
-0.075258
0.411818
0.528319
0.346522
0.720991
0.0507146
0.582928
0.250025
1.155
1.83579
-0.87153
-15.8833
0.369344
0.503122
0.458382
1.00189
-0.547304
0.934706
-1.65033
-0.365888
-1.3939
7.59122
0.514499
0.137612
4.65644
-0.806676
2.72544
0.0905632
-2.48001
-1.03421
-0.154869
-2.80637
1.04305
-3.88375
1.4184
1.54176
0.755992
-4.01497
0.92776
6.08766
0.394751
1.49856
-1.26912
-1.57569
-0.809737
-1.36711
-0.287036
0.660704
0.239705
1.43329
0.819913
-1.83332
1.4069
0.502351
-0.166311
7.9067
-0.244443
0.423555
1.10077
110.413
0.665431
1.48339
1.12546
-0.325143
0.762612
-0.468521
1.43018
0.689661
-0.204053
-0.667799
0.83972
-0.754633
-6.89636
-1.35298
8.35007
0.888153
5.23454
-0.124412
0.17477
38.937
1.78244
-0.425572
0.689471
1.69493
1.38144
-0.691348
-0.254222
-0.555601
-0.224912
7.09066
-2.13941
-0.280407
-0.685802
2.60063
-3.91234
0.0535406
3.31811
-0.780261
-0.278508
1.23271
7.9366
-7.40984
-0.0146907
0.125699
0.341282
0.902539
-4.0688
30.2149
0.280467
0.13363
-15.5041
-0.551602
-0.404106
-0.766908
0.162393
-1.16623
-0.692401
-0.158001
1.27064
3.23468
-0.0426364
-0.292773
-4.26636
-0.876582
0.188251
1.38112
-0.817191
-1.15266
1.03141
0.0466629
-2.22465
7.07642
-0.0227578
0.0470106
2.31046
9.11027
-0.424607
-0.440965
-2.36336
3.68432
4.06515
-7.62758
-0.722369
0.51721
-0.446836
-2.39839
-2.66534
-28.5644
4.92821
3.23095
2.13845
-5.03738
-0.404897
-1.54514
-0.826803
0.629686
-7.40608
-0.295315
17.1547
2.81377
2.79665
-0.758486
0.793197
-1.11071
0.113778
-2.84492
0.501156
-0.745795
0.17212
-0.909857
0.605633
0.517761
-0.344404
-0.616142
4.99245
-7.57025
0.420434
0.286411
-0.134273
0.934226
0.705338
2754.1
-0.173829
83.4167
4.6182
1.15858
-0.398154
0.82432
-4.00223
-0.146244
-1.20914
0.114975
45.3412
2.03741
-1.46428
-0.765766
-0.809204
-1.01575
-2.65235
-4.80419
-1.15635
0.253545
0.175099
7.57676
-0.965944
-0.836059
-1.22471
-0.861699
-0.973216
-3.6124
2.58767
-8.0695
0.489583
-0.111337
-1.54344
-7.2428
-0.136068
0.225065
13.7141
-1.29527
2.74403
5.27071
3.01422
7.36271
8.80523
-0.48488
0.0921086
0.315159
-0.823783
0.121489
17.1091
-1.00546
-1.29346
-3.5114
0.0278722
0.140392
0.468866
0.081216
-4.0944
0.991059
-2.63252
-0.574975
6.86053
7.48112
-0.673323
-9.10414
1.83183
1.86522
1.38294
1.20962
0.199799
2.07782
-0.715419
-0.164781
2.8897
1.75862
-0.0135525
-0.248328
1.49513
-1.42601
-0.530792
-3.06714
1.13291
-1.62632
-4.47619
0.562462
-3.09056
-0.707724
0.451113
-3.22322
-1.57771
-23.8248
-1.12895
-4.59876
0.347416
-0.171693
2.15435
1.15884
0.141259
-0.967536
-6.15836
0.654733
-1.12391
1.58383
7.0319
-0.287665
2.46796
2.70938
-16.892
-0.880164
-26.8308
-2.0035
0.941139
-2.54884
0.488341
0.759829
-0.915531
0.218599
13.3401
-0.177632
-0.432597
0.186703
-1.22257
1.30639
-7.9685
1.77206
-0.617508
93.4042
-9.60263
-3.03462
7.48052
-5.71964
2.22371
-1.07608
-1.20503
0.553002
-50.3401
-0.484095
1.56506
-10.1667
-9.04633
-0.25724
-0.607356
0.399954
0.37781
0.352004
0.679255
0.707118
-0.303195
0.337259
-0.172544
0.0461115
-2.87944
0.401983
-0.379285
0.131591
0.159268
2.4791
-0.369269
-0.226343
1.59247
0.122994
-0.304456
-0.318441
-0.215687
-636.073
-0.877864
0.703781
-0.469362
-2.86474
-1.4291
0.254209
1.71059
41.7911
-3.46437
0.391847
0.682339
-0.400025
0.438339
0.801717
0.610937
-4.11173
-0.439771
-0.565112
-0.554706
-1.53593
-5.96989
0.097825
-0.435902
-3.51133
-1.43254
1.60587
4.36257
-1.84169
5.99323
-3.95344
-4.57516
-0.317495
1.43336
1.00257
-0.341548
5.21364
2.62731
-0.144935
0.253381
0.299997
-1.00248
-0.457622
-1.25559
-1.15664
-78.7882
-5.32234
-0.521865
0.370954
-0.423854
1.63997
3.20722
2.0146
0.509643
-0.180101
0.382348
-4.41861
0.493384
0.318707
8.69877
0.979673
-0.369765
0.0255262
-0.169816
-0.507852
4.79637
-0.672038
-1.37033
0.778043
1.13234
-0.230611
1.48433
1.1999
-0.261837
-0.599109
-1.75106
-0.624337
1.09209
-15.003
-0.0899877
1.45854
-0.355902
0.830747
-3.21912
4.23035
0.850819
0.00448196
0.834217
-0.862184
0.359731
0.990896
-0.295206
0.638543
-1.07558
0.121155
-0.138382
-1.71199
-0.890815
-4.36673
-0.623251
4.92879
-14.0764
-0.382394
-0.778497
-2.61357
-0.0283845
3.75396
0.838635
1.53684
-0.51898
-0.181925
0.587606
0.754326
0.0538466
-1.35367
1.3007
1.61396
-1.30343
-2.5785
-2.96308
-1.27339
-0.16765
-1.22921
-0.569015
0.0387854
0.421365
-50.1002
0.722719
2.31305
0.207886
2.47333
-19.5479
1.81549
-3.40193
0.335241
-1.01728
1.57297
1.75253
1.30899
21.8434
0.536636
-1.64041
0.114657
-4.5337
-2.6509
-1.5855
-0.264428
0.257614
41.3378
2.45226
-4.71907
0.906206
1.1943
0.370393
-0.23579
2.61316
-0.918069
-2.06996
-4.37283
0.378122
1.15925
-1.47268
-4.04665
-46.0431
-0.492785
-0.392928
-4.24413
-15.6349
15.3956
-6.1235
1.97175
7.73066
0.375909
0.307957
18.0473
-0.406199
1.12797
0.465387
2.99315
3.27754
-0.904433
-295.428
-1.57881
0.263327
0.453748
-0.602766
6.35504
-0.00936744
-0.20625
0.46445
-0.614869
-1.05456
-0.169874
-0.340713
-0.931551
1.0528
-3.43482
0.439593
1.61817
-5.47175
-0.418347
-0.700418
1.93426
1.2866
0.0664725
-0.790476
-0.732175
-4.0655
-0.658511
1.43968
2.42599
-1.27557
0.659075
-1.39406
0.214444
5.25207
0.726115
-0.6534
-0.541362
3.66908
0.849524
9.24773
0.584641
0.34899
37.43
-0.23746
-0.297451
-1.00942
-0.92832
30.339
-0.840657
-0.653861
2.29686
-1.16169
0.607847
-0.916839
0.815935
-3.35279
-0.048139
1.08444
-2.1813
-0.391861
0.0184063
-3.15748
1.22701
-0.0808772
-0.473343
0.465295
0.753238
0.395674
-2.94778
4.21447
-0.150906
0.581777
12.2703
1.03304
0.568792
-0.199169
-0.249237
-0.967995
0.241796
1.14932
0.449989
-8.64857
-0.312841
-0.400676
-0.875239
0.198584
0.798457
-0.715199
4.96932
0.356072
-13.8356
-0.709695
13.5121
-0.0558579
-0.626765
-0.107674
11.7681
-2.17545
2.09481
-0.0658117
1.47116
2.35381
0.760418
0.354542
0.0278105
-0.309229
1.70079
-1.04871
-4.12631
-2.02052
-3.97307
4.66706
-0.859753
3.34719
0.180681
-0.702879
-1.30699
-0.861198
-5.23018
-0.36446
0.470711
9.32577
0.551886
0.118969
0.0745561
1.16117
0.0231933
2.37719
3.16019
0.005246
0.237103
-0.818315
-0.419991
3.91082
-1.45893
0.161581
-2.15973
-1.07809
-0.966402
2.33652
-0.533204
-1.57037
10.1614
-1.22658
-1.5766
0.338133
0.770873
-2.19529
2.92291
0.564327
-0.241629
-1.60268
0.436855
-3.22538
11.1084
-1.72495
-0.534605
-6.50123
0.494718
-3.36985
-10.0229
-0.916788
-0.709025
0.281548
-0.106204
-3.71763
1.25972
0.636255
-0.723116
1.66086
0.889704
7.19247
-2.06408
-0.658926
-0.447613
-17.198
-0.351676
0.797938
1.21679
1.16183
-0.146206
-1.34335
2.7856
-0.0932936
0.912963
-9.09116
-0.81515
1.51384
-0.31375
-1.07642
-0.852206
-8.49035
-0.0896635
-1.77948
-0.182345
-1.21692
-3.66746
-70.1696
1.6227
-4.35973
1.05458
-1.47175
-7.43454
4.74916
-0.109056
0.0587288
-7.30951
3.93455
-0.0625398
-6.20369
0.203767
0.483468
-1.12936
-0.478734
-0.138612
-2.77713
0.251076
0.303555
-0.588587
-0.404602
-1.99384
-0.620141
0.992455
-1.73
3.89423
1.14333
-0.600273
-0.239262
-0.917381
-0.0169019
-4.42578
-2.95
-2.58364
13.9913
-0.924695
-4.38801
3.38815
0.324083
-2.53556
6.04301
-8.35429
-0.55576
0.445536
-19.9771
8.30119
0.416752
1.00753
-0.0261878
2.26865
-0.0408756
-2.86305
-3.33464
-2.77288
0.111315
-0.796442
0.703027
0.143957
-256.716
-0.632241
-2.67934
5.27009
1.72161
-0.252888
1.55932
-2.41897
-0.735497
-0.360882
-0.690229
0.366549
0.10194
0.794322
-0.0024114
-1.31742
-0.773079
1.95525
3.1341
0.273795
1.87822
7.89071
0.0611535
6.7907
0.313578
0.102986
3.44806
-0.276644
0.213537
-0.0617183
-54.7917
-0.345076
-0.0109279
11.9436
-1.90783
9.10463
1.56875
-0.701991
-1.18516
0.918838
-1.65331
-0.63841
3.91001
0.266441
-0.739132
0.186038
21.8327
-1.23047
-4.84179
-0.179668
0.0413201
0.729863
0.98643
7.56059
-39.1097
0.534207
-0.434528
12.3225
-1.41777
-1.57359
1.28803
-0.880314
-0.945044
-0.632813
3.25419
-0.797272
0.999025
-0.924459
0.298668
1.40952
0.132329
8.2205
0.405726
-1.99038
-35.8326
-0.232271
-1.14157
0.246509
-1.86095
7.46226
-2.94688
0.676606
-0.732577
0.637803
1.24784
0.551342
0.0956052
-0.421302
-0.527939
0.30072
0.99761
1.66348
-0.0635189
-0.43697
-1.44515
-0.189641
-8.91239
-7.31911
2.67275
-2.15369
-1.41349
-0.0763788
-0.291489
-0.0742309
-0.368904
1.57967
1.38387
-0.0779567
2.28496
-0.264382
-2.32262
0.202449
-0.476993
-1.78189
0.14821
-0.235126
-1.43458
0.247986
0.76991
-0.142136
1.57375
0.0978163
-1.98694
-0.850943
-6.27665
-1.86147
-2.51038
-2.78512
2.95423
-1.03851
1.80969
0.925844
3.47694
3.00976
-25.663
-19.9262
-0.815651
-2.96011
1.18249
-0.697349
-0.600744
6.78039
-2.96277
-9.657
2.77656
0.271799
0.190457
1.1688
-0.570963
0.273909
6.93479
2.09055
0.465655
4.68176
-0.311616
-7.55079
-0.757765
-9.02795
-2.40847
-0.241935
0.382583
0.362701
1.09456
0.508116
-0.546546
3.55007
-1.66683
0.11134
-1.55927
3.27689
0.378984
0.604501
-1.85389
0.928755
1.21687
2.16777
2.16827
-0.997178
-0.327801
0.164932
-0.816564
3.23563
0.504652
-4.65815
-2.39245
1.41172
5.68633
-1.05259
0.431828
-1.07793
-0.173076
-1.03325
-0.988716
-1.48415
-0.516446
0.55334
-0.954777
0.286882
-0.404518
-2.01619
0.468026
4.10882
8.15715
1.62322
0.86195
-0.230989
-0.0799226
0.774066
3.48747
-6.58922
-1.38151
-0.838657
0.595209
-0.76255
1.15598
-0.744985
-2.0542
0.737531
3.76351
-0.0508123
-0.457707
-2.80592
-5.22044
0.958043
-0.089177
-10.7512
0.111899
0.542561
-1.35442
2.88165
1.07443
1.67439
-2.11364
0.4436
-33.753
-1.17925
-2.86484
-1.83783
3.64635
-4.0699
2.9822
-5.49874
-5.80471
0.0499117
1.42516
-0.17958
16.8948
7.34165
-0.787919
-0.877471
1.45441
0.567975
6.08263
1.7569
-0.102397
-0.0781079
-2.33535
8.11445
-0.620471
0.630604
1.93883
-4.25201
-16.071
3.45494
23.1841
0.346037
3.57848
0.595623
-0.101424
2.77931
1.00632
-17.5929
-7.25092
0.936701
-0.089253
2.38796
-14.9624
0.329457
-2.53879
-0.304723
-1.30262
0.327189
-0.378056
0.555292
-0.943297
0.491102
0.541699
12.2849
0.789323
-0.181263
0.422255
-2.76694
-2.61213
0.988126
-0.826352
-0.603966
1.47412
-1.63308
-29.6424
1.54209
13.4448
0.754474
0.989286
2.3562
-0.1382
0.779554
-0.326554
0.515511
-0.682099
-0.381164
-1.46998
8.30658
-4.11959
-0.210426
7.60688
4.17989
2.38855
-0.108148
-0.802344
2.29314
0.660025
0.0281258
-1.22953
-8.75821
-6.07373
0.796
3.56557
0.51324
0.883603
-0.246132
2.35313
-3.85074
-1.31504
-4.06239
0.631983
-19.7529
-12.9654
-3.04889
1.59952
-2.15914
-1.42613
1.55109
1.07568
-1.39403
-1.7216
-1.37026
9.21504
10.4567
-0.47677
-7.91421
-11.4601
0.0826488
0.733403
1.32314
0.851031
0.901369
-0.129364
-0.12714
-0.782189
2.89992
-2.29029
0.0543263
-1.72326
8.97717
-5.40907
-3.61433
3.52991
0.482935
0.760819
-7.00026e-05
4.25131
0.179335
2.38147
0.262335
1.60796
0.0224054
0.305545
2.83299
2.35639
1.06133
0.208389
0.0250801
-1.90706
-1.25822
0.757489
0.501433
0.808614
-0.649263
-0.768241
-0.35409
-0.0605479
-3.5824
-3.91735
-0.423379
-0.492485
1.09943
-1.60156
0.366872
0.688483
0.208148
-1.37848
-0.0327939
1.80356
0.539606
0.359187
-0.109709
-3.69149
5.23126
-1.84825
1.13271
-0.339321
154.849
4.93823
-0.17129
-0.870611
1.29008
4.11598
-0.569607
1.89624
0.095347
1.39675
1.13977
3.57043
0.414502
-0.41555
0.531378
-1.50459
0.656664
2.90458
-0.0759312
-2.52786
-8.46534
23.6162
1.06572
4.62409
8.2379
-0.366991
-9.09785
0.839364
-0.645728
-0.549707
3.51412
-6.42192
-0.670429
1.50882
-0.439033
-0.803798
3.69075
0.841746
-0.634487
-4.80807
0.679632
-0.156487
-0.469043
6.80214
-0.331494
-1.14809
-2.47718
-7.39888
-0.537212
0.547735
0.150898
1.64468
0.34653
1.15249
1.5175
0.742544
0.506103
1.62458
0.0390113
0.227816
0.385189
-0.234807
0.299363
-84.4725
-0.565972
1.06186
0.676282
0.101098
1.27627
-0.454255
0.46341
3.80583
1.15442
0.214539
1.24879
-0.150791
0.647786
0.254072
-0.765527
-4.21831
0.643389
51.4804
1.50966
-0.557616
17.4725
-0.723265
-0.954343
-1.20476
-3.08443
-0.569026
2.20243
1.05898
0.434406
1.08402
0.0033805
-0.858375
0.699317
2.60467
-2.01736
-2.20332
-0.319448
0.462848
-0.494493
2.88136
0.527457
1.18633
0.325073
-1.16366
1.53598
-7.54974
-0.131639
-1.63313
-0.857126
5.67097
-0.304792
-2.04426
4.70887
0.161368
0.593715
-2.09427
-3.92654
0.206171
-3.02235
1.27798
2.98139
-2.09028
1.31582
-1.19105
2.55181
-1.61672
0.656414
0.102874
-0.606422
-0.412189
-2.96976
2.0564
-0.0102216
-1.5812
-4.35204
-0.0436242
0.464115
-0.0474773
-9.36493
1.14428
-11.1794
-6.54231
0.291305
-0.139385
-1.3086
-0.625809
-4.22995
-0.712216
0.242738
-4.6064
1.30066
-4.84912
3.40619
-0.60402
16.5847
-0.389394
-7.77825
2.03447
1.39329
-1.29676
-17.8909
1.95684
0.850141
0.134979
-0.818298
-0.789503
0.591607
-1.25329
0.77767
-1.03639
-1.11309
-0.218046
-0.774277
1.41066
0.819969
0.534201
-0.0903233
-1.40997
11.7631
2.44743
-0.810285
-0.969995
1.19211
2.23716
0.29645
0.747854
0.538381
0.336298
0.486489
0.772213
-0.497662
0.420428
0.479475
-5.73516
10.6629
-2.2345
-0.0139032
0.840188
-0.885832
-0.0572278
-0.697626
10.403
-3.46057
-0.747062
-0.522384
0.509551
-2.13698
-0.141105
-0.846764
2.71583
39.8372
-3.06934
0.908553
0.28656
-2.61528
1.08724
-5.72227
-4.37976
-5.50246
0.0611309
-4.78622
-0.109508
1.56858
-0.528561
-0.21841
2.35972
-0.66852
2.80223
8.004
0.593262
-4.99365
0.79679
-1.6241
-3.03217
1.4782
-0.607915
-0.612767
-0.143613
-4.49183
0.901301
-6.38972
11.0933
-3.3355
0.246027
-3.72907
-6.89715
-1.23788
-0.0615131
0.398545
0.17846
-0.143907
-0.588162
-5.55771
-2.0098
-9.08991
-0.547539
0.182058
-2.62627
1.64829
2.22477
1.51735
-3.3609
-1.49673
3.15004
-3.70643
19.7204
-0.105465
-0.402001
-0.0274858
0.0254803
-0.224819
-3.83995
-2.94401
137.466
-0.397447
-2.07339
0.0997247
1.68534
-1.40512
-1.33839
-2.49486
0.591412
-0.345642
3.49639
-2.53882
-0.150394
-0.412215
0.0552002
0.0979407
-0.121546
-1.751
0.636028
0.474155
0.693228
-5.45503
1.04669
-2.49342
0.351928
-19.7739
-3.35848
6.06057
-11.6561
0.45285
-9.01143
0.62377
26.0607
-0.0293516
-0.679025
-0.292637
-0.529044
-0.152014
-0.562506
-0.0827618
-0.0221325
1.07164
-1.09882
1.18977
-2.20714
-0.294388
-0.261044
-2.38138
-0.93408
0.388397
-0.402603
0.968048
0.514328
-0.280992
1.49816
1.28594
25.6321
0.585267
0.334638
0.877415
-1.74747
-0.48926
-31.0727
27.5377
-0.667425
0.238281
-0.862257
3.08769
-0.221841
-0.232654
0.701767
0.0793537
41.4181
0.657109
-2.47778
0.974785
-0.344722
-68.6307
-2.3555
1.64185
-1.09589
-0.968896
-0.538147
0.253416
-2.99315
-4.24572
-0.0958992
2.10339
-1.67022
0.260699
-4.2911
-0.750969
0.0990507
-1.16948
4.14651
-0.62863
6.97838
2.00526
-0.0203304
-0.267882
1.89964
0.351576
-1.92517
-1.64658
-0.0833
-0.821114
-0.698167
444.5
-0.880181
3.30565
-0.436961
1.28159
-5.70648
-1.83622
-0.777483
-0.643898
-0.382118
-0.287971
28.7479
759.965
2.63194
2.85149
-7.16733
-0.246711
-1.24477
0.083637
0.0707719
-2.26881
-1.93005
1.12935
1.90696
0.405651
-15.9749
0.805875
0.893754
1.07232
-1.76282
-1.16355
1.58069
0.929216
-6.08654
1.09524
1.38333
-0.520689
1.36974
0.938467
-0.607254
0.257246
-9.58731
0.0738447
-0.229086
-1.48574
1.38919
-3.34372
0.359296
0.000435638
-0.619834
1.61404
-0.358765
-1.59949
-0.234961
0.851953
-0.531109
-2.89325
-5.64269
-2.47372
-2.16027
0.938327
4.53479
-1.68812
0.760808
-0.968737
0.672134
0.426843
0.0210165
-17.1994
-0.728617
-2.11442
-3.68746
-0.729448
0.155795
-2.31602
0.076165
2.67954
-0.132969
0.862932
-0.299817
-1.27827
-16.9135
0.196984
0.591048
0.590908
42.8347
-0.337462
-0.224609
0.716163
45.1607
-0.111589
0.917175
0.372673
-2.34222
24.63
-7.39042
0.708336
-1.28364
3.16206
0.631426
-6.51631
-0.442166
0.842408
3.92217
0.961315
3.35993
-1.72619
0.0614397
30.2782
1.28717
-0.195815
-0.220119
0.422889
-4.31051
0.432266
-0.108893
-0.156648
0.162172
0.495047
1.72396
-0.184351
-0.601616
-0.0630254
16.2612
-1.95827
0.265281
2.06515
-0.782976
0.854258
-1.82337
1.06801
0.00267672
-0.0846311
3.18129
0.4816
-1.47989
0.649658
1.77072
-2.93317
4.95804
0.179022
-0.69369
-0.524285
0.573774
0.684615
3.91729
2.47701
5.94209
-1.44167
-0.109804
-25.7894
-45.9909
-1.27912
1.30023
-6.76164
-0.817295
2.31106
0.750142
-1.51992
7.36359
-3.79643
-13.8366
-14.4885
-1.21585
0.754006
2.70176
0.0371552
0.26949
0.761052
1.89048
9.11401
-0.748632
-0.699935
3.09085
1.0418
0.127028
-3.014
-1.14524
0.327674
-1.99233
0.414098
-0.644027
1.26611
-2.30828
11.7985
-0.371077
-0.197175
-0.610326
1.42269
0.945067
-0.457513
0.331098
-7.3262
0.630117
-0.0325226
-0.263701
0.4962
-0.960435
-2.08983
0.158765
0.663746
-17.3576
-5.2424
1.18514
2.7355
-0.820742
-1.26708
-1.37113
0.321655
9.37631
16.4204
-0.125754
1.17216
2.02968
0.647215
0.622536
0.744493
0.644862
1.25435
1.70677
0.106554
-1.9423
-0.485035
-2.39152
1.19217
1.94942
0.985127
-0.0508605
-0.645275
0.553759
-0.397738
1.12494
-0.361215
0.195039
-0.215515
1.7144
4.79129
-5.94355
2.53906
0.342752
0.480153
25.4029
-0.0311911
1.58569
-1.03788
-0.700918
-3.86468
0.201731
6.3233
-0.461459
1.03696
1.06624
-0.0352644
-2.42367
-2.26698
-0.282714
0.338387
0.183338
-0.256137
-0.896755
-17.4871
-2.9198
-14.5247
0.766267
-1.05071
-2.88032
-22.5549
0.912361
2.33008
-0.267114
-0.885564
-0.19596
-0.0208117
-2.53583
-0.956789
0.319725
-0.00797522
-3.24573
2.26249
2.07551
-7.7548
-8.27602
-0.210715
9.47121
0.11655
-1.17721
4.29238
-0.872689
-2.09044
0.323581
2.8364
5.23036
-49.0146
-0.0937502
1.60893
-1.00936
-1.0836
1.17859
-0.0276558
-3.61708
0.0473489
0.0287752
-0.785141
1.90684
0.689465
1.06162
-0.359374
-1.67459
-1.53687
4.47776
2.10056
-4.89696
5.77465
-0.657512
-0.247024
-0.752313
1.74261
-1.72026
-0.533984
0.79514
-0.438438
-20.1211
-0.0330335
-6.85368
0.741371
3.99428
0.266174
-0.413074
56.6904
-72.487
2.57208
-1.0005
-0.190083
-0.425029
0.468496
34.4099
4.84957
14.9081
-0.90754
-1.35105
-0.0817393
-0.87015
1.41955
16.9644
1.2228
-2.62626
-1.95486
-2.48386
6.73825
0.930269
-0.78383
0.119276
0.20947
0.245823
-2.48685
1.00828
-0.262675
-1.39497
-0.618876
5.55711
9.30713
-2.61957
1.63315
1.01677
-2.63647
0.18212
0.150648
-0.237741
-0.507347
-2.21506
1.15737
0.36489
-0.231878
-1.43508
24.0084
-2.51184
11.5131
-0.900987
-0.366733
-0.527963
-0.805208
1.7071
0.947364
-1.05255
-1.6657
-0.862797
-0.380685
-0.80557
0.335044
1.21511
0.164606
0.0352464
1.30982
0.562725
0.253775
0.369981
1.55546
-0.461749
1.61483
-0.763697
-1.68261
45.0367
0.0843898
-1.09157
-0.40531
0.38332
-0.339275
0.746616
-6.47435
-0.569992
16.4666
1.53489
0.778114
0.429594
-0.447044
-0.969981
0.0932304
1.53729
-2.47085
0.239664
0.406149
6.56838
0.348122
-1.02443
1.43667
0.0621546
0.895571
0.408925
-0.631337
0.721942
-0.906747
-0.567777
1.42662
-0.503555
-9.995
-1.4006
-0.53703
4.60168
-0.00298543
-1.14407
-2.94062
0.884208
1.26851
-1.23283
0.175946
3.61804
6.61041
-0.0399959
0.0949867
-2.07895
-0.13827
-3.49266
-5.61237
0.877408
-3.3359
3.04255
0.654947
0.907626
0.414227
0.251945
-0.508673
0.311961
-0.338573
0.939595
-0.670792
-1.57734
1.53064
6.74444
-0.113889
-62.8492
0.294204
0.3278
2.94882
-5.31398
1.73724
-0.375554
1.41963
0.0342643
0.701565
-1.35118
-1.81328
4.48105
-0.904075
2.03824
0.0461075
0.668558
-0.320954
1.95032
-1.01162
-2.10405
-0.0634272
-0.180389
1.59051
-0.574577
0.107311
1.26465
-0.915602
-0.934702
0.0634881
-6.29216
-0.135873
0.196402
0.895387
1.85878
0.302619
0.936395
0.604995
-3.6626
0.327396
2.16762
-0.677959
-1.28809
5.72612
-2.53068
-2.1462
0.678894
27.2829
0.555994
-0.658153
-1.19925
-0.282694
0.860337
-1.0215
-0.090585
1.86611
-1.27953
-1.34594
-0.58612
-16.4856
-0.542025
6.5332
0.226089
-3.11411
7.4433
-0.864846
-0.439069
-1.59132
2.38003
8.27176
-1.24242
-27.63
0.934089
27.6469
-0.413795
-0.786769
-0.169881
1.1789
0.388154
0.79176
-0.585628
0.725025
-4.47967
-0.809965
1.03027
-1.88222
-0.899259
0.000965408
5.81932
2.47407
-3.1312
-0.377612
1.33295
-3.23398
-0.854529
0.881141
-0.590768
8.28257
1.66656
-0.029498
-0.410038
-1.05312
-0.069803
-4.33577
-3.85731
-1.5892
-0.147996
0.788494
13.4175
2.16444
-0.0480971
0.199635
0.687989
-0.809243
0.458662
-0.309101
0.529457
17.5683
1.30459
-0.311067
0.767697
-5.19873
1.40035
0.646574
1.23402
-3.47065
-0.198944
1.22758
-2.21821
0.479206
0.0838649
4.02042
-0.453984
5.05715
-0.0821909
-3.07372
10.754
-1.25272
-1.04921
-423.743
0.521818
-0.346235
1.1208
8.54802
-0.312819
0.0568978
0.622761
-1.94686
0.545728
-13.9075
-0.643117
-14.7415
1.26912
0.733066
-3.68321
-1.28767
4.80892
-1.84374
-0.392303
-0.581469
-5.08579
0.108378
-0.291684
1.08897
1.38703
0.200044
-0.937868
-0.80628
0.955482
1.14559
-5.64171
-1.14115
1.98489
-0.0935151
0.266768
-0.589623
-11.6662
0.094546
2.06804
-0.871293
-1.35472
1.2349
-0.609945
1.17461
2.75225
6.12766
-0.887782
-2.97005
0.0834975
0.0323806
0.743554
0.609896
-0.560658
-3.0224
0.396295
-1.44714
-0.326392
-2.20985
-0.54163
0.144317
-1.18467
-1.76154
0.0500112
0.747496
5.11984
0.141128
2.573
-9.26716
-2.1053
-1.88515
-1.22458
0.262403
-3.82286
-0.416701
-0.52588
3.78038
-4.66385
-1.08648
5.67539
0.30958
-1.64259
-1.43547
-1.35868
3.89362
-0.300235
0.0158282
0.418137
3.74067
1.23614
1.44746
-2.66154
0.615169
-3.02837
-0.0747846
0.580239
1.35483
1.86791
-2.19488
1.98742
2.54738
-0.546712
-5.15556
0.824687
1.37922
-0.440172
0.401074
0.999318
-1.61421
-0.778462
0.785589
-0.464685
0.614774
-10.6615
3.60837
-0.0292061
0.395567
-116.27
0.476894
3.81584
-0.118372
3.31045
0.75209
0.991278
0.951781
-0.198292
0.085192
-0.285099
0.618405
0.448228
-99.5346
0.0100448
-2.45016
-2.49188
6.6992
1.85203
0.128824
-3.7739
2.63298
-0.0553891
-1.59969
0.445132
33.585
0.516192
-2.063
-0.0351444
1.5009
-0.654853
-0.294051
0.292423
1.13903
-0.833735
-2.75904
0.877064
13.8626
0.0733499
1.1631
-0.725875
0.617155
-0.933356
4.81524
-3.01314
1.19247
-0.127268
42.3579
0.487652
2.27403
-0.887465
-0.171577
0.410933
0.284347
0.944245
0.465863
-2.60559
-0.963073
2.25739
-4.63625
-0.314263
-1.30441
0.198798
0.613167
-1.34048
0.850236
0.388196
-0.0506429
-1.9266
-5.62792
0.330225
0.804458
0.118026
-0.124098
-0.278993
-2.44057
-0.488849
-5.20775
5.02651
1.01952
-0.379176
0.174905
0.436679
-0.0841569
7.87267
-0.114706
0.325112
-0.5678
-1.81402
0.682678
1.83463
0.450912
1.40102
-0.757645
8.58924
-0.991227
0.542562
0.750851
-0.381167
1.20891
-1.28234
-2.28857
-0.983112
0.538433
0.644694
-4.34362
-2.00379
-1.60373
-0.25991
12.9108
4.08034
-0.814286
0.559301
5.08079
-0.595678
-0.597335
0.223355
0.00234132
0.262136
1.88486
0.652779
-1.04088
2.24934
-0.30846
-2.40468
1.38312
-0.0199052
-2.27274
-1.99902
0.585695
0.134296
0.529339
0.070737
1.70142
0.063411
-0.562695
28.7457
0.570517
0.117032
0.938418
1.87215
-1.48328
0.15121
-1.65512
-5.53814
0.585881
-0.25492
-6.63129
-1.92086
0.36563
-1.70011
-5.52437
1.74787
0.90681
-1.38636
7.70599
6.89503
0.400273
-0.0929072
-1.28358
-1.16053
-0.758188
-2.43427
1.02393
99.5027
-2.60893
-0.575657
3.74883
0.334367
0.0178682
-0.0368119
-0.363049
-0.627687
-0.375367
0.514493
-0.479127
0.743991
1.08155
0.258108
0.861892
-3.60867
-66.6055
-0.886467
-0.107955
-0.521166
-0.760334
-0.418934
6.26387
-0.929788
-0.360013
-0.547424
-7.18329
-1.67209
0.111269
-0.528412
2.77838
1.37999
-0.369988
-4.61329
-9.28676
2.17529
6.81721
-3.29043
1.06721
-0.681011
-1.29782
0.154902
-0.939545
-0.0834273
-0.624625
-2.31356
-0.324801
0.496589
-0.877226
0.37991
-1.14752
0.124024
-2.20756
-0.507538
0.14853
-1.77448
-10.6406
-1.72668
0.458559
0.877278
1.1201
-0.73681
2.39134
0.258812
1.33718
0.143155
-2.48831
0.926691
-0.822759
-0.677653
0.213232
0.56143
0.546491
26.9603
-0.109704
-8.91323
-0.521389
-2.17995
-4.49435
27.6067
-1.59727
-2.48021
3185.05
5.09674
0.61261
-0.0859622
-0.804398
-1.5904
-0.962037
1.47904
-0.988767
-1.04342
0.0345902
-1.29553
27.7773
5.94259
1.16795
-0.0477882
-49.6929
-0.345515
-0.607474
6.91655
0.0633579
-0.86779
7.06041
-0.713489
3.80788
1.39539
0.419528
0.278623
2.48947
2.45827
-1.57396
-1.60533
0.137342
0.127824
10.7713
-1.00208
-0.713692
258.11
-7.28173
1.43301
-1.05079
-1.72832
0.948359
-0.866188
-2.65343
-1.28788
1.17017
-0.337746
1.19953
2.96558
22.9706
-16.8569
-1.99716
0.797798
2.05287
1.0746
0.477953
1.04288
0.837765
0.400659
-0.206924
-1.54182
0.447518
2.71372
-2.78522
0.743763
0.0301512
7.65099
41.7803
1.08674
-6.05004
4.68393
3.36195
7.48012
1.32123
-6.47574
0.0134551
-0.398018
-1.25974
3.86965
4.90262
-7.41104
0.129263
-0.672942
0.0319765
3.19798
-0.184915
-2.70105
16.2397
-1.74966
-9.49533
2.00318
-0.792358
-2.2397
0.872991
-0.921756
0.301374
0.601711
-0.600858
-4.67978
-9.20208
1.87573
-18.9994
-0.049299
-0.410185
-0.493957
1.86253
-0.205543
-1.36065
-0.266727
0.445934
0.35491
1.36393
-0.59195
1.5457
-0.287581
1.52934
1.0491
-0.46888
-0.613281
-0.448892
-1.69494
6.5161
0.94909
0.125433
-0.634014
-2.41544
-0.51046
-0.125379
0.921339
-0.112733
-0.0785905
1.81543
-2.16335
-3.2626
-1.1531
0.00926682
-8.90482
14.0153
-1.28405
-2.66061
1.00665
-4.22682
-1.79028
-1.3636
-5.82754
-1.5075
5.74197
4.7459
2.26215
0.0909984
0.0620081
0.350265
-0.915169
-3.18738
-6.15397
0.42878
-0.109117
-0.689888
-0.687052
-0.153212
-13.7004
1.01972
0.252288
-0.37227
2.215
-1.61808
-5.03679
1.38818
0.577431
2.00136
-2.07212
0.887694
-6.89855
0.5162
-3.12371
-0.137586
0.135243
-0.328499
-1.47609
1.44974
-1.62032
-0.726513
-2.94569
0.753027
0.52753
0.484698
-0.441726
-1.09509
6.06127
0.494548
-0.204035
-5.52055
3.74129
6.37545
-1.92025
-0.136142
2.47895
-1.88502
-0.414648
-0.359366
-0.629106
4.90874
0.613564
-0.0352354
-1.13321
-0.495811
2.44785
0.292651
0.0625484
-0.972438
21.4441
1.09166
0.56767
-3.50064
-3.23732
-1.48847
0.00247042
0.889109
0.691318
-0.49635
-3.69744
-1.72597
-2.2235
1.09757
-2.5216
-1.396
-5.73186
-0.875627
-0.075554
-1.80379
-3.68625
10.059
-0.766602
-0.571239
-1.63625
1.27662
1.23559
-8.06187
-0.124425
2.05563
0.338173
-2.83658
14.1043
0.834502
-6.80573
-0.131214
0.476616
11.1638
-7.61868
7.89736
-2.88571
0.0102331
-1.71725
-8.12561
1.6295
-3.71903
-0.545195
1.58912
0.993512
0.064498
0.874719
1.00771
-0.368803
1.48733
-0.823582
-1.29249
1.0491
0.544966
-0.830049
0.534881
-0.580109
0.0424408
5.09049
-1.27424
-1.62796
-0.732464
-0.0914694
0.595129
0.93036
0.953182
0.331829
11.6818
-0.00100996
-3.19428
-0.887632
1.10612
1.41983
-0.55598
0.38023
-0.10721
0.506316
1.37117
-0.693028
-4.85733
-1.39796
1.30611
12.3296
1.17445
0.642237
-4.57621
-1.48849
0.567796
6.11899
2.81599
7.16618
2.89836
1.69629
1.57837
-1.12516
0.695038
-2.10902
2.23889
-0.0489439
-2.41188
-0.401816
5.88527
1.27365
-3.27778
-5.88129
-1.06617
-0.922707
0.217705
-0.800552
-0.208144
1.59672
4.9639
-0.83614
-0.247074
1126.22
2.7215
-0.68375
2.69507
4.87051
0.598193
0.466959
0.800929
-0.856381
0.23274
0.458599
-1.21408
-0.0531422
0.590536
-0.0964107
1.55175
0.949178
-1.0809
0.911929
4.33076
1.14057
0.424379
17.5895
-1.16349
-0.0871014
-1.80041
-0.795643
0.796214
0.594548
12.5272
-4.26664
4.18677
-0.909049
-1.24799
0.471467
-0.0203504
-1.21016
-0.818329
7.60146
0.783123
0.86442
0.340336
-0.993269
1.84063
10.6063
1.98689
0.0395753
-2.23085
1.73156
-0.199907
64.9505
1.25449
14.7191
-1.87201
-2.40042
0.254933
0.0807261
-16.4726
-1.50842
0.0408871
-0.351919
0.303342
-1.12641
-0.638579
0.643042
74.1815
-0.26395
-8.96265
0.28334
-1.9359
-0.0779846
-0.0384336
0.0690091
11.1043
-2.26824
-2.0311
1.04555
29.6863
0.852424
2.85678
-1.76094
-3.76397
-11.4447
-3.33484
0.810632
0.694084
1.26085
-0.651858
0.505307
-2.21461
-6.2331
-0.634624
0.0899329
-21.2433
1.63678
0.114919
-0.881244
-0.382659
1.3871
-0.578159
-0.89549
-0.932126
-28.1274
0.641033
0.12722
1.40506
0.73863
-0.714683
11.1017
-1.51573
3.80967
0.787154
0.0241878
1.18544
-1.11037
-0.496688
-0.24355
-1.16669
0.387258
1.93686
-0.000997794
0.111908
3.88336
0.54977
62.7786
-1.18469
-0.879261
0.190118
0.49655
-0.405358
0.361664
-0.204763
-0.948662
-0.355292
-0.616619
-0.376094
1.07613
0.902244
1.67324
0.695762
0.163741
-1.29525
-1.92603
-0.848027
-0.688758
-0.110365
0.711192
-0.950452
-22.7492
-1.64425
-1.90957
-0.253332
-0.797861
-0.215947
-4.06452
3.73185
7.55369
2.67888
4.57701
0.266287
2.97773
-0.565414
-2.09192
1.60984
0.636626
1.53766
-1.09668
1.90791
1.63715
-3.22716
0.403422
-0.695331
-68.9046
-0.884626
1.53401
-0.392734
2.30546
0.387758
-0.281937
-3.60294
15.8662
0.202125
-0.790628
-0.626409
0.0525987
0.767481
-2.24744
0.167373
-1.19578
-1.09439
-0.218324
-1.42655
1.66054
-3.80156
0.167917
-0.952772
-0.393981
-1.32987
-1.33618
-0.206019
0.848363
6.28175
0.196427
-10.2036
-1.69385
-0.989175
3.32365
0.0221219
-0.233313
0.00565399
0.257638
-0.966846
-0.974551
3.30114
0.679224
2.1985
-0.360888
0.941288
4.90661
0.877825
-2.53125
3.32857
0.518188
0.282104
0.338428
0.279379
1.54871
-0.804289
1.34408
0.900846
-0.517349
2.88308
0.426985
6.34307
4.82297
1.97484
38.2283
-0.275237
0.0169439
3.59347
-3.17832
0.111569
10.7209
-14.8853
1.64168
1.32952
-1.57782
-2.06691
1.43176
0.182307
-0.755458
-0.622678
3.80139
0.956333
-0.22203
1.27714
1.13047
-1.01811
-0.98741
-0.401328
-3.95818
-0.299456
3.19427
1.97824
1.93668
-6.80737
0.324203
4.87936
-0.725096
0.147487
-0.17822
-0.962493
0.803926
0.881021
-0.470312
-0.611919
-2.57691
-1.33459
-9.86525
0.216805
-14.9953
-0.569168
0.0818354
-0.546386
0.845678
0.174159
6.45046
3.60901
0.501087
0.959424
0.365507
0.955093
-0.0906595
0.320232
-2.14312
0.384153
4.02124
-15.7441
-4.62178
0.439481
0.321177
0.276103
-1.67115
0.869953
0.177283
-1.22656
-8.02998
1.28297
-2.53606
0.035627
-1.08234
-1.79453
4.43136
-1.15538
1.66108
0.921883
3.08489
1.93801
1.73373
-0.166669
-2.35111
-0.0464603
1.03937
1.01214
6.03549
1.28276
0.76859
-1.02703
1.87582
2.11137
3.30825
-0.509303
2.12531
0.716571
1.52026
0.855467
4.48727
2.22759
-0.366099
2.1505
-0.832688
-1.25139
0.744379
0.478792
14.4697
0.092414
-0.128308
0.407754
69.973
0.021952
3.6451
0.131554
1.717
0.483271
2.71505
-6.69891
-2.82801
0.0883281
-0.151603
2.4551
-0.262871
9.40652
-0.117742
-0.498382
-0.596097
1.55104
-0.218663
-8.94869
0.608901
12.5225
0.0721909
-2.82919
-1.93487
-0.410175
-0.309249
-0.885199
0.814003
-1.52962
1.03641
2.53976
-1.67573
-0.19556
0.867716
-0.536524
0.576256
1.11185
-0.482811
-0.841355
-0.58463
0.318689
0.473633
-0.529259
1.00805
-1.33511
3.26709
-0.192384
-0.569582
0.508292
-0.11822
0.153478
0.0421614
-4.83822
-23.6529
0.530748
1.45992
1.11202
-0.0873984
-0.090825
17.7345
0.389602
6.63458
-1.69724
-2.03759
-1.55746
0.603929
-0.543994
1.02892
24.4886
-7.80791
-0.0320323
-1.49956
-0.341532
0.583875
-4.68885
2.40973
1.20064
0.291652
0.0952333
-2.72068
-2.30123
-0.404962
-0.0237244
-0.659722
0.985051
0.596414
1.19515
-544.092
0.860053
-1.08971
-1.06675
0.74976
3.67873
1.76754
-0.560952
0.465116
-0.082665
2.77161
0.936628
1.0259
1.43464
-0.777168
-1.70161
-2.97085
0.0512114
-1.50788
-1.37965
0.00214439
6.66079
0.957476
-1.9912
0.408844
-0.501434
0.0497791
-1.45214
-1.23815
0.644389
-0.30204
0.468703
-3.87239
0.885877
-1.31156
-0.715156
-0.453978
-0.597476
-1.26066
-1.17131
-0.582181
1.20271
1.55358
1.97672
0.176339
-0.0832598
-0.167756
4.13661
-0.754933
0.19134
0.667307
-4.24218
3.44554
0.326707
-0.113292
1.37735
-0.328753
5.80624
-2.44993
-0.508581
0.497779
0.394355
-1.85189
-1.62321
0.65724
0.617991
-52.9467
-4.76346
-4.80685
-2.43414
-1.37298
2.34815
-0.589879
1.20385
-0.133106
0.0533902
-0.453242
5.82411
4.88797
1.63751
5.63443
-2.15128
0.0934643
3.02464
12.575
0.319527
-5.95392
-0.964588
-0.410844
4.29582
0.27123
2.03502
-1.19645
0.0984979
2.71521
-2.26385
-1.6561
2.26433
-1.08063
-0.575291
-0.995387
1.0976
-0.582899
-2.5456
-2.2622
1.60625
-0.612868
0.158249
-1.73637
-0.206786
3.77854
-0.373606
0.510296
-3.15861
-0.287015
0.946611
-0.674042
-6.64078
0.523662
0.85417
1.00707
-120.834
1.93872
-2.90772
0.0729743
1.62811
0.529421
-1.01764
1.57937
0.841047
-0.670074
1.35737
-6.56932
-0.23179
-0.0225227
0.365443
-2.712
-0.563493
-3.09238
-1.39176
0.235283
0.130392
0.070774
-1.396
-2.47296
6.50479
-0.799901
1.21699
0.216809
-0.568159
-1.2153
4.77288
1.79459
-0.568631
-5.9009
2.27985
1.11394
0.486683
1.00848
0.263856
1.17624
-1.52907
-1.30206
-0.716392
-1.0162
2.06995
0.57888
-1.40024
0.0184086
-1.38126
11.2901
0.454815
-5.55823
11.2048
0.498216
-1.28906
-2.1079
0.0804763
0.854779
1.73487
1.89129
-9.56397
1.35997
-3.05989
4.75728
1.16419
-0.537818
0.511371
-0.518013
-0.950688
3.50857
-92.2978
1.14399
1.90694
-1.51288
2.54757
3.56259
0.173543
0.0291712
0.868352
3.25558
-4.22748
0.646673
-0.0810381
0.181184
1.89908
-0.612628
0.549353
1.15793
1.48925
0.884787
-1.94067
-1.01586
0.422385
-2.12584
1.4188
-1.44252
0.12993
2.51258
0.320913
-0.890551
0.0992604
0.302461
1.47869
0.300733
1.26398
-0.193866
0.22487
0.420058
-0.694583
0.914451
-0.9849
-0.925167
0.733815
-0.944451
-0.731601
-0.0529604
0.276971
0.575519
0.511326
1.90505
-9.33462
17.5038
-0.00847009
0.221618
-3.48082
0.399607
1.07823
0.0255222
-0.38657
-5.96922
4.10347
-0.149011
-0.0454699
-0.602184
0.0433076
-0.69142
-2.60726
0.72215
46.0006
-0.449206
-7.3125
-0.567763
0.385524
-0.325014
-1.85383
-0.173401
-1.14453
-3.47187
-0.342113
-0.442389
-0.408054
0.626354
4.15128
0.120847
-0.0312291
-2.67991
-0.831412
-0.0265513
-0.0218361
-0.319968
-1.58844
2.62591
1.89141
5.41452
5.41248
-2.17379
1.05392
-1.01397
-1.10607
1.20979
0.807224
-27.1305
-8.5657
0.333568
-0.13926
-10.861
-4.6772
1.68601
-0.00686359
-1.0839
-0.642238
1.3109
-703.159
-4.58838
-1.26378
17.9728
-1.17087
0.479482
-1.4914
-0.183242
2.80343
3.9329
-19.6585
0.413067
-5.16126
10.6326
-0.978179
-10.4554
-0.324343
1.04191
1.32954
-4.41963
-0.384251
-0.019302
-0.201419
23.6742
0.271822
-0.845756
1.22861
0.572048
-4.93886
0.128692
2.84757
0.409304
-1.64572
0.137285
-0.622521
-36.7366
-1.72699
-0.124436
-26.6691
-0.0260688
0.671481
0.142893
0.823338
0.158877
0.945166
4.34122
-2.48549
0.188011
0.866889
0.663482
-0.359467
11.0658
0.393007
0.201946
-2.18391
1.11262
1.29305
0.814612
0.0668793
-0.364233
-1.10025
2.86166
-0.39286
-3.80165
-1.2844
2.1722
-0.816734
-0.129368
-0.644621
0.446833
-4.74631
-1.43949
1.59811
-3.14167
1.88352
6.393
-7.25949
-1.33749
-0.00439818
-0.151582
1.70748
0.547449
5.01076
-0.851584
0.770579
-1.35376
17.5251
0.139793
-13.7627
3.85766
-0.112034
1.69988
-0.610545
-0.409106
0.301638
0.821917
3.30879
1.21112
1.87138
1.39511
0.530351
-0.563834
0.10285
-1.77348
0.714264
0.582672
-2.21126
-0.655339
-1.89485
3.61213
0.241449
-0.655085
-2.38518
-3.75349
1.20726
-0.00478718
-6.3914
0.56951
-0.682351
0.16904
16.4895
-0.0334175
1.54726
-2.42407
-0.585401
0.176691
-0.760462
1.20226
-39.0912
-4.74404
1.54605
-5.39651
1.93461
-0.567488
-7.04516
4.4489
-0.511675
0.116451
-0.205808
0.791854
1.98265
0.0199555
2.08199
-0.30835
-18.7
4.11746
-0.000812832
-1.96597
-0.415782
-1.97351
1.64172
1.34799
-3.17899
0.44855
1.68701
-0.683917
0.432431
-1.9097
-1.47705
-2.29168
-0.595103
1.23821
0.359926
-1.67616
-1.04692
0.341736
-2.84064
-3.12275
0.0107492
-2.58751
-4.63365
-0.439585
0.287311
-0.953184
-0.615394
-0.10111
0.799079
-1.0466
-0.189488
6.47214
1.03046
-2.86203
1.57941
228.976
4.1939
-1.17845
1.19069
0.421072
0.743888
-2.7974
0.0501561
1.13323
0.0514712
1.65075
16.9322
1.60438
-2.45315
-4.30333
-0.494815
1.89442
0.106313
2.95939
0.589425
-0.222165
-2.74332
0.493885
0.619682
0.536717
-1.3599
-0.062253
5.23549
-624.181
-0.437554
-1.57313
0.794388
-0.405079
4.03157
-0.448139
3.30763
0.0560419
2.698
-15.8929
-1.42489
2.79788
-0.115019
0.785671
-52.0258
0.69773
-1.02501
0.0121301
0.452137
0.837262
-0.629981
-0.370707
-0.0255725
5.46706
0.267332
0.357532
0.580862
0.0334291
-0.526145
0.0249824
-0.848336
2.5306
-6.4135
1.16995
5.57808
-1.05438
0.429575
-0.0464974
-0.572771
-0.688551
-2.17494
9.02443
0.280778
0.097886
-0.419691
0.441916
-0.995353
-1.65639
0.498644
0.0389589
6.59674
1.26059
-38.9642
-3.46351
-1.84818
-544.829
-1.008
0.658606
0.0691835
-35.0994
-1.82265
-0.214068
-0.627441
0.784324
0.333612
-0.907973
-1.51906
-0.315583
-0.998901
3.61242
3.72893
0.30466
1.65691
0.786077
1.68366
1.24107
-0.0975706
1.10365
-1.84376
0.0161401
0.843731
0.766574
-1.23655
-5.84972
0.525022
-0.133439
2.60202
-2.72027
0.36476
-8.86496
-0.189294
0.705467
-1.26749
-1.8087
3.48785
-1.89215
3.09536
1.72089
3.41
-0.286419
0.445176
26.3974
-4.39825
-0.623348
0.201694
-0.686469
1.03464
0.265596
-0.501595
1.83978
0.492056
-0.355282
0.272566
13.3693
1.98988
-0.912526
1.25411
2.42932
-1.86152
0.982848
-2.16944
-0.503142
-1.48111
2.33624
-1.49186
0.814272
3.79982
-0.500833
0.983217
4.75524
-0.865079
0.363976
0.492158
0.511137
0.20854
0.206159
-12.1489
-6.00045
-0.309232
-5.97385
-28.7855
9.70269
3.51808
-10.7021
0.659815
2.743
-1.14033
12.9131
1.97573
0.470866
2.60484
-3.58505
-0.0493992
0.481778
1.17596
2.10851
0.292064
-0.598947
-7.25848
1.57665
0.0570798
-0.295921
-0.505868
-20.5386
6.12909
0.207162
-0.919343
24.2443
1.73957
1.95268
-2.62931
-0.19593
-0.0704621
0.779168
-0.136373
0.337009
0.844073
-1.00107
5.16097
10.6682
0.208748
6.57134
21.0791
8.8301
-0.998703
3.44684
-1.27104
-0.558281
0.329322
-0.975593
-0.654838
-0.811547
0.232406
-1.28323
0.719231
-143.898
-1.66802
0.913343
1.73772
-20.1272
-0.221321
6.18617
-1.31146
0.309529
-2.30238
-0.189298
-0.675238
-1.25302
1.49847
1.15926
3.04622
34.234
-1.78072
3.67474
-0.106989
-61.719
-1.00444
0.721313
-0.462419
0.986554
-3.80356
-0.37286
-0.733064
-0.142921
-0.186964
1.22301
-0.98144
1.69139
-0.0446173
0.447686
-0.257783
0.723875
99.7521
-4.63351
-1.04111
-5.48822
0.503681
4.16802
-0.0761505
-0.93493
4.91276
2.87919
-0.739749
1.26746
0.124416
0.141268
5.05638
7.90514
-0.684801
0.118515
2.40954
1.09652
0.859387
0.326748
-19.4301
1.09685
1.24212
-6.26311
0.224676
12.6793
0.227141
1.76358
-0.890264
-0.921115
-0.382596
2.81721
2.66504
0.588651
0.369027
-1.48118
0.243687
-0.933832
0.562082
0.764851
-0.424045
-0.0270365
-0.728893
1.19558
0.337388
-1.11812
0.292629
-0.955855
-1.33226
1.89486
-0.4687
2.20862
0.264326
-11.1807
-2.38917
-4.64486
-0.333378
-0.791824
27.4657
-1.76721
-0.62185
-0.468155
-4.38679
8.54073
-0.589867
1.32997
1.02904
0.422331
0.838122
-2.46333
-2.02746
-5.91832
-11.0664
-0.696862
0.72077
0.00560677
0.753192
0.337349
-0.206666
-1.42403
0.820762
1.87791
-0.345185
-2.81293
0.137343
-4.83412
-0.464747
-0.858713
0.260991
9.4458
5.792
-0.551043
1.1593
-14.761
-1.96574
6.40417
-0.578991
-3.41894
2.06421
-0.408138
0.267045
2.08473
-0.366386
0.804003
-0.785344
0.0629356
-0.0452241
0.24955
-0.216218
-1.92789
0.881034
-0.829908
2.65512
0.71718
-0.272069
1.96344
4.79745
-0.947917
-9.01439
-0.319225
-0.670002
-0.460043
-0.11551
-2.08773
0.226682
-0.762598
-0.618298
-0.718251
1.5493
2.01571
-0.744603
5.90304
0.600688
0.939349
1.26089
1.13805
0.247018
1.78663
0.475043
2.62819
-0.789185
-0.437665
1.38286
-746.152
0.172881
-1.54392
5.06511
0.24745
-7.39221
-4.76867
-0.339171
-67.8568
0.751786
0.29252
5.23632
-4.16115
3.10622
0.241813
5.30058
-0.846872
-4.31498
4.91923
-1.03914
-2.89357
1.8389
3.54958
5.79687
-5.34606
1.96761
-9.41325
-17.7095
-0.471081
3.82834
-0.111784
1.64969
-0.944926
-0.633493
0.944457
-0.749727
2.81898
2.61082
-0.0992869
-1.1828
0.422996
0.808593
10.0558
-2.69108
0.130561
0.38834
0.547033
-7.45964
-0.447362
0.100281
-1.10128
0.0128609
-11.0381
27.3597
-0.20326
1.11261
1.31789
0.157961
4.21642
2.45194
-5.42055
-0.294882
2.49962
1.19193
-2.98403
10.7472
-0.408522
0.649197
-0.303324
-0.368714
-0.428102
-0.228328
0.331643
-0.343333
-0.844053
-0.248368
0.08133
0.478328
-0.163046
-0.189713
-3.26238
-2.07649
0.9678
-36.1553
0.715393
11.8051
1.25271
1.48265
-0.730178
-0.323567
0.58247
-0.626431
-1.30243
-12.2606
14.5259
2.48257
-0.536404
-14.3212
0.412116
-0.50185
-0.310622
-0.734264
5.70737
-0.232328
-0.0619863
-0.0939249
1.77697
1.11709
1.25415
-0.656732
-0.372945
1.50658
-1.36511
-0.636162
-1.47347
7.44212
0.206101
0.979896
1.29127
4.69911
2.695
-7.84348
-0.45762
0.451931
-0.796729
-0.201274
6.64484
0.288626
-5.77724
-0.537021
0.278892
5.66966
-0.987668
1.21945
3.63396
-0.785001
-3.12702
-0.8363
-0.294483
0.579065
0.153994
0.818832
0.234344
1.69981
-1.31545
-0.0557383
-1.22396
0.345983
-0.0935091
0.682391
-15.4197
-1.45131
2.08976
-0.0340541
-49757.3
0.0247646
-3.53512
-0.398824
3.31718
-2.50892
7.42038
2.1072
-7.85258
21.9202
0.235604
0.957343
1.32582
0.519346
-0.859606
-15.927
3.51883
1.51975
0.81965
6.55256
0.25982
-0.745934
-0.456134
-1.552
-1.67851
0.746197
1.57675
-1.73952
0.393759
-9.86651
0.484583
-0.158087
0.744124
-1.66792
1.56321
1.34454
-2.0016
-0.126593
0.652347
-0.523036
0.383168
0.056413
-1.56856
2.15916
-4.78407
-0.226837
-2.20751
-0.480218
8.5609
-9.20095
0.289729
-0.422732
8.19965
-0.647918
24.5886
1.50655
-0.251346
0.259075
-16.5857
-0.849239
0.251818
0.939692
-4.08322
-0.160432
-0.665495
-0.228862
-1.53303
-0.216326
0.566548
4.43725
4.27235
-0.663885
-6.60953
2.71382
1.06844
-0.592012
-0.71748
-0.931535
-3.62817
-0.523013
-1.08424
0.445714
-4.58138
1.34823
-0.153092
-0.00789399
-1.69429
3.44077
-0.812742
2.49667
-1.75781
1.76664
-0.12264
-1.64801
1.32502
1.48168
-0.853593
0.241564
-0.0359043
2.68497
1.43814
-0.909086
-0.0962783
8.4436
-0.0384039
0.620744
-0.621217
-0.705072
-1.07468
1.12515
-0.334305
0.747271
0.498698
-1.90034
-0.318316
0.548962
2.38269
-1.91976
2.52914
-11.1578
-0.0427111
5.01082
73.1593
0.186487
0.220797
1.09387
1.18714
-0.101538
2.1163
-1.10427
0.98133
-2.25592
-1.84639
-1.21939
-3.05243
-1.0425
3.06966
1.25748
-0.309854
-4.2912
1.27067
0.194245
-0.186149
-0.281899
-0.530918
0.0770131
-0.269424
-2.1402
0.8743
0.15598
-0.18251
-1.2271
-1.1147
1.60774
-3.0338
-0.171259
0.177318
1.32133
-17.7877
0.352418
0.702304
-4.26544
1.36472
-0.0137396
0.331818
0.64825
-0.284615
30.4537
0.0512244
0.56928
-11.067
4.19098
334.321
-12.0836
0.153244
0.542752
0.125637
0.34637
-0.933529
-1.07921
-0.0337629
-1.73993
-0.324494
-4.26795
1.46938
-35.9082
-0.371908
-0.342223
-0.0503614
5.58518
-0.617804
-1.85202
0.412486
-0.218787
-0.216242
-3.46576
0.277345
-0.539928
-0.0787373
-2.10652
-0.436732
0.675228
-0.229694
0.948367
9.02597
2.83047
0.00730612
-2.8071
-2.06831
-2.08813
0.558199
1.6758
0.26853
17.4653
1.07297
-0.400123
1.23416
0.743222
1.33924
-23.7703
-0.595145
-2.57432
-0.981084
-3.0692
2.58443
1.80585
0.0529524
0.818299
0.257693
1.87523
-0.299719
-5.87967
2.72972
0.679645
0.0632143
-0.797884
0.598746
0.190121
0.581894
0.0757836
-1.1518
-3.00853
0.646803
0.546894
-4.05463
1.2375
0.425208
-0.579819
1.04302
1.644
-0.756415
0.493274
4.36666
0.127183
-1.55223
0.434791
0.291178
-0.198139
-2.08517
-1.08732
0.883842
-0.0157646
1.52098
2.8694
0.237005
0.427551
-2.08152
-1.25456
1.34407
-1.25267
0.996484
0.741256
-0.689027
-0.235883
38.9059
-0.643058
-6.46412
0.000611939
-1.30413
-0.467345
0.737024
0.440616
-2.90207
0.367783
-0.417168
-2.45131
0.0245636
-2.03843
0.234417
-0.732596
1.10787
-0.429304
0.763235
-0.0589326
-2.4961
-2.59106
0.918026
-0.257045
-6.69354
1.32426
-0.16605
0.74832
-1.52359
1.12293
-0.173937
-1.71927
0.470624
-1.7959
0.565221
0.183009
-1.29115
0.0481819
2.14021
23.2669
-1.26476
0.531147
2.02527
-2.71602
16.1616
-4.51943
-0.00385339
0.467879
-0.43561
-182.863
1.01359
0.363798
1.19747
-7.76953
-0.697541
3.27167
0.510846
-0.585207
2.01046
-1.39556
-1.69562
1.25181
-1.72156
-9.49243
-0.532923
-1.35087
5.12633
-0.941957
0.387705
-0.128333
-1.25351
-0.804266
-2.79343
0.330278
4.78843
-163.791
-1.68384
0.0599137
-0.581207
5.05355
0.388118
3.35537
3.6109
0.260281
-0.468468
-0.033075
0.808554
12.5666
0.131369
-0.672459
37.8578
0.361835
-0.655278
0.814135
-1.26181
-0.6193
-0.832546
7.73601
-1.32857
-1.47174
2.03595
-8.39116
0.0816936
-13.7585
1.50162
-1.13549
-0.767859
0.862527
-4.50538
1.37362
-2.60738
5.98898
-8.89295
10.6031
-0.0410533
1.10776
0.12581
0.120854
2.0313
1.73168
1.00287
-1.00092
-1.68191
1.45077
5.33195
0.813156
-3.28407
-0.888163
-0.406357
-0.921812
-0.892663
0.471201
-0.619441
-0.212324
6.66147
-16.8515
-2.18822
-0.492902
2.66679
-2.44152
1.58144
0.939736
-4.59125
0.351065
-1.5574
1.78107
0.467884
0.105231
5.91823
-0.567581
-3.75509
-0.250459
1.13946
-0.976803
0.157572
0.25973
85.8263
1.02729
-0.0705047
1.11446
-2.18943
-9.72912
-0.961894
-5.39357
-0.578589
3.43774
-1.15814
-0.855009
-1.24288
-2.63042
0.266115
0.598166
0.272017
2.17668
130.014
2.03716
1.77975
-6.11407
-1.06806
-4.02775
3.50235
-22.2755
-0.580088
17.5329
-0.5395
-0.749312
0.35171
-0.344745
0.390661
0.248955
-0.354729
0.0565509
4.84504
-86.9612
-1.65481
0.0734435
-0.301186
-2.12719
-0.294346
-0.011911
-0.747428
-0.0466373
-1.21634
-0.00257736
0.120422
-0.35771
-6.83173
-0.585333
-1.3849
0.459577
2.45999
1.22559
-3.47165
0.667023
-0.908153
1.13532
41.7569
-1.42199
0.180545
3.41752
-0.626186
-20.2691
-1.01796
0.17456
2.05719
-0.250635
-2.14244
-1.05595
12.4149
-2.53823
-1.28719
-0.973803
1.16798
14.6319
-2.694
0.593861
-74.2513
-3.52935
0.981387
43.9517
-3.7271
-2.0136
-3.95785
-2.9745
9.89783
0.0963547
0.0174342
4.01062
-0.587173
-0.649424
0.735887
-0.831052
1.57208
0.362341
0.651968
-1.59589
-20.076
0.7102
-0.588356
-4.72813
-0.174057
0.585027
2.66321
1.36196
0.0165271
0.256534
-14.2432
0.952758
0.805793
5.1766
-0.316215
0.369255
-2.23092
-1.66913
0.828127
13.0694
-0.947706
6.49949
5.70592
-0.114507
-2.80959
11.4368
0.961685
-1.22109
-0.0656388
0.290203
-1.11012
-0.810217
-0.305495
-20.3463
0.378298
-7.21372
0.572976
0.0528831
0.712391
0.054508
-0.49101
2.53989
0.139501
0.304736
-1.26978
0.56396
1.25028
-1.49591
-7.70297
-0.669324
0.442378
0.964214
-1.70692
1.84932
-2.66162
-0.0934404
-10.7345
0.123727
-10.9287
1.88817
-0.29177
-1.65732
1.41861
-3.43262
-1.08934
3.92447
2.50412
14.4802
1.0597
13.4942
5.93412
-6.60086
-14.6929
-0.245745
8.70964
0.105853
-0.437827
-4.97764
-1.85402
-1.06745
1.10426
0.350404
-0.306824
0.38521
0.186831
3.94409
0.431442
-0.409208
-0.629177
-0.788469
0.968469
-0.741478
-1.54303
-1.25926
27.8201
-0.880932
1.32257
1.86337
-5.82336
-14.1088
-0.514404
-1.37898
0.264278
-9.69822
-2.74039
-0.93067
0.144697
0.605609
-5.47495
-1.28352
0.364596
-18.727
1.16645
-0.231853
-0.385908
0.48385
16.7751
-1.85761
0.74439
-0.219008
-4.8001
3.79936
-5.32071
-2.49103
-1.49923
-1.5721
-1.52874
-0.0941442
1.38477
0.335233
1.77658
-0.754534
-1.79349
-13.664
-0.436041
0.0836124
-0.0978014
0.868946
-0.864517
0.266054
5.64901
-0.0938212
0.879042
0.302872
-0.830942
1.6618
2.09074
-1.25301
0.329227
-0.806033
0.892769
-0.699898
-0.807263
1.49451
-1.32738
-0.196593
0.3688
-0.0965453
0.14061
-1.08329
-0.790546
2.21766
-2.95328
0.0350222
-16.443
-0.331634
0.458412
-6.24615
1.13313
-0.277011
-10.9769
-1.26943
-0.275814
-0.48944
0.211826
2.25343
-0.0387408
-0.469776
-0.126121
-3.57191
-94.3613
-0.33798
5.96043
1.87069
1.23514
39.8242
0.0456255
2.41314
-4.45447
-5.59162
0.943605
-0.547349
9.58951
0.191852
-13.5525
0.521572
-1.32447
-0.306162
0.300685
-0.749971
-0.438664
-0.463437
-1.16695
-3.36685
0.448008
-1.19546
6.17865
-0.143142
2.09851
-0.50672
0.926815
4.57686
2.46038
0.447577
-2.06375
9.57419
1.05336
1.29682
-0.362539
-0.838036
1.89704
-0.0545682
0.162134
-0.0267633
-2.40151
-0.913428
2.13489
0.493762
-1.17693
2.10338
-1.30027
-0.0888844
-0.309429
-0.111998
2.47795
1.39249
0.961217
1.36776
-3.14134
-0.0353971
-0.44441
0.442893
5.15232
-0.312114
0.283895
6.66961
-0.0829023
0.844969
-1.95445
-1.08785
-1.15568
-1.42245
1.21785
-1.59675
-0.903594
-0.11736
-26.0653
0.125426
-0.0657567
-4.45948
4.58554
-0.027236
0.608617
-0.669288
-1.72295
-3.9391
-2.46339
0.817045
-1.53657
0.171795
0.227235
-0.684668
1.18544
0.96756
19.0034
0.927836
0.43544
14.9953
-0.668633
-0.0392457
1.12006
-2.0615
-0.797744
-2.27036
1.33515
-2.54093
3.68325
0.346715
0.946389
-1.08346
0.120662
2.81237
-5.27467
0.883027
-0.243733
0.81331
0.817216
1.97304
-1.54646
-10.2599
-1.91261
2.88439
0.0734121
-5.7825
3.97344
0.283076
0.442967
2.24599
8.94037
6.55419
-1.43178
-0.690866
-1.81516
3.79666
-0.0137943
0.267522
-9.8025
1.62479
-0.649839
1.12029
0.734329
1.06164
-0.379749
-1.25045
-2.62478
-5.63665
0.90485
-5.91279
1.12641
0.976278
1.17873
-8.72358
-1.34885
-1.36162
-0.772273
-1.89857
33.319
0.138376
2.05705
-5.23433
-1.11678
1.00874
1.55711
-0.321134
-0.984651
-4.40567
-1.23016
1.74575
0.490822
0.647519
5.27354
0.336867
-0.0828864
-0.8038
0.467184
-4.87347
0.589297
6.02256
2.72001
-3.17345
1.58885
-0.725395
11.1502
0.732861
7.60747
0.785084
-0.762884
0.801246
1.64758
-5.74727
-0.366467
-3.34049
2.16829
-28.1329
-2.37964
1.37316
0.919525
-0.170114
5.57007
0.12757
-1.27224
0.405604
0.327459
-0.779628
-0.975926
6.38466
-0.0604716
-1.53344
-16.6766
-0.272307
3.54377
0.432934
0.193371
-4.3835
-0.0357264
0.00844661
14.2066
-1.22255
-0.970049
1.45384
-1.14652
0.565705
-0.0422832
4.48907
-6.08218
-0.639505
-0.159776
-2.10034
-1.19809
-1.87141
5.99139
-4.16753
1.24419
-2.7335
8.37021
0.451453
1.26746
-141.877
0.408378
2.15409
-1.04413
-2.5949
2.68261
0.632024
0.0355705
-0.682377
-0.18054
0.12365
0.950601
0.393853
1.02082
0.532427
-0.919984
0.0493144
2.54362
5.49299
0.449793
0.00142208
0.846738
0.369313
-2.14781
-1.13937
2.42911
0.529326
0.22219
-0.0114581
2.27636
0.299564
1.45542
2.9838
30.6134
1.20235
0.447299
-5.05507
1.54189
-0.292724
5.74366
1.73358
0.119895
3.74198
1.19616
-0.725659
-4.04016
0.793252
0.27474
-0.637988
3.84744
0.464188
1.69966
43.6229
1.20145
-8.60153
-0.293359
10.4011
-0.78967
-1.08185
-1.03858
0.616832
-0.0291574
-1.75974
27.2839
-0.421149
-3.93868
2.60183
0.0422868
3.10603
-3.56164
0.547965
-6.02811
-2.49344
0.723539
-0.295866
3.68109
-0.515888
-0.278033
0.523742
1.08499
1.14013
3.41704
4.05053
2.52152
-0.726031
0.714373
-2.68478
2.20904
-12.457
-2.18417
-1.4653
3.11612
-2.71912
-0.733625
0.773745
-0.353113
-0.0699679
-9.63461
-0.822314
-0.213423
1.37204
-0.0790905
-2.26037
-0.44252
0.359414
-1.84174
-0.376774
0.602185
0.353513
-0.503445
-1.03065
0.373144
-0.196933
0.533444
2.56574
0.177775
0.120363
-1.06374
1.4146
-0.22656
-1.67398
-1.34352
0.924758
0.438423
-1.62502
1.92295
0.504957
-0.187691
0.181545
-0.35239
-1.83578
1.03218
3.14188
0.941079
-1.13714
-0.14653
-1.33119
14.1061
-13.4002
1.20806
0.219427
0.757421
-2.24201
0.148474
-2.9131
-1.45838
-3.6728
0.212149
-5.03003
-0.522855
2.26153
-5.57577
1.3603
-0.102727
-1.64046
0.910923
1.65903
-0.362068
0.217074
-0.375345
-1.31632
0.167823
0.851277
0.386972
-0.409295
1.24805
0.109224
1.90065
-60.2115
-13.7674
1.23966
1.74388
-3.46048
0.571035
0.0549143
3.63323
0.252791
0.741952
-0.27178
1.72805
-1.53084
0.742165
0.135472
-0.231379
-2.61418
-0.235747
2.1318
0.215503
0.459354
-0.709352
0.826708
-0.802638
-1.54455
3.70128
-1.65597
-0.815982
-6.47551
-0.394376
5.96516
-1.00141
-1.11102
-0.386633
-1.77831
-3.64708
8.0871
-0.988176
0.85627
-0.436426
6.97165
0.538508
-0.241945
0.530674
10.8783
-0.38772
-0.388572
-0.311757
-4.55695
-0.458879
19.7055
-17.7142
-2.18157
-0.525973
4.11466
-0.0258207
-0.855186
0.892932
0.613072
2.20305
0.40292
-0.101726
-0.116486
-407.306
-0.394403
-1.15473
0.833458
-0.489712
-0.723278
-2.70097
0.67899
-1.13508
-0.526254
-2.65137
-1.34697
1.05416
-2.24523
0.163288
-1.13823
-1.07295
7.15818
0.174842
-3.12072
0.398344
0.0336125
0.82717
2.23488
0.513969
-2.1549
0.477854
-0.358287
-0.168889
-0.0622386
-11.7902
0.340665
1.20243
0.195468
-2.52416
-0.392508
-3.37204
1.26913
0.405792
-0.633453
2.0814
-4.39304
-1.02543
1.24961
-1.19318
460.657
-0.975724
-0.505422
0.153594
1.13441
-0.222726
-0.20245
-0.730436
0.398264
10.0996
1.32254
-1.37466
-3.44689
3.55334
0.0106424
0.239888
-3.85757
0.0532942
-0.00822819
0.269901
-3.88668
1.13145
-426.202
0.172106
0.876921
-0.677131
1.16499
-9.17067
-0.699888
-8.29583
-4.67432
-0.759933
0.228219
-0.953823
0.782262
-8.2434
-1.04845
0.581832
34.2755
0.957305
-0.440172
0.654933
0.374502
-0.394499
2.15822
-0.438018
-0.81722
-2.18565
4.47995
2.66544
0.318048
8.79774
-1.32209
-1.14804
-1.20028
-2.29691
9.5458
0.347792
0.422598
-0.484307
-1.47237
-1.37939
-0.96339
-3.83919
0.602877
13.2209
-0.328532
28.7469
0.324849
-1.03483
-0.411326
-0.264992
-0.355877
-7.40577
-0.37741
1.03563
-0.640475
-18.2403
-1.80552
0.406554
-2.00591
-1.94913
-4.61593
0.0237259
-1.78845
0.112749
0.272368
1.28696
0.381672
3.3924
5.34538
0.424456
-0.314611
-0.946103
1.79401
-2.20075
-1.60839
-0.129332
-1.36769
-0.00500691
-9.57725
-0.233259
-0.13299
-1.32147
-3.11122
-1.9362
-1.28595
-1.07636
-2.2398
-0.424057
1.94246
1.15788
0.367411
0.159332
1.34911
0.287333
-0.619398
1.4706
4.43853
0.567394
0.483565
10.6632
-1.13271
-0.89203
-1.43086
2.0973
-4.30933
3.37612
-0.607958
-0.146297
-0.612984
-0.0498736
2.41951
0.765339
1.06887
0.662115
-7.85391
-1.15931
0.0899786
0.410592
-0.232342
-0.0985065
-0.140175
0.332855
0.728677
-0.919065
-4.15445
-0.418005
0.417715
1.20731
-5.63131
1.12248
-0.836628
0.34771
-0.605296
0.853912
2.45129
-1.0305
-45.0738
-3.24529
-2.27553
0.111955
-0.880312
-0.187339
-0.0236352
0.672608
0.482234
-8.72757
0.357581
0.259658
1.40503
0.443772
-0.447098
0.246052
0.504252
1.47311
0.340336
0.739418
3.5605
-3.82361
-1.49386
1.10821
0.57871
1.91123
-0.929054
0.845282
-2.05436
2.90126
1.2258
7.07114
-17.5508
2.19713
2.21289
-0.680924
1.91823
7.58035
2.63522
3.29181
-0.986737
0.25083
-3.57449
-0.190274
0.35969
-0.1268
0.840806
0.356286
1.65248
0.241517
-1.07142
-0.413591
-35.3959
0.0147515
-2.1219
-2.85303
0.262564
-0.484049
4.51306
0.57001
-0.552724
0.157443
0.616364
0.697703
2.40003
8.74984
0.431514
0.651748
-0.532047
47.9736
95.7231
0.3508
-1.01341
6.30594
-18.0352
0.239637
-2.44837
1.71028
-0.340628
-1.18619
-0.627538
0.885525
0.908339
-0.65762
-0.438362
1.28454
0.591075
-11.2933
-1.18874
0.269959
-2.16432
2.57166
2.3562
1.19565
0.443295
-0.28553
-0.621128
0.806833
-13.1053
-1.29309
1.90583
3.24076
0.952617
-0.107049
-0.715929
3.54661
4.08568
1.02557
-244.708
0.231624
2.84875
0.396504
0.398504
-0.629325
0.0496275
-3.66731
0.215239
-0.0952036
-0.868169
7.43181
-0.410525
2.79723
-38.3599
3.93381
-0.108114
-0.238766
-0.412286
0.237704
-1.37041
2.79688
2.69817
-0.0154583
0.708125
-1.05591
0.91989
-1.02132
-0.427921
1.28483
-0.498312
-16.7283
0.580185
0.623213
1.1509
-8.10927
0.375791
0.146047
8.98354
-0.510301
0.579621
1.07967
-1.24008
-0.783443
-1.16253
-3.22669
0.099331
0.893162
8.32656
0.147098
-4.3693
0.436049
-4.7587
-0.116849
-2.32987
0.67225
-2.76301
-0.772254
0.950715
-0.279328
0.945962
0.122988
-0.910839
1.19203
45.5163
2.86221
-6.56115
5.6478
2.23812
-3.75204
0.602153
-16.0318
1.18113
-2.59332
-1.23212
0.275064
0.560172
26.8018
29.2115
-0.72494
0.25162
2.25422
0.301465
0.606626
-0.480777
-0.971674
0.518499
-10.5388
5.2446
-0.380471
1.59863
0.651878
1.91739
-0.130352
1.00858
0.824631
-0.405818
1.43531
0.167374
3.46256
3.30944
1.32218
-0.854115
8.51404
-0.927978
-11.0527
-0.609376
-1.09637
2.14259
12.4249
-1.21604
0.302602
-5.05475
-0.996785
-1.08641
-0.749553
-4.25695
-0.136602
-0.495035
-0.0721345
0.254978
8.15188
-1.29073
0.0928388
2.22513
0.0759179
-3.30758
0.155141
-1.17054
-0.186339
-0.917159
-1.35306
0.158277
1.537
2.41067
-0.783504
0.3531
-3.01871
-13.3838
0.142909
-2.16409
2.0759
0.80428
1.7276
0.950586
-1.65122
3.23111
0.47716
13.6567
-8.62807
-1.24325
-0.338437
-12.0386
-0.36348
2.62346
0.392466
-3.824
-0.476361
-1.89812
0.133384
1.61777
-0.456274
0.289827
-6.33764
-1.09472
-8.99557
-6.33704
-1.35509
4.11844
-0.40546
0.0983198
-0.805805
-4.03152
0.980769
0.207155
-3.71674
-0.0642565
-1.29945
0.971573
0.545709
-0.629808
-12.0555
-0.0575512
-0.599165
-3.53364
0.137193
2.09523
-1.29209
-12.1046
1.77703
-2.82716
3.97134
0.39162
-0.761886
0.389917
0.382584
-0.354319
5.0765
-0.168608
-0.223294
-3.05475
3.66823
-0.607123
0.597436
4.73711
-2.84091
-1.22856
-1.75554
0.0605456
0.0561991
-0.944145
0.114689
-2.99613
0.699133
3.84137
1.60525
0.912768
-2.05181
-1.58036
-0.057452
-0.353777
-0.625822
0.0157418
-6.15134
2.69779
-1.19731
-0.618244
0.576674
1.6017
2.02066
8.3052
-1.27517
0.37295
0.451928
2.41128
1.46686
-0.703092
4.77204
-3.26146
2.54491
-1.09651
-0.516028
2.10929
-0.532749
1.73364
0.325596
-1.74486
-0.540633
0.35942
1.98174
0.468243
1.57399
0.807089
0.106361
0.596007
-0.14439
1.45925
-7.07516
0.918853
4.21621
-2.53751
0.233591
0.0186093
2.24847
14.1273
-0.274473
0.226621
0.198258
-3.84444
-5.0361
-9.40153
0.231486
1.19975
0.131227
2.99188
2.26525
1.82286
0.103543
-1.74794
-1.07956
0.599019
-2.64177
-1.42899
-8.19352
1.87055
-6.23845
-0.171705
0.50132
5.11845
0.70021
-4.24238
-2.17744
-3.20047
-0.497885
-0.482304
4.44858
1.91482
-0.169044
2.74126
2.49547
0.573288
0.369567
0.211769
26.9072
0.402657
-6.75592
-1.95809
0.452961
-3.67362
-0.592786
0.665147
1.3229
-87.3762
1.28351
-3.12529
0.172337
-1.84308
-0.175511
-0.972464
1.38102
-4.22248
1.23754
1.68611
1.48327
-1.02617
-0.712312
-3.15899
2.03376
1.10399
1.99976
0.967632
0.196515
-0.0904164
0.211356
-9.04241
-0.0741878
-300.436
-0.177809
1.10141
-2.0676
0.0240975
0.257521
4.43273
-0.531651
1.0513
-0.00963016
0.97937
0.00333455
0.288718
-6.42133
0.0503455
-1.29861
0.0726114
1.04769
1.67063
0.61169
-1.19686
-1.89192
-2.14424
-0.766112
0.211829
0.171704
-4.33453
-0.0533509
0.665935
-0.0817166
0.138398
-0.00840454
-0.944061
-0.08254
0.584156
-0.855975
3.02727
-1.27305
-1.24786
-0.131546
-0.968523
1.04747
-1.14969
1.31579
-0.348177
-0.476179
-0.365764
0.30877
1.1344
0.164826
-1.0893
1.4861
-0.539891
-0.275748
1.6924
4.76802
-0.27071
-0.308171
0.340464
-1.05171
-0.631349
-0.735939
0.97525
-0.141259
-3.65799
0.24187
-0.217474
3.59549
-0.801349
7.69223
1.10626
-1.41074
-1.14091
2.30656
0.293337
-2.26905
0.753208
-5.08497
1.93763
-1.16855
0.125318
1.07789
0.116671
-0.000881555
-2.49989
2.98949
-1.90008
4.6373
0.0333281
0.24293
2.33617
-0.87593
0.0452917
-0.373081
-0.101348
1.99341
0.516741
-0.213013
0.342594
1.04132
1.95053
0.791181
0.218146
-0.200759
-1.19338
0.173253
1.57162
7.81451
2.27375
0.768012
-2.83427
1.89384
-0.938169
-0.658547
-0.11199
0.970181
1.52706
0.49523
-33.7481
2.59246
-0.254172
-1.3562
-0.308759
-0.375207
-2.26096
0.257323
-1.72409
1.0584
0.528304
0.0911549
0.0116142
-0.652698
-0.450021
1.05878
-0.628874
-0.858987
-2.37649
-0.497774
0.0646878
-0.49213
0.0961305
-43.9358
-0.444407
-0.186403
4.10313
0.521575
3.10006
0.0275899
-94.5262
-1.11479
-4.06122
-0.380988
-3.806
-0.795445
-1.86694
1.21208
0.412415
-0.144747
-1.13756
0.36608
-1.02914
0.74906
-0.121751
-2.46867
-1.79574
2.80476
-0.0852481
-0.0508717
2.48798
1.23939
-0.634924
2.46088
0.0718256
1.04934
3.09352
1.54324
-0.519797
-0.237065
0.887946
0.432646
-1.55979
-0.193876
-0.860842
-1.75612
-0.207412
2.08555
-2.37998
-0.0979615
-1.81956
0.678021
-3.14233
-0.623394
2.24248
0.888121
0.133187
-2.52601
0.344336
-0.282827
-0.543756
-5.07288
-0.758835
-0.944066
11.6328
-0.480975
0.0106141
-0.275379
-0.0502637
44.0207
1.68065
0.661741
0.56264
-0.17336
-0.371201
-0.608715
1.31499
1.21343
0.806745
-0.345288
-1.35946
-1.6813
-8.35916
0.255794
-1.05284
0.803364
19.0304
2.65657
0.791061
-0.957924
-2.72517
-17.0317
-0.622935
1.71547
-5.39688
1.03955
-1.55205
0.424852
-0.398273
-0.80219
-1.92201
-0.239778
-1.32283
0.312435
-75.4619
-2.99547
1.85319
0.640232
0.873251
2.5953
-0.348339
-0.01107
-1.31883
0.481552
-0.436059
0.5852
7.56154
-0.828528
0.8006
0.111135
-0.0669282
-0.866279
0.616164
0.202874
-1.54305
-2.45113
2.23324
-1.00895
-2.29892
-1.33791
0.00302845
-0.477332
-0.737433
-6.91041
-0.687061
0.484199
-0.318867
0.221704
0.417533
1.99275
-0.795843
-5.53931
1.0147
1.61694
-1.7791
-0.139498
-9.91047
0.0707488
-26.6963
-1.03007
-0.458941
0.893885
13.4158
0.637151
4.29523
0.761083
-0.193756
0.0612234
0.728985
2.9104
0.830388
3.39856
0.429128
1.13157
-3.13774
-2.48585
1.50318
-0.471918
0.137205
-0.555213
-0.465054
7.69013
0.259792
-1.13546
-2.29399
-0.79886
1.09299
-1.23386
3.14353
0.449232
-2.76908
13.7828
1.81573
1.49145
0.0987145
5.55832
0.778284
-0.171948
1.60292
0.622298
-0.877601
19.2845
0.0871429
-0.188601
0.617235
2.91105
-0.780831
4.86107
-0.0133014
0.164064
1.56096
1.66092
4.89759
-0.0180033
-15.2764
0.512302
1.38742
-0.0251561
-5.63568
-1.09177
-0.493665
-0.124304
-1.25846
0.680491
47.6384
-108.973
0.61103
1.91666
-1.50542
0.0889814
1.70337
-1.24539
0.297517
0.467409
-0.114734
2.78545
-1.20477
-3.97338
-0.9125
-0.801881
2.53388
-8.11263
5.33753
-0.085154
-1.0815
-0.714636
-0.854519
-0.194477
0.00427744
-0.119266
-0.585674
0.471849
-8.08668
0.293757
0.646012
-0.0422451
1.72396
-7.54979
0.396504
-4.62377
-0.130269
1.00618
-0.448083
0.610281
0.810312
-0.814462
-1.94913
-1.37078
1.33286
97.767
0.0591049
1.41941
-0.784205
3.00771
0.0998237
0.070318
3.83085
5.51346
1.67783
0.745355
0.37591
0.288268
-1.0961
4.51961
4.73864
-6.17069
-0.939289
0.773447
0.511003
1.3635
-1.34046
4.91561
0.836249
-2.15442
-0.144102
0.146047
0.369784
1.97004
-41.4289
0.231211
6.03584
0.50901
-0.254667
-2.86561
-0.798793
-1.25195
0.563149
0.0595943
-1.55708
-0.20387
-2.39538
-1.09626
97.4162
2.2059
-3.86391
22.39
0.561859
0.930592
2.78904
0.399111
-7.23206
3.32109
-0.807118
-0.345174
4.78557
-65.5074
-5.32676
-0.418945
-1.46576
1.16655
-7.1319
1.52144
-4.08228
31.3582
-0.60987
0.954535
0.0866345
-0.524261
-0.449844
-0.0529352
0.284377
-0.351809
-0.759692
1.08683
-0.145746
-0.477315
-0.41889
0.033544
-3.19111
33.1642
-0.41626
-0.335646
1.74967
-0.307896
0.323708
-1.95847
-19.448
3.0983
11.4086
3.99396
-0.0654099
0.798705
-0.431208
0.482295
-8.39983
-1.57591
-13.3183
19.1808
-78.4729
0.677279
-3.40651
1.28019
2.83266
0.0758562
-0.141245
1.27268
2.23514
7.81682
0.169526
4.51855
-1.20869
-0.802095
2.10939
-0.172454
2.72511
-0.388434
-3.23698
-11.5485
0.212716
-0.193319
1.34816
-0.263722
6.30965
-5.90805
-0.281309
3.80461
0.0878747
-0.0396848
0.0718492
-0.244969
0.638864
7.19336
-2.08538
0.911935
2.93164
0.125225
0.442417
17.5323
8.08042
-0.422359
5.14416
0.885787
-0.846442
-4.17564
-1.76093
-7.24412
1.66457
0.449161
0.733398
0.0262976
-2.84363
-36.7846
-23.2877
2.16537
28.9849
-2.01333
1.87981
1.7604
-1.07489
1.45438
-1.72152
-0.318011
0.130103
7.44066
-5.19083
1.51052
-0.596557
-0.254308
-1.16517
-1.82387
0.909511
-0.421656
2.75166
-1.06444
-1.52812
1.03226
5.82105
-0.75688
0.519455
-0.601861
0.250519
-0.0805667
1.97074
-0.451287
-2.24846
-0.290034
0.0575668
-0.581505
-1.17231
-5.58415
1.24567
1.64578
-3.23617
-1.02954
-13.2132
2.98108
11.9734
0.593301
1.02526
-3.76717
-3.57502
1.57916
0.0776893
-0.643906
-1.65168
2.15937
-1.14777
1.0737
0.692009
-0.315732
-1.00897
0.581871
1.57777
-2.10545
22.6358
-2.8001
4.81185
1.6075
1.09796
0.709265
-0.50745
1.25256
-0.300428
1.40357
-11.3646
-0.588738
2.1773
-1.70282
3.27801
1.08775
-0.0298752
-0.267133
-1.62751
-0.94654
0.849953
3.83492
0.167034
0.994263
-15.4447
1.40316
0.198045
-0.832548
1.39771
0.2577
0.402975
-1.48733
-0.00982601
-6.91895
1.29632
31.6102
-1.59114
0.317426
-0.647647
1.32558
-0.166604
-138.615
-0.332745
10.0441
-0.627892
0.578653
-6.33504
0.806829
0.209745
0.814129
1.38786
-1.0143
-1.92169
-0.889268
0.231005
4.11213
0.945747
-1.14973
-6.30111
-0.152208
-2.77165
-0.338669
3.20421
-3.61
-0.0142539
-0.239097
-4.02295
0.066756
-0.00437889
6.41196
-0.767279
-0.365015
0.315358
0.978894
1.49003
-2.87448
1.6694
0.319607
134.019
-0.449256
0.673619
-0.0350418
-0.149159
-0.773336
-4.49561
-2.34948
0.204845
1.89256
0.493377
0.0656743
-0.0114834
-0.68148
1.27067
0.145017
-0.328345
0.376506
-3.73785
-4.49259
0.595912
-0.292365
9.81866
-0.915122
109.052
-0.622882
3.8986
-2.88449
1.97425
2.0254
-34.4406
1.45718
4.69204
0.0186351
-1.02462
0.460859
-1.27576
-0.180696
1.80355
-0.0961114
2.16942
-0.263424
1.99004
4.76187
-0.231462
0.542979
-0.40793
-0.925223
-1.35207
0.263534
0.907318
-0.39809
0.0943635
1.08625
0.705479
-0.192018
3.29009
0.540461
0.49923
-1.19584
-1.34426
1.63112
-2.52208
0.362612
1.25829
-0.603562
-0.618727
-6.87018
1.01378
0.764901
-1.06052
-0.834999
-1.15567
-0.155071
-0.346232
-0.994729
0.910409
0.331687
-0.506659
-0.774727
1.20929
0.908222
-1.34164
-1.17736
-0.457442
0.358909
-1.68669
-0.602449
-2.00715
0.210615
0.984855
-0.946669
-2.14185
-0.711072
2.42869
-2.3989
-0.52131
0.156794
0.993834
0.09552
4.39316
85.6229
-0.214311
0.373358
-0.060761
0.185166
0.179271
0.642763
0.673185
0.946733
-16.2886
0.33708
-0.201048
2.20937
7.20687
0.808042
-0.375609
1.12594
3.82183
-8.0451
-2.50516
-3.85918
-0.889551
81.2521
-0.668789
-1.15304
0.625855
-2.34919
-0.543632
-0.981288
-1.82459
-1.58542
5.98071
0.561897
0.189289
4.09589
-0.487194
0.0189951
-0.072194
2.91001
1.25981
0.699678
-0.585536
-2.28131
-0.998507
-2.72831
-2.51425
2.25878
-1.8794
1.34531
-0.663934
-15.5969
1.66284
1.28874
-0.145607
-6.83965
3.37211
71.6605
-1.0407
-0.322313
-0.101213
-0.31721
-3.33277
-4.06948
-2.44827
0.357649
-34.1298
0.405549
0.164336
-59.4559
-13.0051
-1.6254
-0.18677
4.93368
0.237447
-0.0254508
-0.123868
-0.122847
9.92721
-2.38591
0.0117027
311.759
0.100811
2.46668
3.27755
-0.070578
0.441505
0.768979
-2.53586
-3.40616
0.427539
0.314745
-0.345503
-4.71884
-3.06894
-0.296504
-1.15703
7.54763
-0.631176
4.02929
-60.924
6.27623
6.26681
0.851878
0.00545026
8.02397
12.6368
0.892552
-0.612085
-0.205194
3.53702
1.39665
0.136622
0.0536195
0.549944
9.40189
-0.392981
0.766653
2.53139
-0.137859
8.39744
0.0865086
0.517362
0.363639
0.806392
-0.569321
2.65624
6.0806
-0.28694
-0.738249
0.923322
4.15394
-0.440086
-3.1404
-0.676469
-3.74536
0.362099
1.05764
-1.40307
-4.02884
-0.223169
20.5835
-9.45018
-0.439633
1.12421
-0.0596886
5.85503
0.918022
-2.38916
-0.478359
-0.131009
-5.74848
-0.236831
-2.61679
0.817246
-0.142138
2.45057
4.41297
-0.112965
4.52941
0.877562
-0.00982117
-0.290541
9.96857
0.723407
-1.34483
-1.68369
0.698436
-0.332149
0.408789
0.92639
0.677331
-0.104122
0.213206
-2.3809
0.506091
-1.06968
-1.0948
-1.34377
1.7311
-9.33683
-3.41802
-14.3522
-0.662514
8.04451
0.162335
-8.55612
0.492832
-6.78778
0.0171562
-0.510421
-0.703003
-1.08883
-3.40919
-1.00663
-1.09571
-0.444911
0.278089
0.219889
0.310704
0.0346413
-0.893164
-1.19411
-0.226294
-0.102495
-0.224344
-0.87265
2.83581
1.95631
0.452624
-0.465744
7.65029
2.9898
1.19834
0.336379
-0.0880937
-0.730913
-0.64944
-1.04139
-3.16861
8.97199
0.551664
1.06558
-0.433715
0.62181
-1.09487
-0.24615
0.387399
-1.83278
-1.90963
1.1097
-1.01264
-0.0634812
-0.886464
0.308404
0.431778
0.000962304
-3.75474
4.41159
0.822258
0.654026
-0.290429
-1.78962
-0.0353696
-99.2983
2.3146
-0.43972
-1.24727
0.380089
-0.278689
-0.275334
0.0719441
0.942498
0.415335
1.952
1.32814
1.05639
-1.10232
0.0276812
1.76367
0.358173
2.17758
1.09403
-0.031346
-0.262131
1.68578
-1.23716
2.45994
1.67359
9.78903
0.181961
8.56216
-0.123708
0.329011
-27.4898
1.96571
-0.200519
0.730313
-2.0112
-0.611195
-15.631
3.32145
-0.0484531
-0.535102
0.386757
0.543281
8.40975
-14.925
-26.6087
0.44848
-0.797031
1.58778
0.0971314
0.443297
-3.26806
0.445772
0.198552
2.1205
1.91405
1.35496
0.0892103
-0.626334
1.02714
-0.372435
-5.61384
-4.62308
11.4766
0.524124
-3.18333
1.00444
0.923037
9.11588
-0.361408
-0.755854
-5.16858
-2.89954
0.707656
-2.25639
3.57249
-6.40686
-1.09332
2.80356
-1.54285
-0.500777
1.06627
0.710771
2.68448
0.662763
0.479586
-0.392942
0.122901
2.02644
0.216964
-1.06418
4.00944
-0.809615
-2.50398
-4.96218
3.42606
0.275032
-0.256873
1.92546
17.2782
0.301122
0.102023
0.686382
0.45175
-0.307308
0.393617
-0.640599
-0.795051
0.336608
0.0927336
0.351329
-0.42537
6.44508
-2.62699
-0.31197
-1.33185
0.776948
-3.32469
-1.01332
-0.244505
-1.97352
-0.51457
4.37121
-0.139197
8.50212
1.20184
2.57877
1.23597
-5.54743
1.56605
-0.661334
0.385348
0.0384414
0.690405
1.87699
-1.42131
-0.634863
-1.21824
2.14913
1.07554
0.654526
3.42121
-0.548372
0.026801
-8.90665
0.203603
-0.112722
0.560065
-0.674879
-3.12661
-1.43977
-0.341422
-1.08157
0.753593
-1.88335
-0.142853
-2.61203
-0.280708
0.249039
-3.43365
0.363892
1.69925
-5.12671
3.06755
-6.04473
-0.373195
6.78799
-1.10139
-0.505169
-2.51256
6.99804
-0.115543
0.0104446
0.0428657
13.5656
-2.44459
-0.584942
0.316473
0.472667
-0.704176
-0.93137
-0.0828124
-1.4708
0.704475
5.61336
-0.433527
3.0097
7.45281
-4.56782
0.109027
0.991535
-0.152123
-3.48607
11.8775
0.423477
-216.907
-0.383986
0.250605
-0.6085
-1.80967
2.31586
-0.662947
-1.29014
-0.584702
1.34597
-0.360263
0.644049
0.557707
0.128409
1.63418
2.597
1.13086
-0.959973
-0.392476
-2.18581
-0.342013
-1.45904
2.83408
-1.54911
0.7314
3.39977
0.960893
-0.332017
-0.490849
0.160664
-0.646749
-1.80058
-1.56269
8.76897
-1.48105
1.86288
-3.06001
-4.11423
0.626926
-1.22104
0.0546959
0.0825931
2.35269
-0.258481
-1.6976
-0.894065
1.14271
3.51173
0.824794
1.40771
2.60842
2.12942
1.17798
1.75736
-12.0563
-2.48611
-0.316883
0.0244432
1.13577
2.13325
-9.00912
7.42775
1.10264
-0.503352
0.873829
0.396356
5.55411
-0.997401
-2.87773
-0.135331
-0.0774218
1.49619
1.39487
8.1782
0.128408
-8.78771
0.428846
-1.32977
2.68697
-1.04419
0.151447
-1.05449
-0.573946
-0.182626
0.355403
0.02273
0.240994
-2.01944
0.204534
-0.274565
0.339054
1.38981
0.0479568
0.356078
-7.05167
-0.721446
0.642932
-0.944115
0.159876
-0.898591
1.0584
1.10251
1.35407
-16.9928
-8.15299
-2.07829
1.13698
4.04586
5.66452
0.240594
1.14438
0.559215
-0.480535
3.00018
0.326652
2.19013
-0.587029
-0.113217
0.70663
-0.216267
1.41376
0.469432
0.775231
-0.798525
1.25487
-0.548924
-0.296031
-0.521733
-0.639967
-1.25259
-1.18491
0.0509024
-1.70379
-0.019013
15.7116
0.767867
0.392708
0.888583
2.18069
-1.04235
0.234715
1.68615
0.350286
-2.12116
-1.2581
-0.424752
-2.40324
9.98147
-2.44542
-0.166667
0.575762
0.0718979
0.755934
-0.647206
-0.597785
3.67777
-2.15145
-0.0768492
-6.42716
1.63621
-0.25315
-1.17496
0.096901
-0.850077
-0.406159
2.20583
11.5379
5.48601
8.10753
-1.08337
1.11371
0.898106
1.45597
0.354978
1.38896
-1.40809
0.596668
7.88211
1.6255
1.00261
2.62663
0.155574
-2.66589
-2.00342
-1.40205
-0.983391
2.188
-7.52044
0.493204
0.127362
-1.17714
1.2257
-0.668654
-7.23682
0.288598
-6.5106
-1.90705
-0.620583
0.61046
-25.8108
-14.5389
0.44973
-0.389797
-4.60533
0.75718
7.13885
1.83808
0.764254
0.231823
-1.35977
1.5492
7.94706
-3.04237
-3.6291
0.751557
-1.10956
-0.169641
-0.499069
-0.490855
-7.28662
1.29084
0.883957
-3.44482
0.426446
0.58985
0.666153
0.282415
6.81182
-1.42738
0.135465
-1.15446
-1.63587
1.75047
-0.48632
-0.163258
1.43834
0.574477
1.30471
-0.466526
-1.81663
-2.48592
0.228383
246.737
-10.8736
0.409784
-0.064769
-0.764433
-2.62186
-0.788254
4.97293
-8.63256
0.613505
-1.05997
-2.12395
-1.00949
0.945397
-2.84162
-0.696031
0.500405
5.04245
0.81214
4.74306
-0.880565
-3.71637
-4.6535
0.601619
-11.2789
3.00763
0.530058
0.495668
-0.267286
-0.512744
-1.12691
-0.763656
-0.190422
-0.644989
-0.57804
-1.97779
0.0852775
5.28554
-1.75905
4.71275
19.5166
-0.028697
1.20217
0.981024
-68.7296
-30.9015
0.119205
0.729909
-13.4704
1.43896
-0.14374
0.560482
-1.86273
3.74298
0.3419
-0.143501
0.201124
1.08403
-3.66093
0.497305
13.0998
0.0715811
-2.11884
-0.776578
0.442793
0.638604
0.772883
-0.304236
4.55078
-0.924648
0.332522
7.41284
1.82601
-0.580426
-0.41936
-1.88382
-0.574928
-0.591092
-0.732108
-0.132805
0.448846
-4.01072
-6.60994
-1.59945
-2.27762
-1.40391
-1.86989
-0.645876
0.0840113
5.78258
-0.578894
1.10038
0.372757
10.8983
-0.675121
-0.857716
0.199531
-0.483551
-0.731965
-0.469101
-0.228693
1.8415
-1.39203
-0.877434
0.467203
2.83157
-0.320369
-3.17929
0.196432
-8.89314
-4.98986
0.88791
4.70026
0.516265
1.77282
-1.03327
-0.0995218
-0.684865
2.63027
-2.00629
0.537698
-0.576422
3.68216
-0.620886
-0.241286
-5.22098
0.297948
7.66424
0.410681
-1.66251
-3.95753
1.73605
-0.554385
0.439196
-2.11829
0.422349
0.733012
-0.54464
-16.4318
0.679328
1.02088
-0.797565
0.0428442
0.493172
-2.67512
-0.701258
-6.51995
-0.0408808
0.219305
0.784791
-5.40291
-27.2632
1.19753
6.32022
-0.691367
1.03012
-2.08946
0.796335
0.556168
-0.299392
-0.445104
-4.26956
0.832865
-0.829675
1.72458
9.13742
-1.02832
144.264
0.423197
-8.97753
0.652594
-0.142539
1.51607
-0.360262
1.35705
-0.543232
0.511976
-68.3231
-0.370779
-0.203268
-14.3373
1.92355
0.884747
-0.147956
-1.30688
-0.656541
-0.28937
0.420482
-0.0968036
-0.560553
0.931694
0.0597071
-3.84612
10.5796
1.02582
0.789582
1.90337
4.77004
0.0744805
-1.56909
-0.430497
-0.810583
1.56242
-3.44717
-0.710369
-3.79791
1.00947
0.491566
-1.61462
-8.33835
-18.2635
-3.45417
0.421896
0.952882
-0.20033
-1.76069
0.980214
-0.403757
0.591966
3.73788
0.40357
-1.4964
0.231622
0.475266
-1.22674
3.34495
0.406892
0.491114
-0.136947
9.1106
-0.914724
-0.761459
-0.333705
-1.46691
0.433339
-163.142
6.8535
0.924142
3.01792
-0.401418
0.70835
10.4145
6.50761
13.256
-0.424345
-0.694941
3.90937
-6.80917
-0.937067
-16.6358
1.84981
0.157645
-3.78846
-1.47086
0.731641
-0.638424
0.487836
0.169511
0.504663
-10.2406
0.837264
0.293107
0.494727
-2.02949
4.79123
0.229493
-4.2989
0.316686
3.37885
0.119207
-1.19814
-0.748477
-2.21398
-0.279616
1.69497
0.869628
-0.397224
-0.601633
2.4431
0.51165
1.83608
-2.44053
-0.305895
-1.45812
0.193902
-1.37725
23.8148
-1.62306
0.925469
-44.3041
2.64897
-1.23029
13.3167
-0.272034
2.35913
0.00715907
-0.725196
4.73897
8.36016
-0.589679
0.562666
0.252201
0.778122
0.536749
-1.17552
0.421257
-2.88725
-1.77879
1.45154
-1.84509
0.855384
-138.916
0.192093
-1.17826
0.412266
-0.727157
-1.6306
0.764754
-0.248848
4.21115
-0.676809
4.42747
2.39976
3.25942
0.292016
-0.840755
1.63737
-1.22539
-0.617863
0.0885018
-1.08973
0.0203404
0.845522
4.13148
0.632852
-0.211564
0.839556
4.27788
0.402428
2.38263
0.813335
-3.03439
-0.308573
1.45551
1.40346
0.788053
-0.938017
-0.204385
1.71808
40.7883
-1.26133
0.06902
-0.405594
35.7958
-0.719689
-2.58539
-1.44962
0.343971
-1.00462
-0.917944
1.94474
-0.0790361
-0.447386
1.9337
10.683
0.350982
2.13072
-2.02968
10.8622
4.0365
0.288404
-0.6263
2.91152
-0.0309959
-1.49754
-6.79746
-1.467
0.417553
4.43084
1.68081
1.66662
0.80733
-2.28897
-0.209568
1.01757
0.488755
0.147644
-1.65104
-0.52389
10.8453
-0.151118
0.442172
-0.618458
7.31101
3.56477
1.52014
0.927038
0.233134
-0.894345
-0.582921
1.27602
0.230545
9.58381
-0.171806
0.471451
-0.120503
0.0673563
5.05781
-3.47746
458.785
-2.72394
-1.33681
0.525719
10.6222
-2.10754
-5.0612
-0.0366224
-1.26309
-2.1881
0.60195
0.71328
1.7505
0.110712
-2.34008
-0.0699161
-0.0547838
-1.09035
0.645674
0.332402
0.219641
1.81704
0.526027
0.723454
-5.54703
-1.10943
1.13676
0.0467111
-0.228877
2.90461
-0.713537
0.74504
1.28842
1.4471
2.19154
-18.7055
1.05949
-0.70848
-0.832238
-2.05845
-0.721096
-3.32848
-0.0444143
0.227389
-0.0248698
-2.10191
-8.25453
-3.73352
-1.19145
-0.515695
-0.394796
2.51399
17.1607
1.97108
0.442839
-0.00625467
-0.0700521
0.200746
-11.4278
-6.5209
-1.05228
0.834692
-0.733804
1.05151
-0.425686
1.80823
-11.5578
-4.61405
4.95106
6.3073
-2.76072
2.9378
0.081201
-1.55826
1.03111
-7.77942
-1.30457
0.891391
0.661575
1.40718
-0.286536
3.83218
-3.64634
1.78874
0.381829
-3.21869
-19.5474
-1.96647
-0.426567
-0.337681
-0.797109
-0.293735
-5.69104
-0.968308
0.128932
1.06276
0.329281
1.44319
-0.213922
1.86594
0.262412
-2.35338
0.141004
-0.066113
0.216829
-5.42808
3.01143
-0.16178
0.168535
-0.389339
2.31874
-2.39869
1.63542
-0.238942
0.238332
0.384984
-0.246996
2.02307
1.23515
-11.529
-6.70976
-0.28554
0.266533
-9.54334
2.49787
0.0660278
0.350889
2.01501
-0.15529
0.677619
-1.46539
3.74625
1.6203
-0.610865
-0.0804075
10.3643
0.13825
-0.670438
0.415122
-0.340823
4.49811
-2.98009
-1.51896
-0.38541
-0.605773
-0.139269
-0.565928
2.1566
-1.70999
0.387654
1.18669
-0.0486455
0.946142
2.85909
-4.33581
-1.23221
1.69748
-0.856248
4.15158
-0.952412
-1.23626
-3.33043
3.03074
-0.928072
-2.72777
-0.11124
1.17457
-0.335857
0.708408
-0.285992
8.12969
-1.54708
-0.723943
0.667732
-1.187
2.08537
-0.0669744
-1.86175
-0.201598
-4.8803
-6.05521
0.333473
11.6584
1.08197
0.31347
-0.00366524
0.600872
0.583067
-3.69541
18.8404
-8.44865
-0.777957
-0.767425
-1.96968
-22.3938
-0.614804
4.27671
-1.68369
0.0429502
-1.39533
-0.298536
0.13593
-0.860017
0.846163
-3.0422
-4.15009
0.545532
12.6603
-1.1149
1.69764
-1.99947
0.389801
-0.891586
-12.6801
-0.403045
-1.08882
-0.128851
-0.233404
-1.15826
-17.1351
0.0319523
1.69006
-0.934434
11.803
0.0460873
-4.81613
-0.0493024
-0.683775
5.58163
-0.668755
-0.789102
0.00923955
0.101137
-0.496016
-0.657899
3.44219
-0.467405
-1.01954
-1.19068
0.25418
0.651102
0.640234
-0.597348
0.270131
0.0417837
-1.84758
0.211312
61.3997
-0.016132
15.146
-1.67966
-0.7295
-23.0611
0.955677
0.80289
-1.09182
-3.67065
-0.66427
0.442368
0.603197
0.448315
1.56663
0.735864
-0.942686
-6.60025
0.280033
-0.923075
-0.183183
-31.9664
0.46052
0.145237
-0.733486
2.98814
0.774259
0.221076
-1.76579
-0.195637
-1.87622
1.85159
1.0373
0.426057
0.0722464
0.759698
-0.415206
0.214491
-0.173255
0.971336
0.683473
-6.52143
-0.064789
-0.702762
1.71871
-0.639567
1.12358
13.8956
-1.45908
-10.2743
0.405185
1.19874
-2.5374
-0.376456
-4.18559
3.10985
50.1903
1.43353
1.03626
-3.50408
2.78738
-6.62768
0.535838
-7.62204
-2.5289
1.38039
2.03538
-0.0463363
-0.557812
5.06106
0.102169
0.823641
-137.753
-0.480356
1.0142
-0.863316
-3.84181
0.556116
0.990567
0.66672
0.304877
6.06012
3.42532
-4.68843
0.292152
4.56682
-1.05467
1.51746
-0.757734
-1.59803
0.676027
-0.354232
0.0690151
-7.83477
-1.89817
8.09127
-1.85245
-6.5806
7.37804
1.34706
2.28581
-2.73761
0.216617
-1.26177
1.8326
-0.0147008
-4.83452
2.94612
0.814698
0.361331
-0.020912
0.447018
9.53614
-0.879104
-0.720395
5.63501
0.211831
-3.23525
0.552711
0.220701
-1.23116
0.519392
1.00296
0.65892
0.523134
-3.05552
-2.00277
-0.244075
-0.574642
-0.32002
-1.83606
-0.885833
0.15808
-0.288198
-1.31257
0.24891
-0.248101
0.614492
2.60872
-8.6661
-0.379399
1.24109
1.30942
1.99434
-0.0712166
-0.295821
-0.790441
3.73528
-0.019021
-0.258341
-1.34549
0.275842
2.52768
1.95198
-8.42806
-6.19904
-9.09844
-2.29946
-5.36283
13.9798
1.12466
0.340425
0.677844
-4.19541
-2.00999
-0.683735
-0.540014
2.66659
0.444711
0.355871
0.486959
-1.05332
0.39187
-0.709342
0.602167
0.99289
-0.895377
9.04353
-2.45062
-0.905364
0.674925
1.65248
-2.49111
0.674385
-0.783031
0.146413
-2.06769
-0.418725
0.332508
-0.225204
4.46509
-1.1956
1.71069
0.523953
0.457027
0.476458
1.91936
5.27865
-0.877542
-0.901555
0.94263
1.85897
1.81364
-1.63905
0.369978
-4.57084
2.02587
-0.416001
0.293057
-0.677016
2.16609
-2.13337
4.61228
-2.97571
0.33454
-0.964773
-1.2232
4.33856
5.26496
-9.59562
-1.2177
1.56009
2.7525
1.16297
-4.1458
-1.84587
-0.746142
2.49248
-0.126349
-0.71276
2.70285
0.389985
0.686279
0.589822
1.01385
-0.695157
-1.51303
-0.0641977
-0.0629515
1.6534
1.26666
-0.067657
-0.82738
0.525278
0.075771
0.239859
1.96299
-1.0213
-1.58449
3.21633
0.0427261
-0.520682
-2.34716
0.77776
-0.353538
2.1731
0.00821794
0.0611152
4.257
3.15045
0.253399
-1.82832
3.07667
0.7646
56.3244
0.341301
1.78578
2.30911
9.9166
0.344963
-2.55223
1.27549
-3.24201
-0.39672
0.734734
-254.624
1.40777
16.5316
0.649916
-2.53584
-0.10162
-0.00260336
-1.04065
1.19455
-2.60015
-2.43001
-1.09515
0.181973
-1.68627
4.65521
3.03384
-0.855524
0.744412
0.4404
-4.50789
0.505722
-1.48207
-0.201423
1.03207
-5.00348
1.315
1.3505
-7.74809
-1.41387
-0.739928
-0.554341
0.86432
0.209871
-2.44567
0.126045
0.575806
0.420135
-0.713803
-0.672208
-8.83965
2.86779
-0.363126
0.494989
-0.519635
0.427604
-2.32124
-1.32003
-1.04361
0.996203
-0.620896
-0.0202705
-0.0913028
1.11742
3.10657
1.91596
-6.63389
0.0528715
-0.708325
0.957097
1.11589
-7.23002
-1.34835
6.25997
1.98912
-6.52206
-0.765457
-1.24718
1.02671
-0.0194933
-6.51184
-7.28989
0.72387
-3.67027
-1.93039
-0.568829
-0.52593
-7.28316
0.728205
-0.310542
0.32105
0.0721688
7.93853
-1.93056
1.21329
1.90814
-0.0542316
0.320285
-0.0957938
-15.8552
1.1186
12.8329
2.90135
-0.641322
10.1404
-0.992575
33.7884
0.316881
-0.0941855
-1.67668
-0.101574
19.2602
0.0770709
-3.07062
-0.079642
-6.6726
3.53236
0.236791
2.4161
-3.39565
-3.67143
-0.698903
0.182726
90.0588
-1.61649
-0.578493
0.271324
1.02575
-1.05813
-0.73529
8.56672
-0.00479507
-2.95974
1.54086
-1.4886
-4.6217
-0.998104
-1.17031
2.94108
6.30061
0.105155
-0.228244
0.286477
-0.551355
-0.327308
-0.9283
0.768381
-23.0154
-0.0573439
2.21007
0.793217
-2.06369
-0.666591
0.675686
-0.296872
-7.19859
0.121824
-0.142436
0.78279
-0.134774
-1.00829
0.852088
-0.814146
-0.968038
-2.5436
1.17611
7.29792
0.330136
-1.42025
0.365311
-0.0778855
0.244648
2.87147
0.788843
-0.396939
-2.62827
0.599654
-0.247755
0.628176
0.984691
0.715642
0.229376
0.530061
-6.64298
0.0873583
-0.217731
-0.831148
1.27606
0.144618
0.733946
0.291062
-0.27312
0.964124
0.887765
-0.889805
-0.102985
7.81411
-0.37905
0.68419
1.63405
-0.889762
-6.76515
-31.0356
1.80041
1.20959
-0.00710262
-0.605927
-0.374563
-1.0765
-0.314739
0.208291
-0.75681
1.96572
0.35245
-1.75076
-1.9639
0.338315
-0.211815
0.633924
2.67783
0.052559
1.27736
0.424805
-0.487039
-2.62227
0.804783
1.12822
5.34274
1.10973
-0.0461608
19.6704
0.76217
3.65502
0.0645543
-0.885601
-1.94189
22.237
-1.01697
-0.305647
1.79864
0.138643
1.68689
0.236031
-0.0366736
1.60549
-4.70538
1.45188
7.19484
-2.9868
-0.47337
-0.195848
-0.639523
-0.192008
-0.235689
0.373887
-0.200137
-0.0845612
0.562294
-1.28908
-2.43182
0.157866
7.58624
0.821294
2.49072
-5.44749
-1.90399
0.0698361
-1.91099
-4.57527
1.94047
2.36673
1.01523
-0.624163
-3.50184
-1.3592
-1.17798
5.504
1.37848
-0.160295
-0.254715
0.206634
-1.36394
-7.72156
0.692569
1.21954
-0.0720321
-2.02164
1.28737
1.39527
1.03821
1.50192
-0.409428
-0.895396
3.02648
0.109441
-0.455375
-0.214586
-0.739357
-0.152195
2.68273
-17.0868
-1.04676
0.24804
2.06918
-0.255689
-0.526659
0.545838
-0.0780458
0.139689
5.4252
-1.12054
2.33906
-2.20072
0.563613
-0.444159
-6.73836
-0.946725
1.45508
-3.82
-0.182908
0.769388
0.182906
-0.115777
-0.00798089
-2.55229
-1.0966
0.197038
-0.161986
1.05404
6.1703
9.03783
16.7427
-0.380971
-0.993456
1.36506
-4.31224
0.762104
0.470506
-0.217294
-3.91083
-1.06982
-0.414867
-0.618294
0.209949
0.0954904
-0.458008
1.61847
-1.71649
0.22281
1.82922
-37.5302
0.43459
0.98377
1.0901
-1.17314
0.0440377
-6.68906
1.36992
-0.211301
0.617153
0.953038
-0.0218855
3.07524
1.98427
2.09765
0.308831
0.346502
-2.15762
-4.31488
-6.95244
407.325
-0.833058
3.17782
-2.04583
-0.187934
2.53855
-0.585886
2.08419
2.53179
-0.278147
-3.5686
1.30621
0.968458
-0.0389493
-0.571632
0.08039
0.0110858
0.840775
-0.14375
1.71865
0.22285
13.6693
4.07065
1.0643
0.452258
2.99326
-0.59955
-2.65992
0.955436
-2.60604
0.0222035
3.22617
0.702526
-20.296
-0.442948
1.57013
-2.07448
-2.24769
0.413073
-0.0460049
124.289
-7.20417
0.0327683
0.380192
2.08777
-2.53494
-0.998923
-0.539137
2.14347
37.6813
-2.38775
5.68237
0.903555
4.80751
-0.513071
-0.309963
0.304902
0.796468
-0.387414
-1.62305
-9.81716
1.26
-0.868674
-2.3118
0.825501
30.936
1.65437
1.31412
3.16057
-8.32394
10.7672
-9.69018
7.7229
-5.30305
-0.0544266
0.452279
-1.31158
-5.10535
0.83988
0.0824529
-0.0814787
-0.630118
-0.442741
0.0518844
2.20698
-1.55305
-3.41742
0.344337
0.508482
-0.6799
-0.812308
-0.816642
-0.679776
3.65111
-1.90286
0.258395
-0.723312
-0.0908491
7.16926
0.108388
5.95551
1.31639
0.775316
-1.22645
0.322907
0.151969
-1.76398
2.38924
0.0437619
-2.58207
-3.04217
-1.11398
-1.03574
0.548361
-0.511916
0.144323
-1.57968
4.40358
0.296619
-3.5541
-0.23525
-0.583154
-0.343415
2.384
2.43478
-0.27629
1.39839
0.00808577
-992.321
2.34583
0.908346
1.23414
2.43247
1.3919
0.352917
69.4543
4.5181
0.126036
1.13091
-3.94174
6.16855
0.268396
-2.63404
-4.57779
0.177906
15.9542
0.58523
5.1563
0.170515
0.41468
2.04829
-0.132933
0.00589887
-0.73032
-3.97699
-0.609003
-0.0848289
-0.394019
-1.84104
-6.95512
-1.65647
-4.23578
29.2401
0.676548
-6.47156
-12.8512
1.72261
0.649023
0.580914
-0.436001
-4.81508
-0.180605
0.990169
1.99146
0.817483
-0.925124
0.641914
0.366156
-2.66642
-0.992964
-1.69418
1.03449
-0.110306
2.33248
0.0182531
1.87403
-7.41201
-2.08639
1.26757
-20.0319
9.20952
1.89441
0.223047
0.0541247
0.4672
3.01667
0.997425
9.9089
-0.886758
3.31975
-1.94515
0.138901
1.66078
-17.5382
1.98547
-0.322069
0.0471471
-0.283496
1.77755
1.71131
0.505593
2.24684
-0.180754
1.1118
-0.182817
-48.7684
-2.56794
8.04063
-1.843
-0.541216
-0.0863996
-0.214844
-0.43963
0.636458
-3.30007
-7.18817
0.547484
0.261459
-2.48068
-0.722921
-1.67733
-0.447192
0.596732
-2.42182
-0.927021
1.65639
0.191668
-1.75849
1.21933
1.35814
2.60565
0.791573
0.322893
0.430087
-1.2079
-2.32152
5.38854
-0.427388
9.18135
-0.92476
0.895776
-7.16021
0.714391
-0.545502
0.3072
-1.42003
0.72561
0.00258554
1.00411
-0.278865
2.51564
-2.84025
-2.00597
-0.251632
-1.50671
0.357599
-0.381732
0.591333
-1.17156
-0.78805
-4.92872
-0.888871
0.634694
-1.12063
-5.47571
3.64471
-1.00354
0.0930067
1.19387
3.99112
-0.272922
-1.02392
-1.02986
-1.02866
-1.23048
0.393836
0.874976
0.71206
-0.166398
-3.10183
0.834234
-0.0246686
1.28127
1.16251
-0.0527078
0.00234513
-0.179094
-0.603262
-0.475519
0.41419
6.46175
-0.933755
-0.441787
0.710011
-3.74912
0.434782
-0.0205078
-1.95646
4.27513
-1.41769
1.32844
-70.0819
-0.885321
0.20616
0.143686
1.33506
9.88792
1.11494
0.201146
-15.8017
0.720427
0.107121
0.260328
-1.3245
4.27388
0.00528311
1.38639
-0.609517
-0.0172058
-0.549152
1.41931
-1.02927
-0.584507
-0.184135
4.55422
-99.2006
0.303291
-7.84749
0.254366
1.20228
-0.662363
-0.480823
-5.01191
0.392774
-0.486603
-0.69495
0.0255272
0.20598
-1.52846
-1.05719
0.136151
-0.116006
-0.108595
2.09912
-0.530866
-7.0041
0.771446
-0.120735
-5.94661
7.93701
0.36908
1.98659
-5.67619
-0.153353
-1.36981
7.34353
0.274391
1.03926
0.533192
-0.465977
-1.18524
0.588124
-0.226782
1.78787
3.88656
-549.274
-17.0153
-0.800738
-1.90795
1.47758
-7.55917
0.605488
1.31493
1.33058
3.29858
-2.54742
0.148292
-0.469791
0.705501
0.242821
1.99464
0.619225
0.34715
-2.44726
-0.378747
-2.56816
-0.282085
21.3834
0.719076
-0.571519
0.326267
-0.327633
1.51855
10.2455
1.51197
1.18471
1.86078
0.069036
0.0199429
-0.579448
-1.15836
0.920114
1.58161
11.8593
-1.12908
-0.590846
10.4538
0.976335
-0.0995599
-4.95779
-1.74097
4.6614
-2.15413
0.488693
0.103556
3.1195
-1.46951
-0.481747
0.479476
-0.230899
0.7712
0.579896
-1.07314
-0.926198
0.642149
-0.299411
-0.427096
-0.0312293
-1.84671
3.76892
-0.946386
0.347598
-1.08836
-1.01089
0.304549
-0.670661
1.10861
-4.0088
-1.49617
0.745305
-4.29582
-0.843517
-0.091658
1.78158
-1.56151
-0.191176
1.45383
-0.524964
-2.12674
-0.0154239
-1.27281
7.57475
-1.04718
0.119657
-2.90487
-24.8261
1.04713
-8.0923
-0.0698727
-0.134101
0.2713
1.64232
-3.33663
3.00267
7.64202
3.16428
-0.186255
29.4758
0.284814
7.43232
0.383011
-0.335732
0.525659
4.2592
-1.88086
-0.0271222
3.79515
-0.428807
0.814495
-0.0769437
-0.832807
0.983133
5.07039
-0.140287
1.52291
-0.113448
-0.51604
0.256077
-0.132495
-0.204222
-0.439938
-0.16591
0.384601
0.527112
-0.798746
6.63377
-0.337473
-5.70511
-1.55921
-1.54029
0.108258
-3.57509
4.27525
-0.567313
-1.41883
-0.829317
2.07161
-0.682929
0.42191
0.432841
-0.621677
-2.7381
-3.17565
0.275996
-86.3813
1.59013
-2.47785
-2.05682
-0.898127
4.26689
1.15738
-0.624772
1.33713
1.15245
0.954626
1.08088
0.182019
1.35878
-1.3323
-1.36458
0.442349
0.269849
0.155095
-2.12511
0.476795
0.188776
-0.193813
-0.227077
12.3687
2.19592
5.15769
-0.936068
1.13272
-0.565546
0.18237
1.40569
2.02877
-1.59991
3.64778
-0.0778971
0.0028898
-0.06684
0.206131
0.538957
8.81965
0.620162
-0.0194202
9.27174
6.57435
-3.97361
0.238998
0.0371021
-0.347538
3.34839
-1.15654
1.1733
0.0700288
1.53222
0.576921
0.838714
-2.66741
-0.102129
-1.55338
6.02393
38.605
-0.138393
-3.61801
-0.867762
-2.62976
-0.155144
-0.124049
-2.08619
2.20311
1.44348
-3.96962
-1.79795
0.901107
2.10321
-0.56209
-0.462752
0.380597
-0.337076
0.245112
0.209115
-1.96456
-0.744129
-0.183802
-2.2341
-2.9495
0.00318126
-1.4665
-2.1949
-0.693961
-0.380804
-4.90077
0.424493
1.51385
-0.0817188
0.0681853
-0.321287
0.116758
-0.571363
0.293373
1.17571
1.70627
0.228695
0.576422
-0.782432
-3.09735
-2.41005
-0.332512
-0.0797964
-0.0777633
0.568703
9.87759
-0.844995
0.00756201
0.319824
-4.98855
-0.295095
-0.39799
-0.493923
0.18057
0.312529
186.978
0.614023
0.682176
3.82738
-0.139934
-4.6586
-10.9284
-0.824238
7.15937
0.465285
-0.578692
0.637913
0.58061
0.828385
0.821322
0.482862
5.82675
-1.59927
-14.4824
0.820499
1.50484
-0.1165
-0.127647
-19.3074
-0.636076
0.104038
1.02119
-0.0538851
0.43212
3.52307
-0.131198
-1.04571
1.5117
0.627869
3.81709
-0.433789
-0.227732
-4.09662
10.3275
0.102045
-0.788659
-17.5236
-2.29377
-2.17709
-1.2737
6.04102
1.46091
1.86367
