-0.255908
-0.167139
0.853804
-2.37435
-3.98386
-0.307467
2.61195
1.40523
-0.408422
-0.449133
0.185203
0.122611
-67.8337
-1.43063
-0.722538
0.366782
-26.4167
0.372709
2.16347
-0.112809
-18.2726
-1.22483
-0.00935769
0.1939
-0.670401
-1.42433
1.37265
-1.64146
0.790528
-4.86233
1.71839
-2.64787
1.87478
2.45789
-0.839339
-327.799
-0.489931
-0.231036
0.000236481
-10.5065
2.41945
-0.472932
-0.212089
0.625808
0.494113
-1.2225
-0.993025
3.80454
3.30587
-1.2062
-0.136862
-1.13674
-3.21234
-0.300448
0.302746
-9.31474
-2.88314
1.76204
-0.666827
4.14175
-2.40657
0.550015
-0.559656
-1.10468
-0.166737
0.127947
0.192378
0.00362213
-2.47435
0.68574
-0.911336
3.16911
0.766866
1.1104
-1.2707
-11.7938
5.68947
2.46446
-1.68857
-4.22382
-0.697642
-0.110771
-6.30669
0.146779
-0.153841
-0.92713
-0.121917
-0.835954
-1.43273
2.08083
0.0393644
-1.72183
-0.96263
1.67974
0.702053
-1.08148
-5.72913
0.366336
-0.560441
1.50499
-0.225692
1.05931
-0.110937
0.719247
-0.229185
-7.68125
0.860376
-0.118024
3.67185
1.01175
0.466628
-0.571161
5.54996
-1.38609
0.289725
0.673769
-0.374299
1.30276
-0.516245
2.20718
-0.288335
-0.538095
-11.3744
-2.35325
41.6097
7.20174
-0.733904
-0.564554
-0.200921
111.755
-5.27713
-0.772747
-0.582333
-11.2282
-0.741859
7.93305
-0.183701
-0.182851
-1.07986
-10.7102
-1.76168
-0.209255
0.325602
0.376255
0.137508
2.15863
0.237871
100.099
-0.660581
-0.298482
1.23254
-1.75843
-0.117299
0.231627
0.231083
-0.476566
-0.736317
0.647194
17.459
-4.12281
-3.09322
0.380702
-1.81068
-0.195252
-1.09497
-3.37881
-6.10307
-6.32444
-0.940202
-0.890578
0.443162
-13.6759
0.446525
-3.99016
0.655815
-1.43864
1.30723
0.138135
-2.07533
3.35073
0.29357
-0.815707
-0.944285
-0.807299
-0.276748
-0.178053
1.69609
0.367014
-1.69584
-0.59124
0.567861
0.914924
0.440838
1.68649
0.789123
0.117085
52.7433
-1.607
0.304107
0.614456
-0.599484
3.21555
-0.273375
-2.67201
-7.38982
40.6096
-0.122893
11.534
1.13823
1.66593
0.52121
1.06567
1.09024
4405.09
1.28735
-4.34849
1.67604
-2.13192
-0.645685
-0.239098
-0.214232
-4.92258
-0.145235
-5.08444
-8.30192
-0.817339
2.19285
1.60596
17.6297
3.0554
1.45472
-0.349497
-0.577898
0.339185
-0.214527
-1.58261
2.72313
0.440197
0.551279
-5.81175
-0.842241
0.740026
-0.97092
4.71867
-1.01184
1.35134
2.0236
0.467646
0.190782
-0.245713
0.012334
-1.05164
-0.346813
0.584242
0.440544
0.158583
-0.631845
-2.18679
0.492762
-0.666989
2.25929
-0.00951705
0.75215
-0.956625
4.71283
1.49387
-92.3655
4.5498
-0.587325
-2.27139
8.21287
0.814246
-1.00603
7.53004
-0.318845
-1.97579
1.18918
131.161
-1.78955
119.692
-4.33186
-0.14069
0.788286
3.55342
-1.23693
-1.61392
-28.7744
-1.82213
1.435
-0.773746
-0.320994
1.18044
-14.5453
-44.8114
-3.05066
-0.775257
19.9995
0.554232
-0.925305
0.946368
0.135033
-0.989096
-0.45418
1.33722
-1.77544
1.07749
0.573585
0.460817
-0.46353
3.33574
-0.53326
0.218305
-1.62203
-1.50626
1.78081
-0.0471205
-0.097619
1.73238
0.0983453
-1.83601
-3.57445
-132.249
0.949232
-0.783624
-34.7628
-0.937265
-1.08728
-1.42846
0.681753
1.45974
-3.28745
0.286599
-2.76444
-0.621056
-7.21442
0.187992
-0.24154
0.09045
-0.686435
27.0428
-1.19646
-1.20998
-4.38508
1.14308
0.0136271
0.455393
-0.0596503
-1.96245
0.117665
3.2533
2.94498
-0.440657
-2.31022
-1.89009
0.748491
-0.798521
0.877689
1.9693
0.271245
0.884486
0.0581924
0.790809
1.55289
0.627006
7.62676
-1.74011
-0.357626
-0.490952
-0.768183
0.258989
-2.07953
0.736432
-3.03642
-4.07167
0.273577
3.69203
-0.511492
-0.8637
-0.449731
0.268145
1.45394
-0.714614
0.410826
16.0037
0.487138
-1.75301
-5.66212
-3.02568
-0.508648
-1.29775
0.459667
1.49637
-0.0468807
-0.661859
-1.78832
28.0553
0.560334
-1.39331
-3.14583
-0.0499682
-0.206541
1.47544
-4.11397
-0.812917
0.266837
-2.15686
-0.0912183
0.298234
2.23783
0.492939
1.66105
-0.626055
0.316352
-1.73758
-3.64293
1.31016
-0.160279
0.227488
-0.00612572
1.28426
16.9796
-3.18676
-0.484128
13.2624
1.95185
-3.09379
-1840.87
0.916578
0.787535
0.162778
8.60714
1.11908
-0.519186
-0.140989
2.13683
-4.34859
18.376
0.156928
0.49511
0.014407
-2.79951
-0.813765
-9.71218
5.06231
-3.35348
-5.94102
-0.0871372
-0.190545
-1.41743
-1.46137
0.268521
0.380826
0.0516738
-8.76116
-9.44169
-0.575611
2.05997
-1.51824
4.88426
0.588702
-0.469954
0.675347
-0.00314266
0.152212
2.98159
0.25588
-1.24582
-1.775
1.71698
-0.670831
-2.26299
1.00606
-2.31749
5.00746
-0.832986
0.883478
1.36956
-0.293944
0.0857723
0.594783
-3.02389
-65.964
0.259286
-0.0297828
-7.8912
5.84922
0.49364
2.22961
1.9492
-0.200528
-2.74024
1.02719
0.129229
-0.329328
-1.69147
0.370621
-7.10174
-1.07558
2.67457
21.9146
-0.721266
0.311099
0.867422
0.673673
3.09023
0.0212692
0.48615
0.626172
-2.31295
-0.227809
0.335327
0.162495
-0.103185
0.306373
-135.386
-0.358876
-0.343336
0.000570504
-0.445878
-0.431308
0.355318
-1.50729
0.0824004
-0.622238
2.2873
1.05828
1.05371
-0.896311
2.55786
0.790148
-8.03188
-1.29064
-0.307142
82.4457
-0.796564
-0.455063
-0.258588
0.032461
0.992144
-0.272334
0.121101
2.20773
-41.1408
-5.46521
1.35269
0.102555
0.702196
-1.47189
-0.247075
-0.708951
0.0764553
37.5557
0.019582
0.0101579
-0.00954291
-0.255317
-0.590254
-4.31058
-2.09978
-1.06587
-0.0127677
-1.07378
0.852773
2.46417
-9.64743
-1.76645
-1.63346
-0.954419
-0.273013
5.06877
-0.564208
0.0211543
-4.82643
0.4641
0.0436461
-0.184031
0.0185822
-1.62543
0.791026
1.64028
1.69261
1.15654
0.152513
3.14859
-0.237563
27.6504
-0.131914
3.43551
1.57105
1.87321
0.194487
-0.910944
2.96633
-0.0302847
-2.32291
-0.855532
0.331909
-4.20454
-0.365975
0.443918
-0.116042
-0.664855
-5.75906
-0.854328
0.0957792
0.8014
2.40897
-0.205505
0.0857308
5.2199
-1.4598
0.23638
0.7768
0.932661
-4.35318
-0.401161
-0.155994
0.165306
-0.150657
-4.34434
7.28926
-2.03776
54.7885
-1.21655
0.862335
-0.21506
1.45054
0.264372
-0.107213
0.609352
0.296426
3.32797
0.553513
-2.24457
-0.113752
1.61054
-0.75158
2.54466
-5.37103
-0.930543
14.1967
0.211338
0.0445271
16.8292
-0.248286
1.15377
0.583603
-1.05122
-0.844043
0.466057
-0.0743049
1.95568
0.0452874
-1.76549
10.7791
-0.299463
-0.00453804
-3.4434
4.01549
-14.1363
0.955648
-11.4306
0.576026
-2.9635
1.7246
-1.10864
-0.14757
-0.847355
0.442828
3.16142
-0.96823
0.258781
-0.72052
0.967221
0.593591
1.58823
-0.594916
-2.96015
1.07349
2.51997
-0.219579
2.21045
1.90588
6.63755
0.667543
-1.47255
1.13854
0.679995
3.6293
-3.66397
1.69464
-1.67203
1.99079
0.756822
-0.00691362
1.11578
1.65618
-5.69842
0.505228
1.11714
-18.562
10.327
-0.0766901
6.99908
-0.750411
-0.179712
-1.30222
-0.830519
-0.500199
-0.0890665
0.588222
3.16037
-0.471482
0.0792609
0.0713173
0.12383
1.25117
-0.847479
0.263789
0.632467
1.2821
0.881313
3.62678
0.116019
-2.37962
6.05131
-0.0440321
-4.21877
1.1119
0.788507
-8.70421
0.190056
0.157597
-0.346223
0.145947
0.168982
4.01707
-0.826555
-1.94451
-0.337907
-1.40216
1.08265
-0.214095
-0.365031
4.15216
-2.33994
-0.0840456
-0.71316
2.87874
-0.694447
3.96753
4.67898
-1.82642
4.87049
-0.0174109
-0.49415
4.25433
1.86039
3.38279
4.63013
-2.80276
0.0927014
-0.389688
-0.850197
-0.505775
1.59787
-0.579898
0.423437
-0.371509
7.60906
-1.504
-1.00567
-6.11507
1.3465
-1.07574
-1.33719
-1.31206
16.6414
0.196349
-2.02087
-1.2298
-0.800134
-0.238851
0.827992
1.37848
-0.778697
1.28736
0.279124
0.241729
-0.547907
1.9438
0.324156
-0.0864886
-2.99263
-1.93581
-1.18685
0.0212742
-23.2097
1.22315
2.42509
0.943498
0.00196863
-1.12396
1.16945
-1.40306
6.99503
3.11351
8.10411
5.14251
0.421374
0.995148
-0.223786
-0.210456
-0.744458
-1.62345
-0.812306
-0.974499
-0.360558
-0.545865
2.50848
0.79478
-0.905136
-1.39719
-67.7024
0.0223719
-8.32051
0.0339627
0.307991
-1.37099
-0.401447
3.10966
2.04023
0.0680438
-1.67064
-0.104208
-0.688644
2.44872
-0.433255
0.667374
-1.77196
-0.0786447
-0.834211
6.61646
36.3606
2.12872
-0.469159
-1.86951
0.681682
-0.128122
-0.571794
1.78231
-0.208576
-0.479416
2.96984
1.56479
2.5318
0.774929
-0.569591
-2.5633
2.27919
-0.0377596
-2.32147
-0.973381
2.34073
0.0269582
-0.834806
-0.0685779
4.86947
10.0865
8.58752
1.14751
-0.980078
0.832865
-0.0860885
-0.958574
-6.13738
-0.99584
-9.57725
-3.44519
-0.900877
0.632013
4.72427
10.878
-1.67978
-0.317743
0.0949959
-0.518554
0.426925
0.43128
-2.20731
-0.258019
-1.17924
-0.653371
0.0603285
-1.3562
-0.470951
0.0383254
1.433
-0.180219
-1.15232
2.90403
0.457405
0.301026
1.68813
-0.640403
-0.228358
0.109876
-3.8278
-12.7342
2.41129
0.542997
0.279306
10.8264
0.940081
0.473218
4.28651
0.827129
0.945549
-0.269437
4.96114
-2.34826
0.000945244
-2.30382
-1.94688
0.177338
-21.3688
-0.424443
-1.04724
0.3509
1.47016
-0.420211
-2.09905
-7.82374
1.76287
-0.0793317
-4.70011
-1.86112
0.256343
-0.674093
-1.19957
0.064019
-0.278651
0.421572
-0.394028
0.568706
2.68713
-0.573728
-10.0933
-0.385488
7.03529
-0.628428
0.960355
0.172781
-1.13671
3.77556
39.0928
0.272412
1.23202
-0.748377
0.391886
-1.09995
10.1288
-0.980672
-0.705906
0.135889
-30.6838
-2.2453
1.82197
0.122596
0.17121
-3.52127
1.56668
-9.71464
-3.11154
0.0237422
-0.213273
-8.02863
-0.836763
-2.47761
4.33271
4.69959
-2.72354
0.391302
1.44342
-0.117653
0.113642
-0.211527
1.60886
-0.20446
-0.366232
-1.73556
-1.25016
-5.05002
-0.867259
-43.503
0.487951
-0.26542
0.0389443
-0.190277
1.33785
-17.1939
-7.02096
0.259118
0.98824
1.60222
0.637587
-3.30834
1.07493
16.1043
-3.73341
-0.270898
-37.4479
-0.487944
0.496523
-0.675865
0.82107
-0.348741
1.36222
-0.316791
1.04516
0.75288
0.749178
-0.972968
0.148282
0.791511
8.73744
-3.51464
-4.06571
0.8478
-1.44788
-2.19045
0.209696
-3.41329
-3.58981
-0.991614
-0.855287
0.124284
-4.10572
-0.853815
-0.120052
-0.00761209
-1.29802
-1.23747
2.50781
2.59678
-0.794685
1.91249
-0.608953
-2.08994
1.3605
-12.1661
-0.965507
0.963158
-1.63753
-0.163118
-0.781337
16.3353
0.303863
-4.89004
-0.140309
-0.685684
-0.147187
-1.69412
-2.60458
-1.05785
-0.450433
0.962819
7.91975
0.811622
0.316268
-2.77967
0.0506289
1.42402
-0.351559
2.03262
-0.364491
0.040156
-1.15752
0.313291
1.4719
-0.513153
1.89262
1.90072
1.38937
-0.679431
-1.30653
-0.233292
-4.32344
-2.61877
6.31264
0.909909
-1.77366
-1.73563
0.580281
3.87446
-3.52243
-0.312754
2.4639
-4.18045
-0.204056
1.46905
-4.67616
-4.80198
0.881794
-1.40893
-2.35434
1.16778
-0.406973
-1.53365
15.7831
0.999003
-0.135895
-0.160421
4.9444
1.38685
-0.583323
-0.841817
0.0189635
0.435167
1.58536
-0.699115
-1.88183
-0.847018
0.166403
2.14647
0.495253
-35.9629
0.695723
-1.4444
0.502466
-1.57009
0.73688
2.52227
5.80288
0.576001
0.46594
-46.4498
0.724015
-0.675662
15.8181
-0.497642
-66.365
-0.100125
0.188604
0.522985
-1.1933
-1.7908
1.2288
0.916176
0.437226
-1.34795
0.827625
-0.46097
-0.616995
16.1652
1.06472
-0.644232
-0.778462
0.470495
-3.11316
1.61018
2.44103
0.208784
1.45844
-1.25333
-1.39637
0.621067
-0.339534
0.725999
0.163827
1.69623
1.10473
26.7065
1.22467
0.597518
3.73237
-1.12823
0.321747
-1.65428
-22.824
0.380045
-3.86702
1.29208
-0.902027
-1.65743
5.97356
10.3254
-0.26311
-0.852776
-1.3243
0.19874
1.28346
1.94697
-0.947841
-5.65959
-1.07033
-5.7429
0.940629
-2.90186
0.0277417
-0.192701
1.97049
-0.451552
0.407964
0.186755
2.59735
1.27035
-4.42864
0.0209412
6.58143
-1.7401
1.72606
1.0599
0.205973
2.77885
0.517876
-0.253499
-0.100359
-0.978861
-9.82597
24.0872
-0.160361
0.265199
-1.06323
-0.157117
9.59595
1.88794
0.287001
-0.603506
0.910172
3.3859
3.83883
-0.0147778
-1.50167
0.462878
0.139843
0.338377
-11.4851
0.283492
-0.470767
-0.83859
0.863043
0.0304607
0.358914
-2.71687
-1.74488
-0.873997
0.123256
0.0921385
-0.497506
5.64515
-0.589812
0.712785
-0.0158527
1.87342
0.442019
0.19374
0.624879
0.738392
-0.442849
-7.45274
1.322
-5.36362
1.35672
-0.216299
-2.02889
0.306372
-1.18929
-2.94462
13.9091
-2.11784
0.0901985
-1.30661
0.760662
-1.49949
-0.591202
-0.697083
0.118744
-0.196989
1.09983
0.207619
0.362968
3.45669
19.9707
-0.554503
0.732958
0.28641
1.00724
1.5613
-1.11644
-0.280514
0.346476
2.83188
-4.11823
2.18743
-0.217271
17.1625
-0.645937
0.131069
-1.38464
-3.11586
-1.22722
0.621671
1.20699
-0.545428
0.780441
0.718654
0.396123
0.907104
1.58842
4.09559
-4.81752
-0.180397
-3.02747
-1.72584
2.48103
0.185408
-5.00176
-16.6743
-0.554222
0.189568
-0.783179
-2.59036
0.506127
1.59189
7.46691
0.0660086
-0.545658
-0.294838
0.502245
-1.17348
-0.800491
-0.762611
1.09288
-0.470138
-1.50521
-0.624114
0.56814
-10.2166
4.09284
0.0570509
-0.11098
-2.43009
0.0581773
-0.114914
0.0164106
-0.446743
-0.650472
0.803329
2.93426
0.737511
-1.81729
-0.431538
-3.21952
-11.4068
2.69431
-6.6048
0.474984
-13.372
-0.639158
1.93857
0.231671
-0.572375
-0.457273
2.22385
-0.925885
12.0716
-1.2813
0.872633
-0.9216
5.44321
-1.0732
-3.14946
1.97337
0.642327
1.97139
-0.727508
2.43607
-2.24686
1.57892
1.85285
-0.230643
-2.09661
-0.527511
3.77216
0.69689
0.471097
1.08826
0.454973
-0.158687
0.408079
0.723526
1.09881
2.27645
-1.80475
0.604069
0.0410612
0.348923
0.000435787
-0.251794
0.109174
0.847172
-0.00822871
2.14534
-1.82267
-1.51955
-0.652663
0.209826
-0.242381
3.12682
0.0478856
0.820298
-4.07836
2.42566
-0.362041
5.49051
-0.1777
-3.13593
-1.56903
-0.165534
-0.687294
1.27611
0.477316
0.0762134
8.12965
-2.00689
0.487069
-0.562861
-0.0977131
1.34809
-1.49044
0.821626
5.44202
2.26014
2.67176
-0.486306
-2.04709
0.926969
-0.31789
5.02013
0.113239
-0.127627
-2.03242
1.5097
3.98883
1.82761
4.46321
-1.97557
-1.28799
2.52802
6.94495
-1.10648
5.23993
-2.81824
3.99713
-9.49363
-8.55354
16.9079
9.42085
-3.18004
2.65848
1.82015
1.22562
-1.48688
-0.117703
-0.220983
1.82442
-1.5955
8.32695
0.691907
-0.546109
-1.65752
0.875574
-0.345736
-3.81453
-1.09863
4.26955
0.254595
1.13171
-1.94101
0.190758
1.14207
8.37493
-5.73287
-3.94194
1.2314
-0.33987
-7.7647
-2.43588
4.5677
55.2593
-3.30221
-14.3674
-1.15041
1.54572
21.3498
0.416578
-0.0580553
-9.38379
2.65264
0.669999
0.504338
-0.346531
-0.0358232
0.0323647
1.03755
0.793875
-0.844514
-0.165423
1.76543
0.684117
-9.48101
0.49748
0.755029
-0.366002
0.94063
-5.92024
0.716262
0.793782
-1.35693
0.613224
-6.11512
1.74695
-3.00476
-0.42792
-0.766631
-0.0601463
0.543607
-2.67207
7060.29
-22.7135
52.5978
-0.190606
1.37627
-1.9877
-3.90843
-3.38742
-0.611802
-4.08077
-0.76157
0.75479
-0.0793582
-2.04207
2.13337
-1.08147
0.844968
3.36993
8.62586
0.255303
-6.32135
0.256294
0.511531
-0.576476
0.193357
2.65139
0.356045
-0.834357
1.33956
0.563297
0.157977
4.0646
-1.33362
0.00685488
-2.0178
0.275588
-0.43701
0.461551
-0.127921
0.63278
-0.608882
-2.4913
-5.66788
2.12203
-0.548934
-0.766464
-3.91646
1.57425
-0.0449037
-0.319868
0.142995
7.45058
-0.0387672
0.857394
-0.731391
-0.518236
7.00357
-0.705425
-0.152883
-3.6676
0.547607
-0.696417
-0.341714
-1.52439
0.913736
2.1358
-0.564493
-2.00934
0.355542
-3.64469
-0.00438919
-3.23532
-0.804129
3.12186
0.680059
-0.434305
3.06948
-0.493553
1.90765
4.411
-2.72907
-0.583211
-0.7665
0.366604
1.81391
-0.333392
34.3358
-3.99526
1.26373
-0.496277
-0.661466
-0.682477
-15.1915
-0.586993
-0.441273
-0.0968683
-3.37349
0.681948
21.5504
-1.34599
5.71267
-0.211766
0.91661
-1.3553
-0.585741
-1.23866
-2.54412
0.967667
-0.601799
-0.719698
-0.6107
0.215316
-1.72175
0.660148
0.0202658
-1.47871
-0.361967
0.61953
-0.668302
0.404496
-0.272319
-0.805693
11.5244
0.00184751
1.94165
-1.97729
0.529967
1.16641
1.02079
0.664889
-1.13719
2.26494
0.0141793
0.295767
-0.294427
0.257174
2.30278
0.22925
13.1159
4.0859
0.60463
1.37207
12.7535
-0.8423
-64.5107
0.175262
-0.632226
11.2427
1.10978
0.813873
-0.679072
0.245111
0.552974
0.121371
17.2745
0.238679
6.39232
0.150183
0.776458
1.56454
-0.602382
-0.145723
0.451946
-9.70792
1.89922
0.585217
-1.15164
-0.157286
-0.333204
-0.756988
2.90915
-0.0468045
1.44871
-4.25954
-14.9946
0.41712
1.70142
9.38404
1.03433
1.9339
-32.2347
-2.12818
1.00483
1.34435
-0.139768
-0.338463
-3.45361
5.31177
1.47346
0.0260173
3.13181
-0.605967
-1.39894
0.193706
1.16147
1.16964
0.13686
8.24768
-0.213903
-1.46768
-0.596384
-3.91801
1.78814
-0.648316
-0.686872
-9.78
1.69989
1.53674
-0.541585
-17.2413
25.8622
1.68722
2.86056
2.64894
-0.103475
0.892896
1.60269
-0.614097
-2.2286
-2.96199
-28.6429
1.75283
-0.161675
-1.18502
0.360656
-9.90429
0.761881
0.0577568
-0.615552
0.268553
-0.503589
-0.117643
-4.08596
0.850853
7.7944
4.08374
-1.05726
0.621305
-3.05806
-3.93108
0.00680812
3.43846
-2.44758
-0.870277
4.43617
2.47963
-0.116628
-1.77682
1.16988
-0.781462
-0.112987
0.163242
1.37296
0.623899
0.051788
1.37037
3.76148
-24.484
1.10445
0.184982
-1.67572
8.20604
-0.788169
-4.64708
-0.757362
-0.864905
0.83226
-0.777729
0.0418444
0.497163
1.79323
-11.8319
-0.126411
-0.501566
-0.107947
0.649195
0.967274
-9.31658
-1.33849
-1.46642
-0.688046
0.790962
0.3454
-1.01262
-3.32919
0.0530998
0.621078
-1.21985
-0.573594
2.44763
-1.56157
0.148238
-0.318158
-3.56405
-0.0816782
-0.421243
-0.606128
-5.23519
-0.00394701
0.103434
1.84368
-0.080308
-0.510522
-2.14976
-0.193058
1.12243
0.482678
-0.769329
13.3401
0.0920299
-1.73219
0.13708
-1.01296
0.115279
2.35469
-1.40021
0.644154
-0.885413
-0.392785
0.604592
1.05065
2.36644
0.87328
0.746787
4.01634
-1.0241
-0.146817
-4.79971
0.19504
0.826441
-0.360445
2.68147
-0.13034
10.0112
0.682241
-1.38632
-0.600164
-0.496776
-5.87402
-0.00155283
1.08816
-1.63913
2.64269
-0.499017
2.49965
-0.823632
-3.97068
0.579749
-0.0901394
-1.05183
1.77333
25.9234
2.10405
-0.451609
-0.157988
-0.0855127
-1.14989
-0.324707
-0.271759
0.600226
-0.26259
-15.4534
-1.39397
-2.26225
-8.99562
3.47633
0.468104
0.0891678
0.696102
0.507291
0.765742
-0.273617
-0.0502469
-1.64677
-0.181485
-0.322712
-3.658
-2.5974
-0.816407
-0.988837
3.42606
-13.9686
-0.0796498
3.02813
-1.17568
-0.961588
-0.550145
-0.928454
-2.39209
4.8784
5.00955
-0.466621
-1.08683
1.04497
-0.466376
-55.2664
-0.446039
-0.563847
0.343442
1.62083
-0.719622
0.309546
0.250132
-1.10736
-3.55464
3.04909
-0.625903
-3.91873
-0.255656
0.328124
-2.08444
1.53868
-0.912489
-1.45864
0.473697
1.2558
-2.81845
0.467995
3.62165
12.0796
137.53
0.19069
0.809609
-1.07385
-0.744849
0.0196067
-6.64243
0.527872
2.17769
-2.19838
-0.356931
-0.38993
0.239909
-0.322921
-3.58685
-44.327
2.74654
0.348914
0.882278
14.3934
-1.96005
2.88066
-9.95509
0.0954922
1.0812
1.12546
2.18724
-2.65869
-0.552138
-1.57064
13.278
4.66017
1.35121
2.00977
-0.894319
0.496406
-66.8127
-3.41213
1.18805
2.82396
1.8408
0.272788
-0.00453385
-10.28
16.5362
1.23523
-0.913297
-0.262626
0.741242
-0.0896179
-10.0204
0.174368
11.0394
17.3781
0.93036
0.200111
65.7441
0.292631
-0.309792
0.401561
-0.953368
1.15273
-9.14241
1.30894
2.20257
4.04018
-0.468463
-0.822768
1.03277
-0.681882
-0.0599286
-0.173389
-0.537142
-38.8358
0.0923732
0.375324
1.61093
0.496047
-0.895957
-3.38158
1.03449
1.96168
-0.457937
15.9557
0.911843
-0.624195
-0.589001
0.0342273
-6.59267
-0.175187
-0.483535
3.62785
-6.26467
0.388118
0.19638
-0.38048
-1.34198
5.6201
-11.312
-0.0994845
2.07749
-0.771688
-0.923344
3.00698
0.725959
0.472497
2.01106
0.345113
0.762464
-0.410028
1.7789
-0.238455
-0.214198
0.0347526
-1.20589
-0.0103551
-1.00057
-0.268429
-0.933255
1.62021
1.64751
3.90095
0.0672959
-20.5932
1.35987
2.21846
2.26183
1.02997
-0.0383704
0.628239
-0.553959
-0.446872
-3.46637
0.547417
-2.51646
-3.44024
-99.7787
-3.63991
-1.1027
2.49838
-1.6201
77.5382
-0.211254
0.359441
27.5837
-0.0143731
-0.724657
3.49775
5.53961
-0.307708
-1.04535
-1.15935
0.449141
-2.00976
-0.64921
-0.528758
-75.6478
0.432192
-2.63378
15.9288
-0.661589
-0.47558
-1.91177
-0.213833
-3.52557
3.1498
1.38422
-0.136147
183.186
-1.48426
-0.493964
-0.358953
-0.282984
1.28316
4.0206
-0.332815
-2.03549
-0.464595
4.55545
0.659297
0.484741
-0.0546721
1.11408
0.129728
0.306958
-0.142696
-0.0457384
3.71398
0.202828
0.0610247
0.606825
0.481263
-46.342
0.239592
-0.426721
-0.398484
-7.83548
0.994775
-0.402436
-0.186892
-5.60977
-4.92541
-0.158751
1.31024
-0.498588
-3.25213
-6.02006
-0.236513
1.42014
-0.267801
0.620399
1.64518
0.144855
-0.687382
-1.38283
-2.88632
-0.677561
0.652938
1.0421
2.93707
0.831038
4.99928
-0.374343
1.8847
-0.201515
-0.561463
5.75792
0.585613
-2.37926
5.02831
12.2978
-0.429078
-3.63797
-2.27186
0.679969
-2.80447
-1.6942
-1.08664
-0.582379
1.92417
1.07627
-1.21005
-0.202752
-4.49909
1.24479
2.4055
-3.93923
-1.1112
1.09122
0.554751
0.789644
2.26624
0.282959
2.12408
-0.998366
1.96565
-0.353254
-0.0919447
-2.38497
1.28191
0.267163
-0.197083
-0.534868
-5.30802
0.308615
-2.87131
1.14666
-0.254087
-0.562511
0.579444
6.64618
-40.0512
-0.235714
-1.19989
-46.3538
-1.35539
-2.6634
-1.55279
1.06188
-0.2843
-3.88569
0.174024
-0.17696
18.4479
5.21718
0.862421
-0.433141
12.6044
34.7923
0.339481
-3.7788
-0.544125
42.6385
0.890821
-1.74742
3.03962
-0.32801
-0.846701
-4.87747
1.43951
-1.05288
3.52831
-0.294938
0.500801
-2.64747
-1.47237
-0.980914
-0.945928
1.49636
-1.37152
10.0936
-1.81878
-0.512386
-5.4708
0.7327
-3.06794
0.792505
0.0347251
-1.34739
-3.72121
0.496141
-4.06773
-0.307427
0.857869
1.70879
-0.236789
-0.553331
-1.64498
-0.904085
-3.69497
-3.77603
4.20443
0.261808
0.66606
0.81292
-0.43074
-2.00475
3.34409
2.93378
-0.430957
1.30697
-0.0930554
2.5824
64.8155
-0.245959
-74.7966
-1.41512
0.717142
-1.09368
-2.43014
-0.181799
-0.20958
-2.48022
-0.863981
1.15458
0.733988
0.968268
-0.603032
-0.156164
-2.6286
0.0118012
-2.00193
-0.200814
0.0568861
-0.365955
-2.16282
14.1733
-0.94703
-8.65477
0.491881
1.20273
2.87151
-9.07869
0.289852
-1.49514
-0.43556
2.74862
0.425302
-1.59599
-0.512483
2.42703
-0.903212
2.39388
-3.12368
-3.09298
1.40839
-3.36136
0.976348
4.27256
0.167075
1.07628
9.38449
-307.153
-1.34307
2.19561
0.737078
-0.383924
-5.86006
-1.1214
-0.952873
-0.917042
-1.0065
-6.50637
-0.380003
2.61702
0.978143
-29.5568
-8.43951
0.626675
1.63122
0.126419
1.34976
43.4422
-1.64733
-0.375804
-2.98636
2.10018
-0.358374
-0.768347
0.251155
0.261717
-1.43676
0.734104
-3.42377
0.651924
-0.221034
0.287512
-1.12267
1.0888
2.09415
-2.03587
0.0644758
-1.01721
47.9253
-0.681567
0.322076
93.1336
-1.63112
0.129463
1.16669
0.612025
-1.33146
0.269194
1.6112
-10.1469
5.09992
-0.482484
2.63636
-0.379019
-0.689336
0.0103773
-2.25672
3.80116
0.132421
-1.99562
2.06538
-0.405714
-6.08016
0.57747
0.549484
2.98221
-0.0798685
16.404
0.517101
-1.24847
0.592449
1.14799
6.15181
1.6112
-27.6993
-0.408749
3.67224
-0.083048
-1.01411
0.232955
-0.536682
1.45159
-0.160809
0.501245
-0.98005
-0.0326862
2.98772
-0.350815
0.0814969
0.358488
-1.32063
0.35675
-3.04594
0.507687
0.201789
-0.459672
38.0315
-0.899425
-40.9143
-0.571853
4.11965
1.58418
-0.0934832
1.21858
-1.53253
-12.8451
0.592028
2.65849
0.24413
-2.2079
1.0295
-0.0362384
5.45122
3.08365
-0.424923
0.318433
0.221098
0.90619
-4.12739
-0.195212
-1.35136
-0.380756
-109.092
-0.319485
0.191603
-0.336228
0.963558
-0.151287
1.92971
2.22633
0.942323
-8.13071
0.624807
-3.59222
7.92836
0.474618
-2.21023
0.425756
-0.827143
-1.15382
0.586656
-1.24521
-0.457825
1.87747
93.0498
2.25393
1.03166
-1.05227
-0.366364
-0.372909
0.235987
0.778311
0.819274
1.29158
0.66499
0.75689
-0.458487
2.01812
-0.395737
-13.2977
-1.83346
-0.0881041
-0.641544
-0.709358
-0.449763
14.9602
-0.486842
0.116641
-8.15906
1.85388
1.65138
0.586577
2.86191
-1.09349
0.99527
0.0828099
-0.526668
-0.445888
-0.440178
-0.573773
2.60897
-8.59493
1.30331
0.387743
0.496282
2.093
0.464052
0.647084
0.615997
2.13384
0.948864
0.564822
-1.49831
2.4766
12.0215
-0.294842
25.598
0.524118
-3.24485
1.06633
-1.33078
-3.15856
5.92277
-0.325541
0.765566
1.68833
-0.929161
1.13709
-0.814589
-0.825891
0.725878
-0.607105
1.46605
0.968402
-2.05713
-2.86401
-8.69369
-2.68821
-0.355128
-2.05989
0.579601
2.17076
-0.132247
-2.13928
0.19311
2.61791
-0.243126
-0.650943
0.22884
-0.428268
-16.0507
0.14172
-0.418659
1.11466
-10.1683
0.949421
-3.36275
0.842883
1.64604
-1.18085
-0.337487
1.27797
2.22387
12.1612
-0.640896
-0.83958
-2.93341
4.00548
0.103076
-5.20865
-1.13657
-0.857142
0.31407
-3.14786
1.15023
-1.13687
-0.402313
1.9727
1.54255
-0.530091
0.836119
-0.775975
0.944706
0.602363
0.983837
0.297186
-0.941078
0.538156
2.53659
-0.397764
0.84038
-1.01149
-9.54036
0.217392
-1.16181
3.14684
-0.458789
-1.31097
-6.21223
-1.82074
0.588243
19.7899
-5.56628
0.901034
1.00844
0.0633465
-0.586648
5.69319
-0.68455
-0.892161
-1.49408
34.4882
4.43102
0.232416
-72.4576
1.85819
-1.74068
-0.808427
4.09477
1.59802
0.172888
-0.26011
-2.32029
0.165249
0.293693
0.0725916
5.83382
2.44901
0.44529
-4.91715
-6.55984
-1.25489
-0.175646
-1.33828
0.582501
-1.61487
-2.95816
9.89479
-1.95024
5.22634
0.261555
-9.1295
2.13972
-0.977877
8.21441
2.75936
0.189989
8.43141
-11.0687
0.137361
-2.61988
0.826326
1.44252
-1.97264
13.7821
-3.75894
1.91181
0.118406
-0.724459
2.3612
-1.75103
-0.141627
-0.515052
9.19969
-0.499934
0.778379
1.69589
-0.437029
14.022
0.797865
0.385514
2.7502
0.00786213
2.94782
-0.82338
-1.60605
0.696596
-0.312199
0.559907
-7.74577
0.494739
0.440419
0.188962
1.8436
-1.1027
5.45745
0.00515531
8.76285
10.5203
4.54169
-0.604349
1.33727
-0.721835
0.699997
-0.741804
0.867668
-2.25947
-0.514306
0.200778
-0.80791
-0.00869892
1.69151
1.3464
-0.0484553
-1.19505
0.28095
-1.51533
-0.050168
-0.70737
0.296759
-0.150163
-1.03133
0.747324
2.21168
-0.0770967
1.18685
0.0238443
3.8385
-3.72814
-0.884807
-5.30324
-3.92678
-0.35635
2.3399
-3.59208
-1.07189
-2.99197
1.53237
-3.09369
-63.2516
2.64679
0.906326
1.73707
0.462033
2.32347
-0.374399
-1.08946
-19.1348
-2.53821
0.800867
-0.09886
1.8081
-0.0725687
-2.84937
14.0811
1.8452
1.00178
-0.815847
-0.721432
0.372945
0.375581
0.868706
-0.0467977
-2.9044
-1.19684
1.19422
0.125444
0.0189079
0.125334
0.916805
1.4632
3.9834
3.43236
-0.932353
-0.400084
-2.79376
0.516659
-0.149158
0.890531
-0.610063
1.65565
-1.92727
-1.99844
1.55693
-1.36321
-0.586554
-0.690125
-0.0746463
1595.6
-0.750658
2.36298
-0.753352
0.94439
0.2704
-6.23689
-37.86
-4.71583
0.414933
1.0639
1.21023
5.50425
0.879569
0.284865
0.36105
0.127999
-1.8139
8.52733
-0.237875
-0.458708
-0.5461
0.0729738
-0.451607
0.409373
0.373335
1.55456
-1.37316
-0.355089
-6.49995
-6.52278
-0.282795
0.52146
2.99124
1.17083
-0.483742
-1.65566
1.6715
0.376272
0.556344
0.435911
-2.01649
0.317738
1.25007
2.23262
-3.97306
-0.537651
0.198727
-7.49909
-0.251892
3.61349
3.71127
2.60777
114.513
-73.4848
0.61831
1.02746
1.02134
1.58454
-0.377324
0.257989
0.206449
0.223417
-10.3706
-8.95162
-0.110113
-4.04663
0.901023
3.01561
-1.32153
1.10779
0.403794
3.85378
-15.482
0.248974
-0.594208
-33.2174
0.640252
0.951709
2.68487
1.82609
-0.0656437
-0.378703
0.924995
0.0112391
0.432731
-2.07371
1.67708
-0.690315
1.49709
0.986989
-0.602713
4.32007
-0.807185
0.501412
1.01619
-0.790124
21.0252
-0.141003
-0.685106
1.33879
0.372727
1.31207
1.20829
-2.05827
0.807174
1.67568
1.07446
-2.22327
-2.78104
-0.175919
-1.5995
-0.216427
0.294769
-2.26023
2.31094
1.14276
0.705475
0.310386
0.228778
5.23446
-2.04239
0.845192
-1.96246
-0.700759
1.03914
-1.21172
1.24455
-0.193883
-0.512666
0.0562707
-0.116947
-0.00578601
-2.29378
-1.94906
-5.59105
-4.88536
-0.0323967
-0.799235
-0.325647
-1.46519
-0.854253
-46.208
-0.156658
-0.0883578
0.135331
-1.11302
-0.731659
3.12729
1.2989
-0.805267
0.508279
-0.285714
0.246054
9.88381
2.48636
-0.587601
2.26253
1.37225
-0.233128
-0.24211
-0.148255
-1.63001
0.740713
0.660161
0.814107
-0.0662364
-0.203757
0.679728
1.41507
-2.35195
0.211326
3.75924
0.112986
8.90961
-0.012549
1.94891
-0.158844
-2.98495
0.435363
-1.41613
-0.807602
0.618805
-1.30336
-3.62655
-6.89198
0.0225503
3.96807
0.27846
1.17196
-0.457298
-2.88141
1.05316
2.2136
-1.01301
-0.785958
1.27505
-2.54316
-0.718594
0.849262
-0.0249831
-2.5371
5.05762
-3.01316
-0.570095
-9.18392
-2.35946
-358.656
0.512731
0.437251
6.53651
-0.293922
1.50907
0.662332
2.11568
-0.589212
-0.283825
0.6958
23.6963
-0.897937
-1.64835
2.92081
-0.360014
0.651547
0.807652
-1.19751
-4.51305
-1.41468
0.895541
5.4667
-0.812681
0.200156
-9.46782
-0.636553
0.390962
-0.16954
-1.17217
0.00970255
2.79999
-8.0845
-0.994011
-0.15941
5.08327
1.07921
-3.95302
3.6422
-0.446878
-0.459967
-1.0114
-0.667761
0.540353
-0.635003
-1.56696
4.01876
-4.02021
0.0140815
-0.271894
-0.991353
-0.372966
7.36792
6.42076
6.23736
2.01426
0.81795
-1.79462
-0.224734
3.55927
3.2529
3.34873
0.876992
7.43495
2.37726
-2.22133
-0.339949
-0.109275
-1.86325
-0.505
1.68526
-1.94935
0.885176
0.558515
-3.48132
-0.266328
-0.734528
0.0282972
-0.950338
1.88203
0.401973
1.34752
0.217518
0.92999
2.04084
0.256116
0.534201
14.2497
3.56285
1.2584
-0.367859
0.138229
10.3061
-0.120046
3.7869
1.20172
0.429409
-1.12423
6.01877
0.920601
-0.345596
-2.44764
-1.92559
-0.516193
-0.403075
-0.108591
1.71429
1.15721
0.413233
-0.821148
2.76588
-1.37961
0.25803
0.49645
-0.150774
-0.815577
2.6673
2.83439
0.771876
-0.68675
-0.309943
9.84738
-0.048348
-0.819927
-0.700024
3.94983
-0.0409748
0.967905
-1.1104
2.96328
1.41535
-1.47626
9.80764
-5.19512
-0.214344
-0.867706
-0.360886
-0.593062
1.88226
-2.13033
-0.437149
-0.686817
5.44538
-4.96207
-0.084534
-1.0155
-0.448781
0.465162
1.23358
1.96298
8.56056
-0.595013
2.11783
0.7902
-8.05835
-1.87814
-0.0791417
3.03334
-0.0117765
0.632061
-0.636752
0.610786
0.140251
0.123818
0.669349
1.21031
3.30311
0.502235
-2.68451
-0.726225
-10.7842
1.75005
-9.82443
-4.77197
1.39444
0.414904
0.77005
-0.910628
-2.21335
-0.569449
0.612934
1.09046
0.999822
-3.45825
-0.487194
-2.52957
-0.0562807
0.20487
-0.436871
-0.457178
3.3593
2.22816
-1.03758
-2.21188
1.13936
-1.64528
0.480447
1.45918
-8.80733
1.24384
-4.06378
0.392201
-0.658692
-1.06723
-0.631608
7.85087
-0.465006
0.45539
-16.2823
0.699228
3.36053
-2.26944
0.236915
-0.309861
-0.169407
3.02592
-1.07952
2.98014
-0.442946
0.463904
1.2311
1.03136
-1.39196
-0.414858
0.596924
-1.94943
1.03274
0.291415
3.00135
1.21164
6.35637
1.68717
-0.0110399
0.373585
-0.421094
-2.56799
0.120033
-5.92157
-1.67012
0.352093
-0.395757
-0.322321
-1.08624
-1.6157
-0.206486
-1.47567
1.80266
1.44687
-0.929246
5.08528
198.326
2.49743
0.0485393
-2.47765
0.708679
-0.348667
-1.51092
-0.241027
1.46057
-0.941167
-2.26319
0.227991
0.480316
-0.620916
2.94966
-7.11344
0.710218
0.0849232
0.195036
11.5584
-0.0554874
0.336233
-1.35896
-0.187624
-0.130923
0.717786
-8.15988
1.15841
0.395768
-19.744
0.444191
-3.22191
-0.617368
0.954501
-0.179136
-0.513417
-0.249467
-2.93208
-0.00297718
-0.0333627
1.03769
1.14001
-0.156719
-4.98629
-0.261123
-0.724146
-0.480906
1.02927
-0.458392
-0.336345
8.94187
0.869949
-0.680368
0.260587
-1.17681
-1.10762
-5.40862
-0.155062
0.78931
-3.83633
0.85374
0.187876
-2.32596
3.21089
0.739565
-24.9542
2.5626
-0.216732
-1.70642
-0.579607
-6.91695
0.19508
0.862872
-0.253977
-17.4412
1.90095
0.58774
4.21095
0.804215
1.6707
0.165852
-1.9509
-1.42437
-1.66588
2.04093
-0.0992222
-0.956773
-5.01312
-0.144037
-0.716134
2.81777
-0.317334
-5.40651
0.879785
0.61014
-0.077629
-0.00605555
-1.45675
-1.93298
0.134988
0.0389295
1.52677
0.40682
-0.511211
-1.87536
-0.971913
3.27939
1.57145
1.61538
-5.25739
2.84511
0.119009
1.15538
17.2568
-0.368579
-0.631868
3.05053
-0.543959
-0.37984
0.282325
4.284
0.621097
-0.891478
-1.08304
1.2033
6.60562
0.987223
-0.523916
1.25239
-186.34
2.22939
-14.9993
-0.472859
0.273172
3.49061
0.134272
-0.0750782
-1.44968
-1.38986
-0.462369
0.932309
1.49066
2.73111
-0.230639
0.667717
-0.309996
0.683019
-1.43005
-0.432044
0.635788
0.578505
0.475552
-2.22987
-0.238044
-4.70438
1.46454
-0.235066
4.44513
0.854199
-0.122655
0.643711
1.03353
-0.166501
0.0577994
-0.49367
0.0370557
1.59462
0.0832316
-0.823693
-0.730366
3.03885
1.84876
-8.9707
-6.96407
0.221834
-1.60905
0.969295
0.403893
0.420855
1.92003
4.65815
-1.20931
0.855434
-1.41174
2.87125
2.10691
0.507343
4.89986
-0.0692514
-152.019
-2.03275
-0.932821
-0.521076
1.513
-2.18782
-1.05367
0.819603
19.0136
1.74312
-12.0553
-22.5684
-0.0221104
0.260088
-0.239217
-0.391278
-1.95248
0.729339
2.24203
-1.02767
1.2886
0.745288
-0.983123
2.84633
-0.97458
0.0163919
0.104964
2.79626
0.577664
2.09875
0.321906
0.14796
1.87156
6.30333
4.89173
-1.01571
6.92476
-0.54421
0.24528
1.16263
0.592989
-0.247186
16.7306
-0.0597653
0.420862
0.284013
-0.295865
2.67053
0.107467
-4.61505
-0.689413
1.01004
-3.38793
-2.13593
3.1397
-0.0795149
-6.8909
-0.715734
-0.305149
0.310826
0.634781
-0.267979
38.5622
-0.319904
0.05556
4.20199
-0.505385
-3.49273
2.13465
0.214947
-1.9193
0.045267
29.5298
0.205584
-13.5932
-7.05492
-0.682729
0.0166925
1.86067
0.469099
-0.511835
1.13653
0.879573
0.805309
-0.283382
4.99492
13.913
-1.44138
-0.0692135
-21.0799
0.101639
0.125411
0.309254
-0.777779
-2.46893
-10.1413
0.549001
2.57481
-0.558804
-0.780073
-1.62056
-4.5618
3.29006
0.118562
-7.34548
-1.80722
-0.868646
1.44312
1.02713
-1.09285
-1.13868
0.481575
-11.3607
0.267378
0.0653735
78.2187
-0.382357
-0.379561
-1.07723
0.928093
-1.82521
-0.202939
-7.61624
-0.0266733
-3.02202
-0.926831
-0.137392
1.02734
1.6183
0.602354
12.2155
0.31445
-2.04103
0.114461
0.477401
0.0529113
0.261534
-1.21487
-0.567447
3.16052
-2.71236
-0.538054
-1.89586
-2.25594
0.117498
-1.17937
-1.83343
2.48172
0.0191436
-8.11515
-2.82745
0.689635
-160.248
-1.9792
-2.34327
-0.331322
-0.626087
-0.492561
1.6403
6.40154
16.226
0.538195
0.233587
-0.634457
-2.80174
-0.895079
0.532572
3.00233
-1.11516
0.187469
1.10495
7.28766
-1.30713
-0.0777202
0.0108019
0.382264
0.0702654
-1.99897
-0.594919
2.29093
-0.88582
0.163567
2.95348
3.73842
0.293497
-0.157433
2.10663
-0.630108
-1.27916
-1.40673
1.31111
-2.59071
0.836011
-0.697579
1.40297
-0.395402
-1.09304
0.696241
1.15868
-2.03055
-0.982147
-0.35448
-0.0802668
-1.13301
-4.5637
1.013
-1.07099
-1.91024
0.211437
-2.14618
-7.91814
-3.65458
13.7558
-3.08522
0.432511
0.0447954
-3.67819
1.05743
-0.852627
-3.54391
0.454922
1.35544
-0.0956031
-3.49045
0.293267
0.22198
-1.65439
-0.215682
-2.16833
-4.32764
0.688593
-0.963742
-7.54908
-0.363898
-1.50387
-12.5643
-2.19573
-0.040982
-5.57733
-0.195344
0.659192
1.85061
2.30734
2.75666
0.65976
2.02255
36.5673
-1.20571
1.89624
1.61788
-4.95235
-0.805333
-0.0425827
-4.70668
-2.06714
-58.3888
0.381051
0.166189
-1.78319
-1.39072
-1.68457
2.37393
0.0971114
1.44718
0.161584
1.61139
-0.655023
0.779091
3.62777
0.701974
-1.1212
-1.30336
0.236964
0.0204132
-1.17207
-1.51979
35.0882
2.486
-0.417271
-0.52697
-6.7989
-0.566693
-0.206158
2.14559
-6.79925
-7.28236
7.84333
0.594764
0.966637
-2.40376
-0.407103
-2.78459
-0.426152
-0.633399
-1.17076
4.14685
-0.958573
-1.59383
-0.272412
-2.02198
-12.0563
-0.244459
0.642358
-4.34454
-2.50308
3.48208
3.22154
1.36049
-132.008
5.4185
12.8873
3.9678
-1.74468
-0.479268
0.504663
1.39009
1.32173
-4.08862
-45.6123
21.5361
1.90205
-0.203973
-1.00415
0.926083
-2.41609
0.0314621
0.503966
0.520025
-0.604793
0.698687
0.810355
-2.06149
1.41052
0.00673797
0.0500413
-1.14024
0.350891
-0.925626
1.21094
-0.802817
0.0801777
-0.524577
0.395543
2.91753
0.0858434
-3.18989
-0.602199
0.0301376
1.01691
-0.86194
8.29108
-0.476822
-0.665761
-9.36814
-0.646426
0.982149
43.3818
-5.5961
1.75103
-1.43848
0.666685
-0.53316
3.26149
-6.95839
-0.307902
-0.616575
-0.980737
-6.8706
3.61262
-2.81248
-0.790248
-1.12517
1.25286
0.500004
-0.823996
-10.9285
-0.221282
0.0818222
-8.37742
0.899565
1.10957
0.164049
-0.356453
0.621914
-0.746785
1.55913
-0.0399909
-0.117333
-0.541174
0.0816506
0.937293
48.1462
1.19564
-3.68775
1.27626
-0.927726
2.15279
6.9213
0.542605
-1.8827
-1.08968
0.45395
2.0916
0.625292
-8.85319
4.30137
2.85914
0.36876
9.89297
0.0306063
0.0880775
-1.39808
-0.642687
-0.0716091
0.472662
-1.18809
0.686311
2.69402
0.218083
-0.930311
-0.468643
0.021045
7.50563
1.45116
-0.656071
9.85799
-1.73976
15.4812
-1.2943
-5.68578
-2.01547
-0.0556827
-1.18153
-1.43671
-2.55409
0.391238
-0.522425
1.22827
0.923093
9.0081
0.779264
0.59229
-0.827679
0.0669321
0.176544
-0.481465
0.24966
0.578088
0.61304
-0.0441868
-1.69609
0.173155
0.876497
-0.228761
-0.468922
-1.43261
-0.133753
-1.32829
3.56671
1.53808
0.87076
-0.661893
-2.25903
0.13902
-0.584116
-1.5093
0.0940517
9.82034
-0.467335
9.51607
0.489612
1.19035
-9.08043
-9.32916
-27.1047
-2.14613
0.664738
2.65724
-9.32471
0.319286
0.400866
16.0312
-8.19096
4.99601
-0.0667989
2.856
-2.47921
-0.218268
-1.2804
-0.0152558
-2.67485
5.02349
-0.498519
0.365661
-0.0537452
2.80903
-0.709351
7.89072
-6.50403
-1.419
1188.46
-14.743
5.44592
1.73005
0.0333812
-14.6646
2.34144
-2.62058
0.538798
1.38299
-3.15612
-0.171174
-2.40787
3.9799
2.87556
-0.25573
0.711754
0.0152453
1.30122
2.24835
-1.68689
1.57034
-1.81895
-2.4672
0.0299924
0.0452292
0.465175
0.05218
-6.09667
-6.01761
-2.77721
-3.77625
-3.64947
-1.4309
-4.66247
-1.20737
-1.05066
32.9027
-24.3945
-0.395427
0.132594
0.172351
-3.45579
2.11699
0.199264
-0.665597
-1.17882
-0.971731
1.30546
-0.888601
-1.25438
-0.970884
0.167145
-6.97843
-23.6874
0.656909
-7.38244
0.197323
-0.138868
-3.71996
-1.15413
-0.346996
-0.356826
-1.20027
-0.216836
1.67771
0.0564797
4.65142
-0.0633968
-1.55189
0.143399
-0.232792
-0.442744
-0.622537
-0.0706676
-2.30311
0.94243
0.298263
-0.374702
-0.194762
0.142196
-0.634319
0.61557
-0.0149684
5.09
26.4287
0.996556
-0.10111
-0.79702
4.41555
2.28518
-1.36279
196.757
-3.3585
-1.25024
-0.246111
-0.506094
-0.0670353
2.91527
-7.24921
2.83852
0.514783
-0.910277
1.53899
0.0782995
-0.239033
0.147997
-1.29684
0.504925
-0.0776121
100.987
1.08208
0.239673
0.552505
0.331717
2.10426
0.191062
-2.79007
-1.56526
0.761881
-0.307724
-3.7561
-1.13269
0.518027
0.748616
-1.07757
0.395161
-1.0777
0.196938
-0.405143
0.0870809
3.22266
74.2522
0.151139
-3.13666
0.811451
0.240922
-0.493363
-0.860481
-0.148483
3.85625
0.486342
-0.921546
2.904
-0.162018
-0.0810925
0.797712
-2.50051
1.8347
-3.36908
0.271203
-1.29865
-4.80356
-0.962777
-0.610903
1.90489
-1.25247
-1.90608
-1.66341
-0.333359
-0.922993
1.02458
-1.12758
-3.98596
-1.2549
1.58126
1.04475
1.86699
-2.49476
1.6312
2.325
0.705391
910.939
0.317553
0.0429404
1.15964
0.857832
-1.32744
1.54822
-1.83771
1.38849
0.90569
0.828907
-1.33661
-0.0983096
2.17252
0.490168
-32.8863
-3.3817
0.192685
3.47076
-0.295312
0.0190653
-0.174055
1.206
1.9654
-0.941794
-5.86035
-0.252602
1.01881
1.11396
-5.08017
1.10343
0.619295
-1.29665
1.05134
-1.85306
763.843
0.353729
0.394468
1.23401
0.360472
-0.209345
1.43308
-2.24435
-1.31897
2.10798
-0.0255347
0.185837
0.573896
-0.555412
-1.11414
-2.44057
18.8796
1.43884
-3.65531
-0.989983
0.009829
0.547502
0.709315
3.2581
0.224997
2.24509
-0.337748
-0.723627
-0.43693
-0.0276794
0.132469
4.56911
-0.42274
0.849131
1.15352
-8.36801
314.066
-0.0927683
0.0239498
-1.3975
0.831285
-1.55177
-2.11062
-1.49358
-1.17641
-2.27035
-0.185143
-0.256404
2.14707
1.4814
0.129554
16.7397
0.296333
0.0586375
1.12728
-0.136285
82.5842
-5.36421
1.45002
0.137845
-1.65466
0.810994
1.02367
-74.1831
-0.617745
-0.936184
0.383576
0.551369
-0.134032
0.457619
-0.857395
-0.425689
-3.39957
3.2042
0.489821
-0.661658
-0.101558
-0.155214
1.28698
-0.834693
0.862738
-0.355265
-0.366978
1.07926
3.45209
-0.558654
22.9993
4.66217
0.340039
0.919091
-0.240698
80.1719
-0.580393
1.44541
-2.43138
2.30279
2.40065
1.35498
3.25254
-0.507831
0.44771
0.910602
-0.829583
6.3365
-0.111024
1.26835
1.6695
-1.16773
3.54458
2.02675
-13.1347
-1.22202
0.992058
-1.44502
-1.47326
5.34528
1.94014
-0.612925
-3.69263
-1.25077
0.720589
-2.8967
0.326165
-7025.71
-2.34437
2.073
0.218902
-0.99118
-4.52613
2.60792
-0.815571
-2.08442
-11.1242
-0.970359
-1.24448
1.62487
-2.5602
-0.816646
-7.79308
-5.17829
0.1463
-2.01191
-0.0444991
-0.416508
0.0213734
3.8717
0.117306
-0.665293
1.65832
0.415678
-3.65461
0.137886
-5.47837
-81.3332
-2.08985
-1.04063
1.58929
-22.5292
-1.10927
-0.570281
0.893778
0.382904
-20.5365
0.342368
2.50163
0.449544
3.82432
0.0226535
-0.980986
1.27677
1.64266
67.0046
-0.526331
4.82145
-0.431117
0.629458
2.08997
-0.0849474
-3.80443
0.741505
-5.87215
-1.12218
-0.905657
0.0819409
1.63437
-1.53131
0.0556411
3.55631
6.44708
10.6906
0.521493
1.25827
0.69064
-0.615347
-1.37222
1.45379
-0.11183
-0.244506
3.49772
-0.0470537
3.24157
0.970496
-1.09448
-2.39561
-1.68157
1.41136
-1.59533
2.63874
2.51384
4.04489
1.22428
-1.23678
2.02143
-0.0754721
-1.10014
-2.83031
-0.850272
-2.14693
-1.30595
1.07423
0.474015
-0.708707
0.323348
0.180627
-1.20046
0.0877626
2.29652
-2.4009
-1.22273
0.432251
0.138839
0.435186
1.89915
1.1287
-0.294769
0.059795
-0.307906
-0.302941
2.27389
-0.864343
-0.0468963
0.520628
-0.644363
-2.96705
-6.84455
1.15441
-2.09809
-0.18943
-0.10747
-1.19935
-0.286212
0.465593
-2.3918
0.442113
-0.133341
1.66233
0.328558
0.030157
-4.02448
0.297083
0.142264
-0.0835022
-0.897891
-0.41588
0.667178
-1.4989
-0.908425
-0.926706
-2.31058
-6.5768
-2.26951
1.23234
-0.0374395
-0.707853
-0.307911
4.00954
1.49941
-3.11929
1.7376
3.25109
0.530411
-0.196145
1.75972
0.419664
1.02577
-2.02366
-4.69544
-0.439858
-0.699986
-2.52865
-0.855032
0.303051
-11.6838
5.30125
1.67212
-3.11726
4.74951
-2.15371
-5.172
-0.876096
-3.6207
2.90842
0.512474
0.582853
-1.81304
5.83276
2.7835
0.741762
0.649604
1.51468
-0.938921
0.156674
-0.0581488
-2.91856
0.65518
0.0494441
-5.30491
0.934389
1.79699
2.41528
-0.607113
-2.02496
-0.0604426
-0.697887
0.015252
-0.720416
3.5675
-0.0892444
0.103073
-4.11608
1.77373
-0.123788
2.93637
-0.539626
-0.972925
-1.26396
-6.1534
-0.703356
1.33207
-0.0677087
-1.66692
0.154315
-0.343326
-0.220974
-0.533473
-0.589111
-1.88603
-8.67351
0.0743159
-2.39099
1.32825
-1.22453
-2.15938
-1.68247
1.55653
-5.98885
-3.67876
-7.99171
0.309041
-0.151265
8.58002
0.0224922
1.00336
2.51262
3.03656
13.904
2.06104
-0.295322
-3.07919
-32.521
-0.820098
-7.57837
-2.24165
-2.0879
0.320672
-0.803109
0.306091
0.649273
0.729947
-2.31364
-0.423089
0.755687
0.761823
0.716765
1.42991
-0.32194
0.239186
-15.159
0.910534
-15.9677
-0.17548
1.60706
0.139168
2.11587
1.46537
-0.923484
-1.84662
-2.36862
-0.0569564
-0.843316
-0.366867
0.773815
-0.316103
0.16965
-65.3007
31.9587
-3.81807
-0.479275
0.340585
-3.47261
-0.405054
-0.899447
-1.01583
-0.0464606
0.794997
0.320801
3.50199
-5.81509
1.60972
-0.442797
0.476809
0.273756
0.933447
-0.769558
-3.6755
1.77333
-0.744206
66.2721
-17.5827
5.30774
-1.1002
0.161091
0.318081
-0.255595
7.29442
0.418999
0.453646
1.56306
-2.74403
-5.02757
-0.0753673
1.19364
15.3881
3.57783
2.28947
-1.02204
1.22101
1.04913
8.8807
0.456791
-0.276243
-1.2823
10.8811
0.315804
-2.38083
-1.37167
-3.10005
2.50962
1.85812
-0.140531
0.260095
2.44354
3.65915
-1.34388
1.55512
0.26589
3.39817
1.49265
-0.456119
-2.18645
-1.00928
2.72189
1.11084
-0.436456
0.0541466
0.930862
3.22012
14.1
-1.30104
0.130212
-0.337323
0.942598
2.13591
-0.316346
8.49415
-2.45896
-0.0591558
-0.0789469
-0.0162609
-1.29224
-0.716924
-0.209612
7.93771
0.416632
-0.0520195
0.444777
-0.695216
-0.269537
0.332383
-12.4236
-7.94938
-4.88206
2.46836
-1.28809
2.93786
0.773333
-0.1672
0.0486208
-0.133178
-0.726919
-0.24078
0.0631726
55.4586
-0.480523
-1.34838
-0.687385
1.28355
-1.16379
0.774145
1.55099
0.329942
0.419731
-75.6043
-1.31403
0.0872046
3.14205
-5.37058
-25.3966
-0.140117
10.7939
-0.775799
0.930875
3.55454
-1.67195
-0.971906
-0.353911
-3.09677
1.40259
-0.057292
-0.974389
0.39959
-0.102875
0.0469448
-1.66057
-1.75759
-3.61805
1.46855
-4.88186
9.73348
1.61512
0.778182
0.00913728
1.12053
0.0306574
-1.05359
0.218909
11.4199
-266.161
1.1764
7.18561
0.860406
1.36518
-0.856524
-5.23455
-12.5051
3.67584
0.725301
0.0815208
-0.52565
-0.155458
-1.96707
7.92798
0.625449
-0.131993
5.88672
-0.968181
-0.577979
-0.534277
0.838466
-0.399913
1.66406
0.241961
-1.51738
-0.432024
0.995099
-0.563922
1.34373
-1.58434
-0.915693
2.53704
2.70539
0.657449
4.05213
0.498053
-2.64705
0.240865
-4.14059
-0.925721
-0.449925
-0.132612
-2.94727
-1.15538
-2.15526
0.202288
-23.1727
-1.6909
-0.879554
52.6354
-0.96603
2.60037
-2.89059
18.7443
-0.767806
0.414008
0.996725
0.619085
0.289215
0.287032
0.101912
-0.0521841
-2.92513
-0.429872
2.33678
0.854249
-5.39567
0.151305
-7.24751
-2.40064
-0.74031
-1.5201
-1.15057
-0.10452
-0.636142
1.82933
0.206166
0.267616
1.08844
0.221725
-0.24611
-2.57177
-0.408808
-8.1598
1.1244
52.8208
11.4388
33.1691
0.265415
3.28546
5.39526
1.02145
-0.68534
-1.89623
0.830844
-0.597705
0.236641
1.46227
1.17422
1.49462
0.62218
0.400655
0.933036
0.627573
1.19377
1.16509
0.0117874
0.584618
-0.207825
-1.04213
-0.329611
-0.739554
1.02875
-0.188966
0.0951101
-1.58768
0.288564
0.0138188
-3.834
2.26403
1.01895
-9.27023
7.98011
-1.13242
-1.61234
-4.82067
7.86859
-3.10419
-0.433936
-0.728336
-0.941178
-0.00731462
-23.4805
-0.264818
-2.68913
23.3648
-0.00187102
-1.49366
0.481394
-0.366005
-2.19218
-0.989093
-0.179946
2.42408
1.48243
72.5577
0.354049
-1.32504
569.677
-1.42964
0.282726
-0.620803
0.374011
-0.690312
-0.313975
-3.96723
1.80084
-0.852976
-1.31533
-0.495182
0.27837
2.41804
-1.31121
0.0335824
1.30625
-8.11842
-1.65289
0.0482898
0.731463
0.324194
7.81303
0.505205
-0.3413
0.183704
-0.921886
1.20793
20.317
-0.0975678
0.216051
-0.708514
0.767711
7.80991
0.479531
-0.804595
0.101173
1.96432
-2.58865
-0.068584
-0.582844
-0.0612716
-3.04826
4.95579
-0.229
-1.43167
-0.661356
-0.0466103
-1.27074
0.557266
0.988945
0.558527
-1.0985
-3.13804
-1.8042
0.339032
-0.0221873
-0.966541
0.200411
0.471952
0.665982
-0.373374
0.898259
-0.380539
-0.847828
-1.10585
0.973058
-5.40723
-0.281974
-1.60348
-0.0169199
-1.72007
-0.276312
0.510122
1.53857
-13.3511
0.956679
1.30529
-5.30637
-0.0735231
-0.838029
-0.0294954
1.36295
0.644199
0.429044
1.52323
8.08118
-2.80219
8.08078
-2.29891
6.53592
-1.13134
-0.584254
6.28183
0.312031
-4.42086
-3.79946
-0.173176
-0.285801
0.49663
0.238823
-0.183079
-0.0693587
-0.0607302
0.566245
-0.547936
0.334258
0.46539
0.548727
-8.44214
1.67691
-5.74259
0.0420204
2.68751
1.36606
1.15616
2.40022
0.147637
-1.29261
11.9951
8.93063
36.1476
0.0796501
-0.369835
5.18328
1.43264
-0.991245
-0.313908
0.8034
0.247704
-38.2212
-2.30036
0.0982431
-0.0356025
-0.0320719
1.37073
3.91714
1.37294
-5.7744
-27.6068
0.371932
5.80212
-1.74506
0.518228
-0.00762603
0.625624
1.1214
5.72114
-1.83249
-0.114189
-0.163606
-7.54575
6.75072
0.421212
0.684703
-0.486675
1.62259
0.0270355
-1.38066
0.731122
-0.513773
1.14579
0.810464
-8.23013
4.08285
-2.37768
-0.36784
7.16353
-0.676101
1.67618
-0.505318
-0.455253
-1.20105
-0.548052
-0.292681
-1.30364
-0.635646
1.36517
-1.59138
0.457388
0.67286
-0.132459
-1.20081
0.353018
-0.929763
-4.42461
-2.57331
0.353494
-0.333239
0.0484116
-1.23564
0.363113
-6.39006
1.71704
1.61068
4.26991
-0.475707
0.347063
-0.135815
-0.176891
0.299488
-0.577166
0.65426
-0.845189
0.586304
-0.0666419
-6.09677
0.0590986
-4.55648
0.519637
-0.543591
-2.02965
0.701917
0.678544
0.0814864
1.58624
-0.491361
0.754728
-0.483562
0.692702
2.18475
1.15698
-0.828768
-1.62704
-0.811793
0.822985
-1.59629
-0.132413
1.86249
-0.174619
0.627646
0.692703
-3.50032
-4.69205
-33.9398
1.01622
0.750034
-1.42366
2.66706
-4.1081
0.388315
-1.58025
25.1617
-4.07799
0.748291
-0.318931
-0.459363
-0.643328
1.24101
-3.83041
-18.8341
-0.0146923
-3.12213
0.855864
0.676721
-1.62158
12.1058
0.0323969
-1.74495
17.4561
-5.69462
-0.932353
-2.07238
-3.45462
-4.64744
-0.23066
4.85371
0.0893019
0.491891
0.722775
-3.26809
-0.695476
-0.869555
0.691294
-2.66923
0.19845
2.2805
-3.15617
1.11714
-0.644754
-2.97925
-0.375358
-0.437512
-159.436
1.65993
-0.469944
-5.61456
1.55063
-24.6504
-3.56941
2.83327
-2.72398
1.37751
-0.0866802
2.91396
-2.87056
-0.936681
9.73909
-0.518931
1.68291
-10.5829
0.787083
18.8822
1.99625
-1.48935
-1.3823
1.43378
-0.339384
0.222053
-1.05645
5.16691
-1.84818
3.2877
-0.934345
-1.34072
0.224158
-0.157393
2.00838
1.61384
-1.45364
1.3048
-1.02172
-0.687956
1.30484
-25.6515
14.6142
0.570639
-1.49969
0.108824
0.513901
0.055332
-114.517
5.78262
-0.013578
2.07144
-0.439789
-3.21772
-0.216812
0.274077
0.390495
2.66402
0.27406
-2.55633
4.67207
-3.73843
-0.593823
2.67841
0.39565
0.207921
-0.574819
-0.0530802
-2.31739
1.43737
0.386257
7.43909
-5.04842
-3.31038
-0.0894569
-0.0667582
-0.332081
-0.773894
-34.8316
-2.02719
-5.75358
-8.45972
-1.59313
1.99502
-66.2985
1.56733
0.0501231
1.93442
-44.6208
0.295354
-0.253692
-0.355928
1.04791
-2.0495
-2.35409
0.247872
0.138662
2.56876
1.53015
1.60814
-0.00579975
-2.23498
-0.0988748
0.990111
1.66906
-0.94784
-2.75252
0.742584
-0.760308
0.648961
1.19786
0.298539
-0.688612
0.500442
0.0978294
0.193302
2.56298
-0.43229
-1.83238
-2.77194
0.191199
7.73326
-0.464409
-0.30762
0.737957
-0.857643
0.740181
1.88598
-0.281438
-0.36872
0.315264
0.541206
0.364892
-8.39746
4.62222
-6.56812
-0.0977495
-0.26922
-0.50692
-0.470444
0.258906
-1.26463
41.5345
0.166765
-0.146625
-0.374638
2.08661
-0.697338
-1.48965
-5.13934
1.33643
-2.33591
0.577354
0.463262
1.68063
0.339117
-1.55819
-0.386002
-6.97156
2.47201
0.0599122
-5.02672
-11.5421
0.161761
-5.84762
2.53145
0.0604022
0.490589
1.9894
2.77589
0.182924
0.705905
0.187123
-0.301869
-7.6343
10.7853
-0.686668
0.267654
0.176966
1.33015
1.42659
-0.765131
-0.0583543
-0.805947
-1.10992
1.12015
-0.214437
-17.4918
8.4315
1.07165
-0.488801
0.151589
-0.381182
0.264148
-0.421036
-70.4005
0.079319
-1.52897
1.38192
0.504298
0.435353
1.73207
0.175047
-0.466934
0.781407
2.7437
-0.809676
0.973406
0.503714
-10.9586
-0.842445
-0.922952
-1.85723
0.413319
-23.7073
0.109979
-2.10419
1.01017
-0.970415
-1.06422
0.851704
-2.36534
6.58316
-3.4193
-5.09206
-0.197491
0.341845
0.403777
0.131136
0.279293
-1.13505
2.16607
-0.422373
3.14043
0.207398
-0.0614871
0.742303
-0.534669
-0.25004
-4.29227
3.00776
-0.350843
0.00399474
-0.776028
-0.61196
-0.183269
-0.478942
0.0361897
-0.813479
0.550277
1.64095
-0.156941
1.10704
2.03552
-0.0411534
-0.00494844
1.47442
2.96268
-0.275512
0.87844
2.49364
-2.30951
-0.137576
-0.833145
0.499474
-0.549824
1.92701
-1.04036
0.716316
15.1248
0.119057
0.000471107
0.368571
-0.953621
3.38182
0.181352
0.544
-2.43028
-1.37039
0.035497
-0.166158
-0.00394683
0.71457
4.48564
-0.444118
1.18725
3.43033
-2.04396
1.81447
-48.3573
-1.29917
-1.32641
-0.386957
0.121256
-0.0233929
10.3666
-0.189259
-2.05678
0.617617
-3.02223
6.92242
-0.515713
-0.838099
-1.09322
-2.60385
-4.19362
17.8616
0.206117
0.0800434
0.44782
4.1351
2.50549
-0.777561
0.540854
-2.49386
-8.71264
-0.248158
7.49625
-0.786337
0.337393
2.18832
-0.539018
-0.102219
2.62261
-2.16486
-0.0757937
-3.10226
0.837691
-0.994716
-1.35605
-1.70393
4.00543
1.06027
8.42302
-1.98211
-218.911
15.5712
2.90261
0.314259
1.9869
17.0554
-0.341007
1.10954
-13.5327
0.570217
-0.429892
0.00455086
1.04318
0.971902
0.743881
-1.00893
0.457043
-2.00638
9.41415
-1.33386
1.84915
-15.954
0.360144
0.841549
0.601833
-0.46935
-2.22952
0.402155
-1.4181
-0.501337
0.158104
-4.38278
-0.398661
-1.01847
-0.732839
-1.87801
-0.0580045
-0.0267787
0.394246
-1.30519
0.0486262
-9.62069
-0.806893
0.0235459
-3.50354
0.281298
0.0286554
0.245737
-0.203929
2.36579
0.322115
0.469728
1.14121
-0.105844
0.363926
84.0201
0.519674
-0.183187
-0.0641575
0.552297
0.161372
4.33031
-2.46076
0.662768
-2.18407
-0.0480461
-1.69429
1.55099
-0.0991055
-7.08139
-0.159897
-3.02814
0.272102
-0.807041
-0.441144
-0.967649
0.558147
15.5767
-1.24219
-3.77999
1.57092
0.334807
-0.210957
13.0496
0.201839
-9.49914
1.3659
-6.90362
-1.24897
0.244035
0.247525
1.26865
3.20671
-0.905517
-0.940977
-6.56022
-0.0566351
3.14533
-6.85555
-0.290987
-1.4559
-1.79323
-2.71934
0.0817208
-0.7805
1.14621
-2.77302
0.182581
7.51619
-0.426012
-7.50676
2.89672
-0.211054
0.870684
-4.82108
-0.571521
-5.25169
0.202316
-0.0626159
-0.0666663
0.130278
-0.1314
-47.3036
-0.343687
0.43232
-34.7056
-2.74386
0.832445
0.348587
-2.75724
-0.164715
5.34356
-4.45922
0.0166177
0.215346
-5.61697
-1.63786
0.607238
-0.891247
2.93029
0.771101
-0.109323
3.76238
0.135102
-0.321618
-2.52332
-4.01104
-0.488316
-0.439636
-5.56194
-0.00218084
0.0686384
1.11605
-0.961287
-0.0142529
-66.9908
-1.07018
-0.578727
0.404379
7.84917
-0.695334
-1.24761
-0.651657
1.13263
-22.7544
0.701316
-2.74457
-0.714896
-1217.88
-0.920115
-3.26941
-0.200718
-1.24015
3.98163
-1.79667
-3.37433
13.8098
-0.0376538
10.1536
0.109435
-3.42933
-0.405393
2.48841
-2.43359
-1.30643
2.27194
2.5516
4.59537
-0.243927
31.3656
7.93034
2.03949
-2.6012
-0.0121228
-0.244292
1.27535
3.33857
1.80094
-0.820914
-0.30464
1.18518
0.395619
-1.64861
-0.626559
0.611751
-0.602172
0.107592
0.635972
-0.0982271
-0.953474
-6.36647
1.31035
39.1867
1.33654
-0.130591
-0.410547
1.42923
-3.55632
5.82456
-0.392499
0.872622
1.89728
-0.973802
-14.4345
-0.0436206
-0.25174
-1.47045
7.6721
-1.20709
0.699387
47.7901
0.781279
0.380673
-2.13062
2.50668
-0.362152
-3.24474
-22.17
0.737192
-1.35567
2.60088
2.27186
-1.38358
-0.489284
-1.11284
-0.365795
5.15537
2.63136
3.01731
-0.992466
1.88234
-0.083955
13.4117
-128.175
-1.82411
-0.274417
1.27742
66.5008
-0.650399
-1.48592
-1.64838
-0.318348
1.95796
0.743963
-1.8652
12.8894
-7.67939
10.1
1.21574
2.05199
3.88684
-0.995913
-0.439484
1.92015
9.05444
0.031932
5.23417
-5.45414
-1.11936
-2.55384
-0.55685
1.9902
1.24306
0.446743
0.393931
-2.34088
0.188752
10.3344
-1.57616
-0.774251
-7.8144
0.789527
0.87511
2.17604
4.26826
0.116418
1.93319
-0.547953
0.167311
0.724593
1.08943
-248.059
0.0488561
0.195314
-0.772424
-0.0641077
-1.18124
1.03041
1.54136
-225.562
0.788123
-0.440351
0.39
-4.2651
0.677508
-3.62037
5.88754
-0.184376
1.23348
1.02913
-0.272905
2.22229
-0.00974142
-1.78223
2.14601
-0.314236
-0.898911
1.78241
-4.39476
0.123093
-0.52641
0.647179
-1.18677
-0.663121
0.126842
0.162645
0.786036
-1.54881
-1.23519
-0.217421
-3.04581
-0.867621
-1.46372
0.134074
-6.41497
0.661661
-2.49298
-3.39893
-0.523302
-0.741884
0.885047
-2.55382
0.0567852
0.423968
0.112017
15.4303
-0.114945
-0.466568
2.15117
4.63529
0.0574777
-16.4835
-0.754556
-7.29192
0.228057
-6.47425
1.05453
-1.55996
-1.04095
-0.892552
-1.63414
-0.806747
-1.18999
0.994924
0.926894
0.18767
1.41553
-0.883421
0.625213
0.265902
-0.178359
0.733383
14.8495
7.13896
-3.8919
0.743899
-0.688068
0.264164
15.596
-1.22432
-0.118148
0.366647
-0.0454908
-1.83873
1.53232
-2.15015
0.391734
-0.271654
-0.651478
-0.758739
0.537626
-2.75958
-0.972928
-1.31811
-1.98185
-0.723449
-0.0713899
-0.173033
0.72798
0.330187
0.0967657
10.1569
0.505112
18.9463
-0.183575
0.513651
3.64707
-0.472895
11.1094
0.826506
0.772579
-0.506077
0.941149
-0.447914
10.3699
-9.12038
-0.233718
-1.02793
0.184186
-0.0181174
0.469613
1.34607
-0.974945
4.092
-0.942082
-0.723915
-3.13111
-0.426981
-0.38804
-0.127325
-1.27737
-0.206197
11.1421
-1.38091
0.609406
0.840724
160.53
2.17699
0.41774
-2.90684
-0.640673
-1.43359
-1.70964
-0.230135
-0.383014
-6.00525
7.47447
4.85848
-0.892292
0.247441
0.213294
0.363251
-3.65685
-3.13481
-1.9147
1.22833
-16.1479
0.18634
0.296108
-0.581872
0.270934
0.451855
-0.181627
2.10986
-0.150633
-2.3626
0.805736
0.497697
-0.894785
-0.451582
0.187513
-2.86034
-0.780563
-0.596147
0.0115043
-0.350984
0.216172
2.87421
6.82406
0.814738
-4.43939
1.8835
-0.67438
8.50238
1.26524
2.7355
-3.89898
1.56672
-0.124645
-0.30454
1.28375
0.210547
0.720645
0.308217
0.678978
1.71095
0.578666
0.575591
0.392213
-0.0798198
-0.900186
-1.32583
-0.14464
-16.6487
-1.03356
-1.60633
1.40029
-0.123897
-0.895467
-0.276162
-2.95447
0.684296
12.6026
0.861288
7.07134
-0.163954
-3.95745
-0.168045
-0.696266
0.399151
-1.37708
0.157944
-1.45227
1.43174
-1.06635
8.69108
9.11637
0.850847
-0.600221
-0.347444
-0.938772
-1.88378
-45.5055
22.8975
0.491587
-5.81839
7.95095
-1.90215
-1.07877
0.292423
-0.0365863
0.718637
-9.53415
-0.139938
0.852455
-1.63679
-1.37056
0.513128
-0.79476
-0.202564
-0.167106
-2.29552
-1.59155
28.8802
-2.64948
0.214436
-0.398559
-3.61784
0.294397
-0.0534672
0.232839
-0.229584
0.930676
-2.33555
-3.79423
3.66078
-0.273106
-0.0610142
-0.632283
0.625392
0.0280224
0.78967
-1.31736
-0.558993
1.52862
3.06318
1.07898
22.4172
3.87674
0.320455
-1.2399
-2.51133
-0.0200249
-0.657222
7.56659
-3.01836
-0.823565
-2.51807
-268.469
-4.14751
-0.393385
-0.598652
-6.92031
3.98604
-21.4216
0.451715
-0.364725
-6.68319
-33.1093
0.196672
-1.65054
1.62797
-0.220865
-1.8035
0.916347
-2.73793
-1.08065
0.330322
-1.17135
0.684352
-0.179852
-4.82595
-7.74031
0.21418
0.329306
-0.948546
0.0045317
0.213208
-4.24687
-1.30617
1.76872
-4.02081
-1.69361
-0.202687
-0.316272
0.510313
-1.47813
1.41452
0.738934
0.267102
-4.549
-3.53857
-1.07992
-1.27409
2.72086
4.06922
0.551114
-1.6409
-1.14377
-0.367465
2.03956
1.1966
0.331215
1.19255
0.396907
1.40109
0.218757
-59.5405
-0.407124
0.265781
5.732
17.753
0.0499747
6.95525
-1.57341
0.0160332
27.2953
2.43541
-2.15489
-0.387959
-0.531521
-1.29493
-0.0632556
34.2857
-1.82711
10.9217
0.264194
-0.374192
-0.482057
0.629575
1.24408
-0.613099
1.26784
-0.416411
7.90358
-0.0291117
-7.16015
-0.0324049
-0.0333694
0.813687
-0.0506231
-0.482265
0.857351
-0.0163943
-2.72026
-0.895723
0.427247
1.16704
-0.203833
-3.89389
0.510739
-4.86697
2.32859
0.978298
0.26331
-12.9434
-0.117361
0.230378
-0.210557
0.364185
1.20509
8.47644
-0.214278
16.776
-3.2716
-0.0788644
1.44743
0.45014
0.234259
0.212546
-0.879086
-0.0419372
0.746944
0.354684
-0.434969
15.654
-0.955067
-0.249637
-0.00643836
-0.0393675
-1.9277
1.17758
-1.14965
-0.492593
1.90626
1.2876
0.878145
-3.08631
4.02173
-1.18485
-0.29
3.00501
-1.84631
-0.607726
-0.0762642
-6.02002
2.54945
0.0689771
-0.816257
0.263545
-1.42175
16.0264
-1.057
-0.484058
3.05503
0.880476
-0.992129
-0.925921
1.04904
-20.4339
-2.42716
0.968818
6.39303
-0.125816
0.605006
10.2583
0.727306
-0.0137059
1.15366
-0.111133
0.98408
0.348021
-1.02197
0.65306
-6.47748
-0.0863314
-9.32595
0.999887
-8.35087
-3.3972
1.95087
0.115258
2.25003
0.682384
0.699721
-0.838573
-0.968309
-2.08057
-0.620968
-0.17907
0.801448
-0.386874
-27.9385
0.82742
0.80526
-0.918355
1.34564
2.67379
-0.728321
-0.183029
-0.323044
-0.321429
-0.0759802
0.280907
0.297605
7.4092
-1.29116
0.77605
0.205251
-1.14976
1.25707
0.0435739
1.63997
0.947688
-0.711604
-1.50371
-11.3047
-3.18457
-0.675624
9.20073
-0.910708
-1.01168
-0.579036
0.334353
-0.553919
0.801593
1.1126
-0.219497
-0.352532
-3.03789
-1.10401
1.93126
-9.06784
-1.66489
0.336759
-6.10129
-0.517426
-1.55504
-0.969816
-2.19218
-7.45253
0.457973
-0.124971
-1.83793
3.41895
-0.277761
0.147249
-2.411
0.588998
-0.981157
5.91829
9.31008
-0.358121
-0.587779
-2.37057
12.5876
1.16827
2.49421
-1.27403
0.191771
-1.51826
-3.77901
8.16371
-0.471996
1.74677
-0.0371921
1.37179
-0.562646
0.10595
29.7974
0.195291
1.87502
3.53162
-0.154028
0.896385
2.71773
0.702962
2.56609
-0.220232
-1.61207
-0.789886
1.31154
0.596607
1.09812
5.25076
0.35635
-4.33362
3.35201
-1.28214
0.721553
-0.116228
0.642407
-2.09876
-10.0685
-9.28267
-24.7557
-2.40898
1.77131
-0.505524
-1.15373
0.716671
0.810728
0.444691
-0.966856
-3.41702
0.72244
-1.75288
0.244396
-0.132893
0.73968
1.8562
2.74437
7.28008
1.30529
-2.47461
0.423927
-2.45662
1.68868
-0.819675
-1.7716
-0.00907279
0.349145
0.0302998
-1.98743
-0.677938
2.52854
-0.231787
-0.215354
0.0593563
-5.54712
0.00456814
-6.80237
-0.454614
2.069
-1.01073
2.2681
-0.16208
0.515815
11.7497
1.59619
-0.223451
1.37783
0.712265
0.329408
-1.07364
-1.56694
4.6183
0.00914783
1.32672
3.52129
1.14839
-0.0910886
-4.54081
3.27856
-2.26888
-0.114554
6.80153
31.8693
-0.567097
-11.3028
0.654033
0.304355
0.337087
-0.335527
-0.141158
-0.0139121
3.66994
0.165256
-1.14588
-1.38989
0.0467196
1.3309
0.416728
0.0259333
0.0635931
-2.40356
-1.3547
3.22191
-0.290334
-0.447065
-0.860154
-4.61651
2.90999
0.325428
-0.633863
-0.76466
3.93111
-4.0015
1.01552
-2.51228
-0.030766
-0.0445231
-75.3008
1.31948
-0.678839
2.60712
-0.709908
-0.900713
-3.29068
-0.777776
-4.05666
-0.980675
-1.55435
-9.29749
1.0374
1.07357
-2.05877
0.759704
-3.89327
2.08283
-1.56252
-3.37188
24.3478
1.97337
0.568769
1.77736
-33.9766
-1.08605
3.79588
-1.90411
-5.13389
0.314084
0.0878272
1.07369
-2.2888
-63.1451
-0.160658
-2.19028
-0.862143
1.44829
-0.165434
-1.1149
0.145477
-3.37935
0.0771396
0.00216261
-0.336578
-0.774704
-3.75088
1.42737
-2.652
0.113931
2.63464
-0.494149
0.0743922
0.375062
4.21484
1.04044
-2.0342
1.61192
-2.45343
0.178771
13.8408
2.18323
-2.1347
4.12696
8.83539
-0.376464
-0.684007
-0.569782
0.991433
4.15065
2.55646
-0.508323
0.292584
-0.73139
3.06396
1.99384
3.01567
-0.173931
-0.264825
2.1482
-25.1124
-2.78024
0.627744
-115.056
-0.51539
0.301564
-1.62656
-11.7585
-5.4619
-0.573494
1.88403
14.2967
-1.88327
-0.889525
0.926845
-0.211219
-1.16995
-1.15091
4.40512
-4.5571
1.15487
-4.99426
-2.2184
-0.0553879
-3.83594
-4.1582
-0.41161
0.912472
0.323982
0.261727
6.32117
-2.47452
-0.676449
-0.892499
-0.669612
1.4267
1.40585
2.53168
-2.91245
1.40364
-0.273872
1.01646
0.169601
0.989693
-0.284081
-0.646585
4.81755
7.78772
1.15699
0.642589
-1.79765
0.740715
-1.08322
-10.0912
0.503463
-3.04264
3.39292
-22.9205
0.0946116
1.12247
-0.93896
-0.558677
0.445928
-0.735112
0.0631406
-1.45129
0.0140237
-0.789271
-0.559619
-0.222809
1.48326
0.169315
-0.0484111
-1.53896
-1.04398
0.44173
0.48558
0.742379
-3.44697
2.76844
-1.75729
0.152237
-0.369728
0.655104
2.57146
0.154925
0.362577
0.276456
0.247712
0.372598
0.678364
2.634
-2.82144
-0.00990459
0.0851168
7.9364
1.00903
2.33942
-0.586735
-1.68846
-2.92642
1.18354
-0.597986
0.121178
-5.99042
-10.6763
0.834295
-1.11155
0.377744
-5.15176
-0.88681
22.2182
1.07599
0.29034
-0.580661
-0.469847
2.22748
0.413428
-1.19874
-2.79105
0.506031
1.33898
-0.683324
0.768203
0.535461
-0.566765
-3.25081
0.174613
-1.05928
2.00033
-1.4517
1.26928
-1.17108
-3.28976
0.772516
-5.76306
-1.14661
-0.452539
-5.76877
1.49765
-4.35293
-0.791591
8.71607
-5.90085
-0.0918681
7.41796
-1.43992
-0.817828
-2.20019
2.56809
-2.37893
-6.82681
1.78838
-7.0551
-5.46646
3.26798
48.3485
-1.11961
-0.274309
-1.0397
2.95172
-0.826152
0.0873153
19.8532
0.775648
-0.102937
-0.12196
-3.35177
151.75
0.0218491
-1.36621
1.10962
2.35461
-0.19545
2.49725
0.517195
-7.20639
-0.398197
0.405883
-0.57614
-8.50056
8.98016
10.2033
3.20805
1.06668
0.898443
0.799536
2.19008
0.408572
-0.62568
1.74648
0.197179
-0.345583
0.977072
2.07413
-0.397334
-2.2521
-4.30544
2.4348
0.880835
-0.342515
-76.8277
-0.761082
0.000170559
0.282068
-0.30622
0.543504
-0.940857
-2.62202
0.522233
-1.67798
22.3658
1.34931
1.23544
-0.757453
-0.767389
0.869686
-1.36471
-2.05122
3.07166
0.0905844
-0.791366
6.68162
-3.45091
-12.3523
0.111057
-23.5345
1.24138
0.894014
2.97608
-0.344352
3.8473
0.865198
0.958284
2.67825
-0.317755
-0.580468
-1.61052
1.66153
-0.19231
-1.9152
-1.33146
0.847748
1.80119
1.35317
-0.555615
0.318155
1.70706
-6.26937
-1.70622
0.231112
10.7466
0.0445064
0.761306
7.45905
-0.299414
1.08825
-2.29503
0.206523
-1.48933
-0.225222
-1.79679
0.103694
0.419073
4.60325
0.289043
1.13319
85.1242
0.947636
18.5882
-0.283552
-0.439314
0.358179
0.198594
-2.4307
3.43334
-3.00449
-5.44295
3.55643
-2.28554
1.16367
7.84226
-4.26992
-1.5567
0.818536
1.51501
0.453072
-0.136959
0.0612851
3.09891
0.442145
1.62972
-2.23068
-1.76639
-15.8576
-1.05024
0.00353423
0.23777
-1.31445
-0.16287
0.749596
-0.653898
5.73921
3.2991
2.93159
0.187489
-4.64244
0.0284
-6.02978
-0.41752
-2.84465
-1.83859
-0.910174
0.968515
1.50874
0.743795
0.971204
9.65288
-0.299368
0.055969
-1.89891
6.50729
-0.675005
-2.59223
-1.66993
-0.114749
2.38739
1.51468
2.87012
-11.8464
-1.27984
0.982761
-0.849192
-1.66101
0.275218
-0.170007
-0.916762
-0.0967784
6.208
-0.850151
3.0055
2.24852
-0.225094
-3.72242
-19.0957
-1.91535
0.789706
0.120101
1.95086
4.72609
3.66359
-0.19919
-0.129285
1.0152
0.857965
0.322034
-2.70226
-8.38238
0.186225
1.40331
-1.16483
0.0438817
5.57107
0.154609
0.0278934
-0.223341
-0.446802
-0.157276
-0.411597
-1.67894
0.475386
0.601079
-0.00349239
-0.288769
0.944017
-0.286985
-0.487504
0.303529
1.44777
-10.5735
2.62214
0.497974
6.6422
-1.15997
0.805807
-4.4066
-0.493134
0.0416878
0.755858
-3.01027
-1.35601
0.546028
-0.480854
-0.486201
0.441976
-0.0622972
-2.70628
-1.12111
-0.395309
-5.57555
-0.444709
-1.24726
0.661173
0.813248
-1.20489
-3.0182
-0.836913
-0.63693
1.46299
-1.0675
0.334167
0.127293
0.248641
-1.75409
1.06705
0.151604
2.69039
0.610703
0.446782
0.537561
0.261143
0.563353
1.0009
0.962024
0.45571
-1.17408
-1.7118
-0.332947
0.263628
-0.00392932
1.70138
1.87119
0.586274
1.06859
-0.691826
-2.49269
8.64219
1.17914
-1.19532
0.109995
0.567037
-0.708929
-0.186069
-0.501553
14.6515
-0.72714
23.3752
0.118875
-0.177018
3.91209
0.397462
0.0884004
3.59576
-386.367
-0.501172
1.05177
0.372047
-1.68257
-0.172204
1.31298
-1.53889
10.043
-1.49075
-0.506646
1.06323
-1.43961
1.77348
-0.588961
0.094695
0.52504
-33.5629
0.0411018
0.17601
5.44479
-0.083578
0.435346
1.23971
-2.8725
-1.0385
0.296872
-2.38038
0.247098
-0.0553479
-0.525905
1.61893
0.342524
-0.096087
-0.33201
-0.285667
-0.880483
-5.42487
0.112721
1.15366
-0.533849
4.34494
-0.583592
-0.0400046
0.373292
-22.467
3.17578
-0.0492404
0.0691751
-0.989411
-2.4594
25.2345
0.0687497
-5.13837
-0.907228
-3.78935
0.102822
2.46021
-0.545632
-1.00904
0.0709868
-0.519481
63.9052
-0.958396
1.85396
0.302172
0.357153
-0.645997
0.725802
1.13965
2.03072
-0.632786
5.29376
0.291786
0.1544
-0.647859
7.05684
-2.90917
0.376767
0.14566
-2.0269
-9.42307
-1.33077
3.94564
-3.34845
-2.63855
0.980493
24.4267
0.845437
-3.90482
0.241936
1.2503
2.98807
0.445363
-0.71907
-7.14059
0.673181
1.62037
-6.07769
0.732648
3.65821
-0.72282
1.53605
-3.11731
2.10756
1.01786
-1.01698
11.0321
-6.88783
8.2413
3.88321
1.54485
-0.64183
-0.728241
3.93913
0.62867
0.853958
0.244008
0.0224886
-0.902348
0.630189
1.12226
4.81915
0.227186
-0.488199
-0.242216
-2.55335
3.86086
1.59867
-0.391136
-6.4437
-1.86977
0.173385
-0.328796
-1.42929
-5.77822
-1.90222
1.35508
-35.3146
-0.18398
-0.302046
-0.460748
-1.79795
1.70321
0.251908
0.633221
0.874366
11.0999
-1.28837
-0.250168
-1.57648
-0.629445
0.417427
1.35373
0.389231
0.221517
-7.7736
-2.0886
0.649587
0.202037
-63.6392
0.0925124
0.311988
-0.987915
0.0287482
0.455383
0.28178
2.35618
1.05645
-0.989773
0.258724
-0.564237
-0.379453
0.294819
1.67576
7.82416
13.5629
-0.127475
0.459817
-13.5498
-2.17293
749.162
-0.301545
-0.946759
-0.923428
0.191953
-0.698492
-0.881493
-0.541635
-0.517549
0.282829
0.871604
-2.16553
-2.51388
9.50778
-47.5895
-3.15255
1.14182
-0.341178
-0.426262
9.18978
0.417816
-1.23318
-3.5739
0.799149
1.90859
-1.61241
1.14846
-60.7215
-0.287211
-0.347864
-0.149833
0.0928133
0.210625
1.44828
1.65408
0.417592
-0.116384
0.886127
-1.70739
3.16634
-0.672966
-0.136427
-0.138532
-3.0775
-0.275821
0.113123
0.715714
-0.358567
0.849569
-0.776647
-1.09658
0.106998
1.30602
-4.29193
-1.80126
-1.44916
1.09292
2.11346
2.06866
-0.0461422
-0.434836
3.15202
-5.39294
1.33214
-3.82947
-1.33521
-0.152363
1.05127
7.34781
-1.34499
-1.2198
-6.43321
-2.04367
-0.567277
6.34604
-2.61887
-0.343562
2.7421
0.194339
0.62014
-3.00634
0.556521
0.739368
0.329413
-0.387932
0.115893
-0.0770664
-4.11269
1.90649
2.6717
-1.5344
0.360099
199.246
1.16041
-0.505819
1.23247
-1.18506
0.703501
-6.41414
1.70431
-1.80107
-1.50788
-2.33886
4.58438
278.366
1.02992
-3.42551
2.52725
-0.566498
6.29909
-0.0834849
-0.0206696
0.116858
-1.31062
-1.62633
0.446967
0.445985
-0.662881
3.64435
-1.78794
-0.0789217
1.47063
-5.33262
-0.913035
0.0801462
11.368
0.969872
-0.460253
-0.489553
-6.9205
-0.476964
-0.566539
-7.70817
-0.551472
-1.88863
-0.317766
0.414497
0.48247
3.02896
-0.600411
0.504088
1.98767
0.0674261
2.17752
2.56426
-0.17509
0.115332
0.954447
0.911043
-1.27965
-1.13181
1.02377
-2.76154
0.645694
-1.25405
-0.431442
0.669026
0.999399
-0.990575
0.14285
-0.364695
12.3477
-3.09631
1.70165
-0.448011
-0.171219
-3.05062
1.90865
-7.34422
0.09071
2.36019
0.933963
-0.125984
-10.7409
-0.227718
0.388927
0.106872
3.27485
-1.47673
-1.36436
-3.21405
7.30989
-11.4027
7.09695
-11.4262
2.50283
-1.6351
0.916231
0.589751
0.303325
-0.135415
0.48093
1.95892
4.72333
-7.40691
2.7929
-0.448014
5.41846
-0.545334
7.74167
6.88217
-0.849798
0.693545
-1.83043
1.57541
0.0700374
6.4118
-2.47536
0.0127731
0.97787
-0.467679
0.109874
0.8065
2.93889
-0.0189878
0.0644405
0.59409
0.440817
1.16727
-3.59584
-2.1983
-1.12452
-0.412348
0.935577
0.154923
-0.668597
0.239488
4.16329
-0.795531
3.81907
3.37841
0.0707417
2.06717
1.58239
-0.880424
0.359986
-35.0442
2.22623
6.47149
-0.279376
-2.79985
-13.2231
-0.0795503
-0.719151
-0.46703
-0.803984
0.0647266
0.818129
-7.69662
-0.373772
-16.9697
0.214617
0.660124
-8.81708
0.704792
-0.0591936
-0.997394
0.743876
1.08007
0.544562
0.218432
0.726553
-0.459801
-3.0196
0.287652
-0.976397
3.25037
1.40237
-0.338253
-11.3131
1.26945
30.3211
0.199077
2.30703
0.117202
-10.4824
-1.30916
0.281825
2.33916
1.32638
1.2893
-2.46111
-0.795278
-0.471341
-2.91913
-2.00669
-0.062638
0.380592
1.8018
0.109173
0.451867
-0.0663412
-5.12598
-1.35388
-0.133568
-1.01577
-1.32533
0.0346924
0.191658
-0.617002
-1.02159
1.39082
-0.123712
-0.282133
0.762257
13.7868
-0.61709
-0.0230902
0.422225
0.579222
-1.00836
-3.27136
3.89852
3.09196
-0.0350494
0.3501
-1.66141
-2.27513
-2.6638
-1.64119
47.0161
1.23413
0.365135
0.352834
-2.49273
6.11963
2.85186
0.593624
-1.56222
5.20521
-0.913285
2.01564
-2.52463
1.84979
-1.03137
0.305512
-0.151121
2.11804
-4.71402
0.0756309
8.86961
-2772.45
-0.855839
-1.70167
-0.609695
-0.78545
-0.942826
0.717976
4.24375
0.909561
6.11585
-0.512056
-5.56905
2.81554
-0.821339
0.341368
0.359756
-0.74805
0.351553
-0.331823
-0.359554
2.12223
-1.19022
0.00217297
1.12108
-0.966388
1.6003
0.325661
1.0925
1.93552
-2.2042
12.5567
2.1162
8.37497
13.6201
-0.197067
-0.927423
-1.49011
0.317414
0.158298
-0.9997
-0.419218
0.426166
2.0591
0.698727
-1.34772
-0.285112
0.520822
0.90927
1.80798
-0.300137
-2.49934
-2.51345
0.751362
-0.282698
-1.13632
-0.535302
-0.730391
0.350455
-1.31956
1.80381
0.162491
1.92689
-2.79713
-0.144476
-2.72437
4.78106
2.7539
0.66562
-0.903963
-10.1096
-0.135962
0.810527
-0.510029
2.21033
-52.8989
1.01685
-5.74
12.8343
-0.372774
3.90979
-0.808047
0.231495
-0.378765
0.0597792
-0.174749
-1.25781
1.40014
3.85565
0.0909777
-4.07364
4.69881
14.5138
4.96444
-5.5766
10.2317
0.179575
-1.29014
0.760572
-0.150579
0.284316
1.55116
2.00139
-168.963
-1.23462
2.53707
0.378419
9.29807
0.252095
-2.40905
1.20178
1.17364
-0.413904
-1.3566
0.587458
1.69689
2.31375
-0.668893
-2.39788
0.307657
3.81122
-1.715
1.75275
-20.7576
0.104213
-2.78637
21.9097
-16.2942
-1.24803
0.12358
0.145678
0.306161
5.88223
0.315501
1.13738
-71.1898
-0.368456
-1.41929
-2.16187
-4.40723
-0.646838
6.48105
-0.23509
-0.54881
6.31219
-0.692099
0.807337
-2.19176
0.318206
0.0488496
-2.18966
-0.952314
-0.135388
-8.18427
-0.213872
0.274117
-0.827846
-4.61333
0.934669
1.40699
-1.53979
-0.733945
1.53054
1.74576
-0.0338574
-0.571542
0.91564
1.68296
0.626153
0.418856
2.10408
-2.78907
0.404076
2.28535
1.09002
-1.87821
-194.213
-2.10505
-1.5462
-5.40122
0.242581
-0.840136
1.28937
-0.0194279
2.63163
0.476794
-1.71686
0.294292
0.160187
-7.22267
-0.742753
10.8302
0.364411
0.570276
-0.289634
0.503928
0.296994
3.38214
0.300259
-2.62803
-1.48387
-0.195845
0.489997
0.418594
0.294609
-4.13726
1.33186
1.5066
-351.376
-2.36857
4.51954
5.39949
-1.07172
2.94491
-1.41121
0.499142
0.0370193
-1.57291
0.960776
-0.54051
-0.286436
2.93289
6.90162
0.958706
1.79443
0.486737
-2.26532
-0.761283
0.653294
7.34906
-2.39005
0.302469
-0.0937347
-0.807343
-0.9136
-23.3617
2.03631
1.20239
0.0239267
3.99211
1.00641
-0.159542
-16.0742
-2.8445
-0.388969
-1.05225
1.09618
-0.999892
-0.908998
0.632212
0.73617
-2.05358
-1.01602
-0.60418
0.836268
0.325053
-0.505352
3.03885
0.78424
0.490845
1.81602
-1.59545
-1.87629
0.445435
-2.33184
0.863133
0.464472
0.969531
5.66862
-1.04909
-0.158679
1.73541
-0.272056
0.947659
-0.261339
9.23387
0.407039
0.849941
0.2513
0.483861
2.02919
6.26385
-1.40073
-3.41114
0.541946
0.283031
0.991281
-0.423251
2.11663
0.699754
-1.14559
-0.953423
-0.494405
1.4933
-1.274
-0.0110996
-0.551782
-2.94711
-0.605065
0.466269
-1.22594
9.84394
2.94801
0.244389
-0.44747
3.2127
0.156915
0.00243346
5.84984
-1.54201
0.157036
0.217383
-0.20423
-0.711988
-0.0323386
0.431592
-1.41258
-0.0851947
0.0987226
-4.7794
0.478771
-0.758998
-0.81677
0.689699
1.09042
0.582159
-1.08824
1.91713
1.61272
-17.6282
-0.309047
-3.58409
-21.1328
-0.435891
4.20168
-14.2995
-4.2917
-0.512488
-3.16753
0.38107
-0.73496
-1.9865
6.59385
1.13609
0.100375
-0.920148
-0.112672
-0.771388
-14.9806
-4.97028
0.553124
-1.68832
2.59351
5.79498
-0.472322
-1.35156
2.9563
9.87066
0.326418
0.712029
-0.207677
1.93625
-0.650997
-0.0314216
-3.51502
-1.51963
0.0146813
0.675735
-10.2192
0.755293
0.731719
-2.28012
-4.56736
-11.119
-0.116467
-0.86701
10.663
-3.56452
3.29656
-1.08238
-2.03396
1.95274
1.8711
-0.176481
0.0932254
-0.891175
0.0341145
0.327323
-2.28584
-0.448114
-0.210162
1.52817
0.0768169
0.731715
-0.890612
0.220636
38.1676
-3.20912
0.510749
-5.17116
-0.560533
0.660585
-0.779788
-0.0668216
2.4732
4.65492
-8.92024
3.39571
-3.41806
17.8528
-4.82325
-0.260617
5.85025
1.38712
-0.295034
-2.09684
1.27049
0.776366
0.260784
0.351412
0.357211
1.11281
-0.820946
-3.597
-0.37758
2.7558
1.69336
1.65831
1.78788
2.8701
-4.64925
0.664002
1.42731
-0.158784
-2.18837
-0.125697
0.99318
-0.395667
0.371526
-1.30811
0.287375
-1.22797
-0.674282
14.4435
-0.336351
-0.431125
2.47123
-1.90597
-2.71843
-4.43527
-15.5835
0.56044
-0.120936
4.02371
-0.374746
-2.01154
-4.98889
2.29494
-4.86279
-2.60256
-2.11068
-0.0835821
0.946407
-0.556483
3.39891
-0.0029358
-2.79189
2.10059
-4.38843
-0.669576
0.812634
-1.43882
-0.308682
-12.8863
-46.1726
-1.29383
31.3061
1.4264
-1.72858
0.110978
-0.366829
3.00314
-0.866402
-2.19581
3.36429
-0.363391
539.851
0.0829765
-1.38038
-1.0754
-0.631382
0.0656245
-1.85127
-3.00049
0.13382
-0.653731
-2.8835
9.83008
0.198543
-1.03111
4.38188
2.3032
-1.8946
-0.538943
-2.13518
-0.484555
-0.235939
2.85907
-0.941163
1.37723
0.60629
-0.905026
52.0707
-1.31451
-1.18367
-0.868489
0.454541
-1.22443
1.46693
-0.238413
1.58279
4.31841
1.37871
2.95568
0.815974
0.392953
-0.809179
1.19027
-2.34739
0.694267
-0.0364895
0.743011
-1.75754
2.75369
0.426025
-33.4943
0.254273
-1.33903
45.88
-0.855367
0.71001
-6.73667
0.33997
-8.12425
-0.526946
0.338506
-0.76895
2.41326
2.77001
0.966009
-7.0605
2.46148
-0.149108
0.0585902
0.719088
0.375342
-1.92479
0.868525
0.0920463
35.6579
-1.08865
0.43897
8.41757
11.8603
-0.772723
4.12644
11.5705
0.333464
-15.3176
-1.52043
0.333802
9.78405
1.07414
0.115907
-10.3348
6.47547
-2.43591
0.546811
3.16639
-0.392151
-0.863957
-0.631893
-0.19579
2.16362
5.10409
-3.52049
0.200123
-0.0157619
0.979488
4.16114
-0.174671
-0.0375601
-4.00147
-5.25047
0.58256
-0.782029
0.265297
0.940849
-0.928115
0.204191
0.702969
-4.05856
0.33361
-1.53933
-1.4114
-11.639
0.690187
-0.482929
1.93388
-2.37718
2.47661
0.928641
1.5443
2.1583
-1.54652
9.86904
-0.666561
-6.41232
0.846999
-0.442518
-0.325975
-1.10828
-0.496073
-0.43518
0.328882
-0.0241076
1.84981
-0.186473
-4.65138
0.356585
0.244347
-0.0650144
-0.393357
-0.793599
-1.87582
2.99603
0.655499
-18.4896
-0.97969
0.832114
-0.588642
-2.2982
0.373118
11.0424
-1.1081
-0.992752
-1.72729
0.101936
-0.804657
77.0403
1.22099
2.90875
1.29667
0.50357
2.42846
0.994228
0.878749
0.617797
-0.168174
-0.739969
-0.195535
4.39213
1.54308
-0.389192
-1.14685
-19.5746
1.51155
0.116577
-0.375566
-0.801342
0.44337
2.73179
0.374971
-0.0591129
-2.41444
-16.9556
0.529093
3.30759
-12.8766
-0.208957
-0.783489
0.488061
-0.105789
2.37048
-0.616086
-5.87096
-0.237457
-0.186142
2.40414
-0.432642
2.74907
2.09634
4.50205
-1.09385
0.178883
1.5747
7.51283
-0.41162
0.478172
-0.46129
-3.09259
-0.641227
0.697096
-2.95537
40.8992
0.0722162
-0.655319
2.51393
-2.17662
-0.633146
-1.24612
0.542009
0.696008
-0.31418
0.820445
-2.98273
-2.10345
0.531903
0.860137
0.729475
-0.504164
0.572181
0.47029
-1.09178
-5.37569
-0.308857
0.329739
-3.16479
3.8103
0.0869451
-0.100404
-0.545606
0.446243
0.709118
3.35383
2.30212
4.55848
1.96364
-0.137345
0.835175
-0.0923233
0.198979
-0.0463096
0.318992
0.551237
-0.468761
-1.20419
1.16888
0.179992
2.40251
0.469977
-0.0385839
-0.031243
-0.0320697
1.9125
-1.08125
-0.386714
-0.704373
-5.41358
0.0228369
-2.65804
0.22954
-0.323443
3.58622
4.19891
-35.7771
-0.562129
-1.0867
-0.292173
0.418084
1.81115
0.0475486
-1.20298
1.59867
-0.482496
0.0719889
2.64344
-0.772593
2.62188
1.26104
-0.383292
-6.6649
0.267484
0.816817
-0.24841
-0.00396774
0.0583903
2.67098
-1.60293
-11.9271
0.499272
-5.02316
1.19485
-0.0667135
-0.925679
-1.53536
0.176223
-0.556988
0.38369
0.808507
-9.81527
-0.616608
-1.14805
6.2099
0.135777
-7.05086
-1.39464
-0.0445317
0.958839
0.974224
0.835046
0.0672842
-11.3874
2.55373
-0.385854
0.481044
-2.67193
8.0661
-0.837919
1.10212
-0.101281
1.67439
-0.167696
0.370131
-0.0618157
1.38443
0.949202
0.823738
11.1448
-3.01665
1.26679
0.23199
-0.113153
-0.2239
-3.45991
2.43539
-4.01324
-0.380856
-8.4451
0.233939
-0.869227
0.207417
-0.187581
-3.6989
2.44952
-2.24107
-0.50952
0.019455
-0.44052
7.64485
6.97822
0.346429
-1.01438
0.0330195
-1.53597
-2.71499
0.139538
-1.79161
-1.41829
-1.4136
0.242896
0.765184
-1.85312
2.37898
0.0467523
0.655037
-0.378802
0.771982
-0.255393
-1.09833
-1.09734
285.699
-0.0798448
-0.154933
-1.52396
-4.51689
-1.54382
2.31781
0.525276
-10.3683
-0.252728
-0.074422
-24.6658
-0.581212
-8.73914
17.2865
1.82498
-0.498847
0.779446
0.547021
0.0259754
0.454913
-0.102436
-0.281743
-0.0729788
5.78644
0.147005
0.557293
-1.79525
-2.2974
-6.13042
-0.0509332
-1.65516
2.23875
-0.12753
0.746521
-6.27744
-3.63192
0.521149
8.49416
1.60927
-1.50021
-1.94187
-0.670295
1.93676
0.785294
-0.278293
0.291046
0.103819
-0.317902
-0.605555
-3.058
0.744381
1.5848
-0.78614
-0.409375
8.48386
2.81673
0.667434
0.220604
2.55293
0.406099
0.559181
2.56767
-1.5624
3.86395
0.998779
11.5434
0.710793
1.26746
-84.7095
-14.3058
2.5477
0.85583
-0.987344
2.5051
-0.400908
0.836278
-23.879
0.515997
-99.1093
6.08358
0.0961491
7.70702
0.471781
-7.49166
-3.64242
1.63765
-0.35275
0.337276
-1.49912
7.06235
-0.226517
-1.42066
1.10433
2.4006
-8.08934
-0.387233
0.977603
1.56163
-0.598154
0.557894
0.673986
4.37405
-1.08078
1.89716
5.04987
-1.06434
0.0540314
-0.40485
1.09726
3.08254
-0.3886
-2.44164
0.136394
-0.136794
-0.45464
2.81843
0.476684
-1.71132
0.552391
-0.388927
4.45878
0.263585
-0.989411
2.38585
0.624444
-3.43146
-0.172448
-1.46534
-0.013768
-3.95242
1.51548
-4.17606
0.764919
0.117013
-1.94222
1.74925
-3.43317
1.64029
-0.364732
0.106762
-1.39754
-1.75424
0.618329
-0.7472
-0.14554
-0.695826
3.78603
1.09159
0.730175
-0.0986722
3.35069
2.98184
4.19378
-0.693153
2.40459
1.93599
-42.0326
0.519733
1.21959
-1.30081
-2.12043
2.49067
0.113031
6.69762
-0.895485
0.359828
0.537046
-1.01525
-5.82069
-8.40783
-2.33033
-25.0368
-0.269145
1.24407
0.774742
0.877701
0.10809
0.977522
-7.73936
5.6682
-0.378847
3.64573
0.208421
0.316919
0.693159
-0.602835
-0.958703
0.300884
-5.15323
-6.60114
-0.172463
0.30159
-1.38245
-0.803405
-1.63488
-0.980105
3.08147
-0.22014
1.56335
-0.525925
1.18951
1.43323
-2.19246
12.2293
1.56535
-2.63802
0.770611
9.23879
0.914803
0.496705
5.84848
1.65017
-0.3785
1.05099
0.63773
-0.916346
-8.13374
-4.42706
-16.7966
-1.00001
-12.5799
-0.0679332
1.1623
4.88901
-0.0681854
1.91506
-1.09517
-8.20579
-1.0015
-10.3713
0.131173
-1.44738
-0.0580099
0.781728
6.04304
7.74156
-0.0381434
-3.08035
0.140066
0.499247
-0.152452
5.01871
0.386212
-5.62545
18.5596
-0.642989
-8.47981
1.21782
1.52568
4.05806
0.388796
0.373331
0.459424
0.376964
-0.31592
1.01318
0.410533
0.391745
2.7592
4.51406
0.657899
-4.16654
-2.52122
8.56946
0.897101
1.33769
-0.129178
9.52352
12.4722
-0.466842
0.1706
0.952017
-0.485914
1.67937
-10.138
-1.24186
0.34214
-18.4316
0.464734
6.11272
-1.86188
-4.84861
-35.9589
-0.225909
5.06548
4.22402
-0.344394
0.401399
1.18601
2.29542
3.42413
-0.927159
-4.76381
0.532413
1.29536
-1.07645
-1.27011
-19.2435
-2.37918
-10.5374
-1.07306
11.503
-2.89528
-0.614345
1.3096
0.0753994
-0.558818
-1.13793
-0.141269
4.1495
0.790888
-0.602147
-0.494797
-2.81832
-0.395157
1.33141
-0.359715
-0.941352
0.367291
-9.28722
8.92533
-0.0132091
1.38923
-0.00271907
5.20375
-0.0372583
-0.314914
0.713109
-0.145025
-3.43415
1.43547
1.34007
-0.537561
5.16466
-1.92824
-0.276058
-1.18501
0.762284
-0.165277
0.139391
2.80855
2.29383
-0.553191
-0.37369
-6.77615
2.09692
-0.823537
0.238431
0.239951
0.183572
-0.747432
-0.0516788
1.52752
4.65748
-0.425453
1.3532
0.586909
-9.59191
0.344392
3.48414
0.0636996
1.37263
-1.27604
-0.977461
-0.64125
0.368206
-0.787851
-1.37394
-0.102619
-0.0382138
-0.360312
-0.698159
-1.22629
0.504361
-0.818986
-1.98771
5.25936
-0.553161
7.46375
0.987819
-0.544423
1.06992
-0.324702
4.00993
-0.546185
0.767845
-0.161543
-0.866378
-0.411012
-14.2054
5.17998
3.20134
-2.42547
-0.0854438
-0.729435
-1.30063
0.457973
-8.85882
-2.87403
-0.12785
0.279783
0.690207
0.333741
-0.219902
-0.308519
2.63965
-7.70864
-2.63421
-0.596337
0.631294
1.80972
2.35506
-1.44199
3.69147
0.66718
2.5936
0.00857009
0.606691
-0.35437
0.593285
1.75834
1.48459
-0.770343
2.06453
-0.413888
0.649349
7.62139
-66.732
-1.87574
1.17062
2.33112
0.257188
-0.00335817
-0.991485
-3.40528
1.13492
-2.51187
-0.115271
-15.3615
-0.583021
0.0366553
0.0273617
-1.19515
-5.83514
0.670088
-0.710564
-0.558635
3.70418
0.717264
1.88044
-0.510025
0.558089
-0.339144
-0.557519
-0.500384
-1.06466
-4.5749
-2.39017
1.98862
-1.83578
-0.117528
-0.0515249
6.22129
18.4369
2.91753
-1.00749
0.197817
0.187064
0.0935173
-1.02666
0.888599
3.53312
0.155957
0.885201
1.4969
-0.17066
1.8015
-0.837727
-1.56139
0.453618
-0.0447803
-1.21749
0.80981
1.32377
-0.274428
0.829491
-0.174511
-0.992153
-0.314632
-0.341937
0.430115
-0.485419
1.18875
-0.0984737
-1.82844
-238.779
-4.2002
-2.22618
0.690563
1.07
-0.911337
-0.273129
-7.25468
0.357636
-1.54183
1.64336
0.648397
0.628118
0.864013
1.65973
-0.935317
3.72607
-0.278927
0.909304
1.66304
-4.70093
-0.0670336
-0.340054
0.251557
2.22877
0.0612865
18.8081
1.13549
0.862454
-0.50787
0.624758
6.07496
-0.50953
0.186535
-0.91902
-1.59417
-1.48051
-0.667841
2.15743
-3.43289
-1.4159
0.998073
-1.61632
7.50454
0.794535
-3.6964
1.62301
-1.30182
0.0360219
-0.0087796
-1.0441
0.64822
-0.47481
-1.49292
0.769668
0.241694
0.153411
-0.848991
-0.92691
-0.0540635
-0.520624
0.0239357
0.263308
-0.489836
-0.794299
0.178936
0.0248888
1.06139
0.114423
-0.350856
-1.29229
4.49904
0.316934
1.43448
11.0485
-0.783557
-3.02686
1.50982
-0.317209
3.61386
0.459282
-1.05918
-3.45622
0.111118
-8.68694
0.374883
-4.31873
-3.78952
-0.327422
0.992275
0.296469
-1.97188
0.510279
-0.0734833
0.225858
18.758
-16.4621
-3.49196
0.0566151
0.983063
37.4241
-0.540178
-0.456293
1.20761
-0.726341
0.0303645
1.37029
0.109377
-0.0526302
0.309439
-1.37341
-1.40715
-0.611772
3.25425
12.6166
1.72908
-2.18297
0.7898
-0.49733
1582.45
0.143931
3.54879
-0.103456
8.30529
-0.272666
-0.596987
0.248339
0.23404
0.111161
-2.16324
1.80096
-0.518505
-0.237402
0.958514
-80.0709
1.54832
-8.66462
2.0302
-5.56435
-0.914074
-1.54533
-1.50475
-1.73604
-0.192173
0.464291
0.162033
0.904234
0.234561
-17.7969
-0.652949
-0.655277
-2.89659
3.11409
-23.8764
0.868003
-3.2089
4.09303
0.536649
3.38848
3.88125
0.333284
-1.93045
-0.99637
1.54806
0.244519
-0.258385
0.405073
0.0100978
2.67131
6.72282
-1.52697
0.12447
-1.70962
3.38827
1.26907
-0.893634
-0.252291
-3.05119
0.0865879
2.09935
0.744758
-0.279329
4.12652
-0.157765
-0.83154
2.84459
-1.81702
-1.28188
2.20816
-2.294
-0.670583
17.3595
-0.902399
0.0291619
0.222764
-4.80726
2.12908
-1.88723
1.23757
-0.507904
-1.62649
0.145243
27.8149
-0.562977
-0.00101774
-0.86929
1.14489
-2.75102
-0.0276251
1.87713
0.194706
-5.1507
-0.604614
1.30997
-3.00785
-5.03927
0.322424
0.770767
-0.0147961
-0.386164
0.178714
3.10541
-0.0785384
61.0248
-1.97531
-4.37542
43.9872
1.57237
3.11258
1.06367
1.73897
0.0298794
-1.07924
0.827852
-0.184417
2.78905
-12.17
-0.356878
0.330294
-2.56921
0.138103
-0.0852553
-16.4135
0.0712959
-2.25668
7.94886
11.2276
0.954414
-3.31257
6.33656
-0.322233
-0.692034
-0.605647
3.32
-0.508474
-0.966195
0.444209
2.69024
-3.91071
-1.3596
6.28171
-1.8908
0.835691
-0.454983
-0.460966
2.5453
-2.68798
0.151041
0.185233
0.269877
-28.5135
-1.01125
1.88954
1.51411
-0.311781
1.99434
2.2325
-2.6198
1.19665
-0.154586
-1.20656
-8.41816
-3.54611
0.947995
17.5525
0.150498
1.79258
-1.01968
0.210858
0.639229
-6.74597
1.55232
7.03957
1.28151
-0.964182
0.610713
-0.466882
-0.545392
0.907699
0.00200701
0.15806
-2.92191
-1.8732
-0.807209
-3.22689
-0.242993
-1.17574
0.162731
-7.08902
-3.2836
2.19418
-3.43354
-0.108207
0.690774
0.508307
1.10294
0.0108081
2.57885
0.818638
1.61788
-1.29327
-2.95221
4.7399
-0.69487
-2.9299
1.4331
0.605096
-0.200615
1.64375
0.346496
0.529399
-4.15821
-0.153622
0.487416
3.56122
-0.931639
0.169725
-4.63877
2.7827
1.04875
0.725697
-4.01683
-0.200334
-0.196643
5.61033
-1.49221
0.287945
0.183019
-0.3892
-0.464327
0.345216
-0.304542
-25.1209
0.461359
-1.68163
-0.442121
-1.10142
-2.19435
-54.5476
4.87615
-0.964332
-1.28151
-1.21468
-0.00314079
-13.7428
1.81902
0.765446
1.14934
-3.80851
3.01302
28.1508
1.47588
0.0384367
5.5512
1.06531
-0.479709
-1.36597
96.2474
-0.156847
1.30221
21.239
10.7488
-1.21723
-0.17263
-1.06226
0.528412
-0.239443
0.332061
-0.695036
0.483342
0.140306
-6.90341
-2.36644
-3.39522
-0.0156254
-0.666938
0.636658
-0.290819
1.64366
1.47799
0.526662
3.69427
-32.0792
0.987567
4.09358
0.707772
-1.10512
1.57155
1.13878
-8.4687
5.36278
-0.0963489
2.15633
1.20058
-0.720844
0.825198
-0.855867
-0.243655
-0.959534
0.143986
-9.09745
-0.396486
2.22662
1.4493
-0.0323472
-2.52805
-0.0460569
1.04032
0.293869
4.5539
-1.16992
-6.62324
-28.9588
-1.43906
-2.80836
-2.14362
0.765242
0.0857612
0.354279
3.81499
5.52466
5.73439
-0.832071
-3.33357
0.400603
1.97384
6.2637
13.2691
1.4044
0.00285464
-0.0308257
-2.0004
2.14872
0.546288
-0.848167
-50.3444
1.64117
-1.58088
-7.36961
-0.0165498
0.573037
-4.2871
-0.560748
-2.96249
23.1365
-0.946721
-0.339514
-0.364853
3.37466
0.488477
-0.527857
-1.25671
1.01969
0.326084
-1.26936
2.49741
4.48078
2.19815
-1.14045
-6.21355
2.50267
-0.532314
4.92614
-2.21419
-0.423837
-3.26502
0.0455292
-7.27504
0.151173
-0.61387
0.023473
2.29034
-3.62535
0.0467861
1.17822
0.389349
-2.12205
-1.03477
2.32931
-0.377776
0.311129
-1.75066
-2.06329
-0.626379
2.85889
1.66246
2.83896
2.10906
-0.964371
-4.91172
1.06905
0.538675
-0.114756
0.356045
-0.641274
-4.63157
8.95475
-0.721678
1.25781
0.275307
-1.44959
-8.33361
-3.23335
0.3022
0.204746
1.86194
1.05993
0.668205
-2.0405
-2.43251
0.748965
-0.0466089
1.46669
1.49471
-1.01066
1.44927
1.71841
-0.652151
-1.8611
-43.7315
2.91105
-0.200269
0.912592
6.01107
-0.226418
-1.02544
3.07647
1.23266
2.08529
3.13485
0.979603
-8.335
-14.4726
2.27917
-1.78331
3.029
4.81757
-0.611751
-0.714738
-1.10666
-0.670046
0.577823
-1.29858
-2.2117
-3.03332
-1.45997
0.100368
-5.3514
-0.226761
0.445265
0.291008
0.291922
-1.95658
0.340799
0.5849
-3.13613
-0.224876
-0.579638
11.434
3.00061
-3.45828
-0.893888
-11.2619
0.422123
3.76408
-0.604121
86.9258
0.765455
0.312465
-2.90654
0.416854
-0.757585
2.34179
14.0517
0.15047
4.95243
-0.355404
0.845765
-3.03762
0.903363
-1.67106
0.717131
-1.91902
2.63896
-0.662419
37.2477
0.413125
1.8186
-0.949168
1.82363
-1.11114
2.15681
9.00637
-6.87752
-0.60967
-0.415573
0.662204
0.944586
4.60165
0.254243
1.96725
0.218971
0.71473
2.6306
-0.736117
3.6929
-0.0399147
-0.842003
2.30106
1.56595
0.858098
0.540563
0.501386
19.7365
1.92787
0.921199
-0.179216
15.5631
0.752986
-1.20625
-6.63507
1.18076
0.992106
-4.20623
-6.30862
1.29208
1.40481
0.151472
9.70698
-0.514735
-1.03081
0.924055
0.320208
2.8611
0.792013
-4.99143
-0.791964
1.31827
-6.58321
-4.65262
0.133424
0.0548115
0.578324
10.8485
-0.349916
0.315364
-1.22727
-1.7431
-2.40808
3.15157
0.183148
0.479888
-0.126607
2.39675
-0.231972
-0.0747415
0.328064
-4.61289
1.14921
-83.6457
-20.8828
1.77414
-0.369118
-7.88983
0.0553626
9.47507
-5.64232
-0.0266359
-1.13428
1.90083
-2.17764
-1.18942
-0.719696
-3.45443
-1.2782
-0.302634
13.0471
-0.246954
1.53608
0.0224302
-2.75649
3.32906
-0.55774
0.460401
-0.0105822
-0.583864
0.236613
-0.233977
-0.0827095
-0.385978
0.871171
1.27901
-0.894683
0.0578181
-0.0189547
0.0844458
1.7216
-1.31347
-3.89155
-49.8344
-8.23698
-2.78939
-0.894018
2.59868
6.67321
-0.991296
2.94366
10.1693
0.195726
0.642332
0.863148
-0.483806
0.193123
2.21611
-2.78176
1.9563
0.645831
-4.57311
1.11994
1.42979
0.535361
1.36572
-0.61271
0.455572
-1.01143
1.29422
-1.92127
0.312866
0.810219
-0.477453
3.09036
-1.45773
1.22442
-0.418949
-3.54962
7.71832
2.27845
-1.25467
-0.000848642
-0.416563
-9.28113
-0.585198
2.16499
-0.620734
-0.440802
-0.977411
-1.86014
17.7206
-4.03995
-0.361156
6.61213
0.648968
-2.16804
-0.94174
-1.28064
-0.774125
-2.19445
6.15037
0.431588
0.0755601
0.54717
6.125
0.409278
-1.75464
0.70823
-0.675404
0.247259
-3.46409
-1.58705
1.92901
-2.06037
0.348453
-0.859774
2.10735
-0.635258
-0.237174
-1.16915
-0.42907
-0.0679574
-0.891959
0.0687901
-2.3131
-0.487518
0.198697
9.82989
-9.65727
1.25941
-0.247341
0.376251
-3.40971
1.5913
-0.05714
-1.68735
-2.4669
1.81666
4.67729
1.71343
-7.71079
0.403439
2.19638
4.19591
4.47836
3.59065
0.0318254
-0.302907
0.239571
-2.71888
29.9677
0.335593
-2.96329
-2.49859
4.56442
0.358352
-0.100693
13.0758
4.19544
-0.426439
-1.03512
-0.447798
-1.36457
-1.09011
-0.640483
-0.742672
-2.02466
2.06956
0.666925
-0.747857
-0.534342
2.80604
1.93966
-1.60772
-0.859655
1.3437
-4.85554
1.58341
-4.37511
1.00627
0.750796
0.591798
2.0311
-13.9681
-11.5122
-0.356608
6.93967
10.0192
1.10752
-0.750572
0.301131
-1.16246
-1.25282
-0.572268
0.0661426
-0.1133
-0.459513
-1.99291
9.66774
-1.45958
6.14047
3.41316
-0.814939
0.49622
-0.378989
2.21246
-6.66405
-14.8015
-12.3289
6.86868
0.878522
1.30482
0.838236
-0.284853
-12.6383
-1.39346
0.299176
0.941921
0.948179
0.765315
1.69791
-0.658769
0.144004
3.2284
-0.267783
2.54231
0.65437
0.223347
-0.0326729
-0.705773
1.76459
-1.71787
0.61741
1.40535
1.85936
-4.23106
0.628692
2.47399
1.42811
636.194
-0.0944936
0.79098
0.531647
-0.264471
13.0392
-1.39019
-5.63584
0.185173
-10.7844
-2.64319
-1.74306
0.477941
0.181759
-1.27896
0.895877
-2.9681
0.0572443
-1.55099
1.31042
0.147051
-0.456794
1.65191
0.464257
3.80314
-1.59519
1.12414
-0.71838
2.06617
-0.824145
18.5722
2.57426
-1.01768
2.84611
0.268813
-2.77591
0.0325056
-0.0455754
-5.48332
4.30608
0.913357
-0.959631
-2.72611
-1.29194
-0.656378
8.84089
4.23213
-1.62094
-0.427127
-1.71255
0.0444888
0.961588
-0.158205
0.695951
0.928454
-1.57257
-1.19091
-23.4878
-4.95228
-9.41276
0.0497794
0.740988
-1.70612
-3.14289
1.68526
1.26773
0.0930688
0.446525
0.705323
1.60004
21.3536
-0.382852
1.13144
-2.83894
1.08579
-0.924403
1.58348
0.877457
-0.522773
4.52658
-5.65874
-19.5158
0.886648
-0.353928
0.0628801
0.357345
-0.552809
-30.0155
1.24073
-5.29746
-1.09977
0.450712
2.17818
13.0663
-0.497795
-1.26245
1.37697
2.6142
-2.90527
-0.244526
-0.142092
0.123594
-11.8214
-0.382585
-1.28079
-2.83186
1.21513
-0.131251
-0.0229033
51.6453
0.459389
0.827601
607.866
-13.3398
-0.636777
-1.9398
1.65489
-0.455268
-2.54012
-2.23502
-120.257
0.0349139
0.0865395
-0.664981
-0.130061
1.78146
0.895081
2.8032
-0.525047
-0.125607
-1.91738
-0.092223
33.6872
2.11926
1.04444
2.32489
-1.18728
-1.72536
-0.835516
0.668427
6.58568
-0.197418
-0.378894
1.02205
3.24086
-0.247882
1.96087
1.7914
7.20773
-0.185538
0.34315
-1.72701
-0.774999
-2.59752
0.555438
1.03831
0.683115
4.27332
3.80609
0.429552
-5.66885
-2.31473
0.0765648
1.6967
-0.205613
-0.147934
-0.737655
-0.576145
-1.39375
-4.20286
0.0430145
0.265061
1.07063
-2.7999
-0.650456
-0.113271
-1.00236
-0.24296
2.72984
0.779247
2.35769
-1.34387
0.313582
-0.375306
-2.62596
-0.543618
-0.972287
0.0984535
1.22163
0.343368
0.243821
-0.661473
