0.497109
0.503599
0.52571
0.534767
0.488555
0.481443
0.491968
0.486827
0.515399
0.50938
0.513087
0.453997
0.480454
0.491696
0.499716
0.535523
0.554369
0.483011
0.482329
0.433204
0.532701
0.458892
0.501275
0.472396
0.525028
0.525844
0.466051
0.484596
0.530483
0.485074
0.478187
0.515965
0.464073
0.494373
0.512098
0.54618
0.498169
0.502525
0.488299
0.511973
0.503536
0.480584
0.483345
0.52976
0.514272
0.544425
0.420873
0.521696
0.441052
0.492922
0.498124
0.54957
0.477024
0.496136
0.412321
0.440886
0.480755
0.447893
0.51127
0.491522
0.470586
0.457113
0.502571
0.489335
0.50479
0.502283
0.5558
0.483087
0.461878
0.473434
0.552053
0.52107
0.495463
0.516004
0.51521
0.493799
0.508033
0.470963
0.49931
0.485161
0.538009
0.575567
0.5164
0.526377
0.504482
0.499132
0.499237
0.507168
0.46398
0.458178
0.473225
0.478487
0.523657
0.465351
0.481943
0.481204
0.49527
0.486461
0.490669
0.485112
0.524324
0.480043
0.492238
0.512625
0.558756
0.493801
0.559645
0.541557
0.541537
0.482302
0.459743
0.501343
0.501565
0.48032
0.48242
0.497081
0.487221
0.506177
0.539633
0.495774
0.516971
0.519473
0.528665
0.489145
0.541377
0.477581
0.503993
0.497395
0.470909
0.495267
0.412128
0.55829
0.563912
0.491828
0.533811
0.525939
0.509123
0.560109
0.507937
0.523646
0.497098
0.511787
0.521585
0.48521
0.534934
0.51328
0.520521
0.539051
0.538651
0.476673
0.464563
0.519523
0.497628
0.520028
0.492164
0.489812
0.515438
0.54145
0.518607
0.530769
0.531484
0.501291
0.492176
0.500077
0.457805
0.486866
0.462677
0.566104
0.535409
0.494046
0.486694
0.450841
0.524538
0.520118
0.483944
0.46627
0.52321
0.482277
0.54911
0.508574
0.54844
0.496128
0.50353
0.494528
0.44449
0.528573
0.541115
0.544473
0.482541
0.489458
0.562867
0.50623
0.506161
0.466352
0.504379
0.50434
0.496925
0.496842
0.520686
0.479003
0.514592
0.522705
0.492847
0.469084
0.496187
0.490346
0.490629
0.543571
0.468377
0.511867
0.555667
0.465852
0.467516
0.511149
0.509485
0.525192
0.501726
0.539317
0.480736
0.539779
0.519399
0.50396
0.486055
0.465721
0.488487
0.556496
0.48888
0.586365
0.490955
0.472041
0.480638
0.436308
0.506786
0.486158
0.458649
0.524484
0.521887
0.492876
0.495142
0.500703
0.494299
0.508336
0.481744
0.490004
0.493065
0.524451
0.453823
0.499207
0.524143
0.506945
0.509066
0.500045
0.537733
0.532162
0.494648
0.46323
0.511396
0.526998
0.517392
0.537855
0.503339
0.486352
0.541278
0.480484
0.53024
0.462456
0.516675
0.458315
0.52399
0.510469
0.525686
0.520798
0.551728
0.5147
0.457965
0.574064
0.483537
0.509848
0.581391
0.462561
0.502182
0.461624
0.501965
0.502254
0.479274
0.521126
0.507321
0.479782
0.492207
0.527362
0.558201
0.511926
0.496278
0.492269
0.482299
0.549786
0.456336
0.50263
0.464822
0.512017
0.502357
0.523236
0.490159
0.531527
0.5333
0.4657
0.519029
0.499983
0.513637
0.487262
0.435479
0.534527
0.526919
0.473997
0.558119
0.521054
0.540763
0.472767
0.469946
0.468444
0.527623
0.526319
0.471164
0.468113
0.525734
0.515888
0.469342
0.503261
0.514593
0.465686
0.531311
0.512197
0.499358
0.523645
0.511157
0.510103
0.548534
0.512808
0.518702
0.463627
0.509332
0.457715
0.512827
0.512673
0.535063
0.480186
0.484031
0.523759
0.498949
0.548851
0.530593
0.519325
0.50873
0.526831
0.522712
0.547364
0.536429
0.54191
0.508994
0.535747
0.507664
0.483611
0.509682
0.475627
0.484874
0.511514
0.470974
0.50828
0.438837
0.489224
0.494828
0.499779
0.53285
0.468335
0.498621
0.487858
0.55396
0.556792
0.519031
0.545351
0.515595
0.546002
0.51453
0.464575
0.476003
0.481086
0.470847
0.487045
0.536845
0.498638
0.513791
0.512871
0.486335
0.516371
0.423801
0.504244
0.491295
0.449018
0.496599
0.477353
0.482497
0.524876
0.544319
0.447138
0.497677
0.487351
0.461494
0.47923
0.476589
0.475894
0.440269
0.503474
0.472469
0.490694
0.539219
0.553384
0.484297
0.555503
0.510143
0.485937
0.474223
0.53298
0.487214
0.526054
0.51453
0.526909
0.542854
0.530154
0.548521
0.505683
0.504721
0.563158
0.489689
0.551422
0.508161
0.493317
0.543559
0.499098
0.498527
0.45923
0.526566
0.470051
0.487718
0.463441
0.506353
0.504255
0.439323
0.546983
0.447856
0.465727
0.476749
0.489239
0.539564
0.515445
0.508693
0.507506
0.454304
0.496146
0.56635
0.510627
0.518962
0.473389
0.486725
0.481073
0.517474
0.497246
0.516413
0.459848
0.511503
0.479014
0.540249
0.488587
0.56314
0.477298
0.539172
0.503231
0.514034
0.497867
0.4317
0.493645
0.505306
0.511633
0.443382
0.513564
0.472629
0.565149
0.498604
0.505228
0.460851
0.517985
0.46912
0.473098
0.452537
0.54137
0.503692
0.541015
0.494795
0.552463
0.513204
0.477177
0.488773
0.488638
0.495634
0.461325
0.466194
0.476151
0.515249
0.528488
0.457314
0.527567
0.520406
0.543684
0.484659
0.512325
0.474336
0.541941
0.486938
0.504808
0.503272
0.458013
0.557496
0.524303
0.496317
0.510171
0.481676
0.451213
0.471403
0.472443
0.487481
0.523915
0.491738
0.479667
0.493895
0.480616
0.507106
0.499756
0.541248
0.500602
0.534388
0.517523
0.498001
0.439243
0.491694
0.524454
0.51831
0.431134
0.510472
0.498817
0.514773
0.525745
0.469968
0.480445
0.470701
0.479958
0.468417
0.554614
0.506319
0.56186
0.505334
0.459357
0.463247
0.490174
0.49929
0.440596
0.511655
0.503696
0.495534
0.489485
0.484456
0.515124
0.497851
0.486311
0.482913
0.533638
0.479015
0.525351
0.508042
0.51062
0.494228
0.515052
0.552172
0.432884
0.481911
0.477897
0.525062
0.497787
0.476217
0.434362
0.498912
0.474605
0.505659
0.505299
0.506689
0.436538
0.452205
0.52716
0.448098
0.477729
0.455235
0.474406
0.467606
0.479667
0.514722
0.483495
0.498881
0.431347
0.488016
0.472812
0.520019
0.487572
0.464612
0.532924
0.503937
0.459753
0.533265
0.501537
0.488309
0.483604
0.565838
0.487513
0.509417
0.538096
0.45225
0.51835
0.554293
0.500036
0.510905
0.485468
0.515528
0.49867
0.558974
0.481706
0.49312
0.534659
0.486907
0.475384
0.507742
0.517822
0.481542
0.465313
0.509794
0.508008
0.452204
0.541128
0.508627
0.483484
0.534145
0.503319
0.496309
0.471202
0.483723
0.557336
0.5503
0.523333
0.469676
0.516134
0.489425
0.434424
0.504881
0.475547
0.50751
0.533578
0.542963
0.506862
0.499058
0.486009
0.504135
0.480952
0.451345
0.528364
0.484636
0.538374
0.4973
0.482173
0.534157
0.559772
0.523561
0.499812
0.55561
0.500993
0.498061
0.507354
0.511635
0.527263
0.46154
0.528672
0.492201
0.530814
0.437339
0.505187
0.517696
0.526341
0.473869
0.495614
0.51186
0.538641
0.514112
0.510102
0.528956
0.51684
0.496548
0.513131
0.459537
0.509554
0.491859
0.519541
0.479196
0.455383
0.529819
0.478076
0.534669
0.473097
0.530702
0.476808
0.541662
0.525891
0.565625
0.524822
0.49879
0.414097
0.490172
0.52454
0.531987
0.520708
0.505688
0.479045
0.493772
0.514104
0.47261
0.468803
0.501744
0.522353
0.550218
0.482133
0.500682
0.473453
0.487176
0.473816
0.492619
0.465902
0.517239
0.496219
0.529275
0.513959
0.4545
0.487294
0.511213
0.471986
0.462553
0.509845
0.518103
0.472228
0.511947
0.446423
0.494463
0.500422
0.510312
0.47424
0.475252
0.5336
0.499513
0.514455
0.525694
0.484465
0.484233
0.510233
0.539705
0.476715
0.476339
0.507929
0.461296
0.475687
0.469421
0.515786
0.503332
0.508702
0.43786
0.534519
0.548019
0.509478
0.56483
0.534155
0.493497
0.510994
0.483571
0.521508
0.490903
0.441174
0.486344
0.52267
0.4663
0.52577
0.465419
0.484878
0.501823
0.492814
0.50048
0.502148
0.510437
0.523021
0.466824
0.519039
0.468667
0.510512
0.548722
0.486927
0.491688
0.478236
0.462323
0.57717
0.485135
0.532463
0.452475
0.465522
0.508027
0.520723
0.507835
0.532194
0.531162
0.507572
0.468648
0.481912
0.505366
0.512547
0.511559
0.498374
0.383972
0.514704
0.515857
0.47745
0.453907
0.488094
0.51549
0.463535
0.539748
0.532566
0.531262
0.503394
0.46514
0.504264
0.537561
0.431909
0.495936
0.490204
0.508014
0.464068
0.499446
0.531285
0.454417
0.457608
0.504165
0.508137
0.503346
0.520647
0.534343
0.474154
0.494801
0.52872
0.523802
0.530107
0.487271
0.515563
0.473341
0.484701
0.473581
0.502034
0.526125
0.485455
0.521917
0.467545
0.445432
0.464281
0.506385
0.51838
0.55912
0.46213
0.501484
0.47727
0.455204
0.497091
0.504877
0.488606
0.492908
0.500309
0.542822
0.563656
0.463576
0.544105
0.492646
0.500174
0.515798
0.516658
0.506637
0.500765
0.489161
0.477645
0.521725
0.534381
0.500956
0.479202
0.469327
0.485338
0.490255
0.506571
0.529737
0.444204
0.533707
0.462835
0.535432
0.474957
0.457445
0.51209
0.557662
0.432774
0.499463
0.465443
0.450718
0.486827
0.466852
0.564205
0.528229
0.552472
0.472267
0.48466
0.525883
0.537186
0.403989
0.538775
0.504937
0.474651
0.483973
0.485243
0.470888
0.521337
0.508248
0.485209
0.471697
0.499981
0.444042
0.507079
0.469913
0.534312
0.468016
0.514775
0.453103
0.509424
0.489971
0.543809
0.536937
0.49215
0.496411
0.519551
0.455322
0.575826
0.518337
0.442081
0.491945
0.523812
0.547641
0.461978
0.507614
0.526145
0.506478
0.461433
0.527759
0.50371
0.523996
0.495062
0.454477
0.544289
0.464788
0.48479
0.517495
0.474871
0.523457
0.483181
0.498415
0.434598
0.549646
0.499593
0.492641
0.512718
0.487935
0.483529
0.503329
0.525931
0.47696
0.479557
0.521768
0.54948
0.452133
0.498183
0.50854
0.526394
0.536347
0.527042
0.499855
0.539226
0.483032
0.516789
0.533426
0.448686
0.475934
0.526059
0.528252
0.533525
0.560006
0.51988
0.4827
0.516066
0.457775
0.5159
0.475252
0.487729
0.505557
0.452819
0.502293
0.518956
0.513908
0.435388
0.467308
0.487884
0.476676
0.490359
0.535882
0.512159
0.493029
0.487755
0.500855
0.49826
0.516837
0.511837
0.502026
0.492706
0.507788
0.496146
0.50477
0.489518
0.5486
0.486989
0.591941
0.458327
0.452717
0.479748
0.483452
0.487484
0.496855
0.452389
0.587887
0.426552
0.522779
0.47054
0.480531
0.522567
0.442681
0.468517
0.502193
0.574427
0.492542
0.480674
0.443194
0.46979
0.497838
0.497447
0.546896
0.448863
0.435982
0.540475
0.537145
0.459445
0.499871
0.491163
0.47401
0.497609
0.546903
0.497072
0.492183
0.528386
0.477855
0.4605
0.506423
0.470847
0.459989
0.483647
0.508412
0.49193
0.498755
0.51471
0.469411
0.533414
0.54248
0.499318
0.523069
0.506395
0.52441
0.48165
0.552786
0.50765
0.476471
0.529637
0.497981
0.502259
0.46915
0.4886
0.463661
0.506866
0.421836
0.537722
0.507645
0.497944
0.478032
0.533704
0.509843
0.469447
0.479779
0.526006
0.517936
0.474224
0.485699
0.49803
0.523858
0.503566
0.497007
0.428619
0.515437
0.479261
0.505874
0.468267
0.497585
0.432537
0.440531
0.454388
0.527394
0.514263
0.541464
0.520039
0.427533
0.520784
0.523093
0.460465
0.5123
0.499768
0.465305
0.501841
0.510729
0.490437
0.539212
0.506583
0.541098
0.502555
0.491518
0.51961
0.50124
0.488556
0.531859
0.509929
0.479013
0.513176
0.527501
0.531912
0.497314
0.474975
0.519761
0.500651
0.528009
0.434115
0.476539
0.465758
0.529151
0.520775
0.495321
0.477986
0.469869
0.528574
0.481042
0.553047
0.487294
0.477382
0.533172
0.477008
0.449902
0.549883
0.466407
0.507626
0.501649
0.516286
0.529346
0.476012
0.501273
0.501531
0.435506
0.512988
0.57113
0.47939
0.491081
0.514515
0.529959
0.557825
0.503796
0.510579
0.533924
0.50998
0.477241
0.491881
0.530332
0.52518
0.525059
0.478745
0.538387
0.464323
0.519366
0.516578
0.451362
0.464021
0.527765
0.532294
0.484563
0.503887
0.513349
0.536052
0.543452
0.481321
0.492054
0.512689
0.486324
0.50819
0.501735
0.457235
0.505889
0.49376
0.447355
0.468861
0.534146
0.518269
0.516644
0.497667
0.484929
0.541508
0.480619
0.46865
0.528492
0.450781
0.483324
0.467255
0.542503
0.502635
0.525182
0.490871
0.483841
0.482718
0.484322
0.490645
0.515546
0.438145
0.480255
0.478003
0.573323
0.506759
0.504288
0.50023
0.515953
0.497636
0.471032
0.509509
0.483995
0.457241
0.505396
0.489775
0.451162
0.465582
0.51943
0.47577
0.462728
0.456755
0.493397
0.498669
0.465359
0.508245
0.505451
0.512653
0.54273
0.463366
0.474291
0.526807
0.441309
0.531206
0.519169
0.526706
0.440687
0.528461
0.501628
0.490089
0.492814
0.467526
0.523342
0.450965
0.544535
0.525223
0.494434
0.48655
0.477788
0.526533
0.52665
0.511401
0.521847
0.497723
0.465759
0.493114
0.501972
0.493224
0.477558
0.513982
0.46886
0.500647
0.481853
0.482966
0.513258
0.498308
0.4988
0.442366
0.510112
0.539638
0.471965
0.473563
0.476646
0.508855
0.532495
0.556214
0.478713
0.472269
0.488767
0.525258
0.51983
0.489592
0.525883
0.540132
0.477239
0.519642
0.519407
0.48055
0.469397
0.474801
0.527688
0.563235
0.519248
0.508607
0.51718
0.473969
0.517665
0.53086
0.455101
0.489341
0.451429
0.53461
0.48383
0.552572
0.510132
0.499402
0.4514
0.457781
0.546364
0.515164
0.482476
0.547075
0.523564
0.481095
0.514181
0.524842
0.535925
0.503945
0.511157
0.543605
0.474696
0.510054
0.484223
0.505835
0.515294
0.505518
0.477013
0.526078
0.499565
0.478876
0.504973
0.517782
0.497602
0.470676
0.54108
0.4892
0.493466
0.514298
0.492663
0.482732
0.489203
0.472419
0.523716
0.472098
0.531532
0.493481
0.457043
0.461703
0.535564
0.492547
0.510652
0.502572
0.519943
0.490918
0.492743
0.479244
0.477782
0.518882
0.509668
0.471971
0.557753
0.485972
0.581264
0.53863
0.519732
0.503114
0.497889
0.430698
0.519349
0.501031
0.473587
0.497676
0.495835
0.509277
0.469712
0.474338
0.477532
0.530294
0.473414
0.475174
0.499447
0.502839
0.525355
0.430409
0.52722
0.539181
0.491024
0.497963
0.481882
0.520429
0.490033
0.495742
0.529782
0.504367
0.487767
0.548617
0.552054
0.460181
0.473758
0.484483
0.477996
0.504438
0.491172
0.453761
0.506746
0.492706
0.501762
0.506721
0.491622
0.52118
0.540687
0.52301
0.541502
0.502691
0.435549
0.487741
0.513619
0.521484
0.41404
0.508538
0.482149
0.541118
0.484566
0.497901
0.506966
0.529884
0.404224
0.545266
0.496936
0.498109
0.508508
0.513138
0.482126
0.531713
0.487115
0.481676
0.509307
0.536405
0.430239
0.536091
0.485122
0.456888
0.529704
0.511253
0.471291
0.475453
0.489343
0.517859
0.466243
0.534321
0.508962
0.514554
0.557522
0.496136
0.486299
0.440375
0.509379
0.536951
0.471326
0.51189
0.499884
0.486114
0.517282
0.419411
0.521974
0.527402
0.522812
0.506651
0.532777
0.535799
0.449583
0.488207
0.505608
0.504273
0.569753
0.519239
0.509011
0.494951
0.497666
0.48172
0.487203
0.509041
0.490159
0.501636
0.516326
0.479898
0.499837
0.511505
0.530853
0.433596
0.465708
0.532596
0.494536
0.531385
0.515546
0.531218
0.530281
0.498406
0.494354
0.483459
0.483295
0.463044
0.503311
0.502744
0.48192
0.541292
0.543568
0.514591
0.470492
0.520491
0.459271
0.532946
0.448622
0.496844
0.494197
0.522451
0.521269
0.51105
0.506355
0.481049
0.513981
0.516455
0.494954
0.477278
0.497667
0.504094
0.434088
0.496639
0.487297
0.508976
0.547531
0.511412
0.458889
0.512023
0.49901
0.488292
0.529156
0.512004
0.502331
0.448228
0.532201
0.501859
0.515731
0.482827
0.46763
0.503787
0.454837
0.491708
0.484445
0.477463
0.488603
0.505182
0.515116
0.465765
0.492596
0.536625
0.504183
0.512389
0.504018
0.468922
0.495786
0.555721
0.542829
0.499363
0.55447
0.493349
0.513339
0.56736
0.503672
0.541574
0.460673
0.529357
0.52624
0.474316
0.496443
0.525317
0.451369
0.495778
0.538042
0.521155
0.452332
0.511239
0.4359
0.531494
0.48937
0.490365
0.463111
0.517113
0.52213
0.537396
0.44177
0.511478
0.526017
0.502601
0.520432
0.460708
0.496832
0.449362
0.507031
0.54137
0.478086
0.461269
0.50167
0.500476
0.555343
0.483604
0.483627
0.562038
0.491991
0.513578
0.536967
0.514584
0.520794
0.503708
0.469141
0.503991
0.485616
0.502701
0.496924
0.496013
0.517686
0.518223
0.534098
0.542888
0.450772
0.495929
0.495221
0.528381
0.529658
0.50913
0.52989
0.515662
0.476275
0.51346
0.511847
0.502375
0.467881
0.500943
0.427322
0.517275
0.531655
0.547804
0.486968
0.502824
0.470078
0.460428
0.515789
0.518095
0.471486
0.46382
0.52541
0.506385
0.510162
0.476952
0.523079
0.451895
0.520341
0.529374
0.481775
0.559859
0.468512
0.493452
0.465792
0.544491
0.488376
0.496623
0.486175
0.509135
0.50286
0.518032
0.490392
0.502984
0.497533
0.493925
0.420597
0.478748
0.559817
0.516186
0.484884
0.545644
0.458371
0.488374
0.455888
0.512079
0.487007
0.493647
0.461113
0.432412
0.507525
0.528955
0.499369
0.512161
0.465843
0.509853
0.477685
0.476027
0.515786
0.530334
0.533073
0.523126
0.50492
0.472046
0.513522
0.493781
0.436804
0.467264
0.482603
0.52227
0.544028
0.479998
0.482035
0.539893
0.486423
0.509617
0.476625
0.452737
0.538803
0.511349
0.495921
0.558515
0.542634
0.518048
0.536977
0.516844
0.455988
0.507588
0.542592
0.507359
0.526161
0.470277
0.449406
0.530013
0.469335
0.540643
0.530222
0.471953
0.541659
0.507996
0.494932
0.535343
0.516115
0.440106
0.524424
0.530511
0.509553
0.464407
0.481836
0.528794
0.484267
0.511078
0.455547
0.469446
0.498488
0.52238
0.528267
0.475008
0.500166
0.522641
0.566604
0.46949
0.518417
0.543234
0.465488
0.523749
0.467015
0.516956
0.45182
0.452449
0.454297
0.516152
0.411729
0.506962
0.473863
0.508984
0.525805
0.548586
0.530432
0.518208
0.486682
0.506472
0.505251
0.516831
0.473358
0.524615
0.495417
0.515033
0.516609
0.452295
0.501481
0.502722
0.539889
0.492337
0.48773
0.522097
0.470079
0.481577
0.529504
0.544597
0.502469
0.427888
0.501929
0.466614
0.504335
0.508164
0.514445
0.528332
0.481505
0.521619
0.475491
0.500083
0.432274
0.492788
0.461743
0.490586
0.503042
0.458598
0.50626
0.501442
0.590066
0.473885
0.499922
0.482272
0.491683
0.509738
0.500535
0.500855
0.475388
0.509035
0.493981
0.472658
0.454143
0.543553
0.491773
0.52412
0.496287
0.497026
0.509416
0.50408
0.523423
0.508529
0.52992
0.487702
0.500666
0.480548
0.456863
0.497297
0.503609
0.556134
0.531366
0.514396
0.5664
0.509502
0.517363
0.48746
0.495296
0.454444
0.539529
0.489606
0.522069
0.454949
0.43826
0.550707
0.51164
0.482391
0.496059
0.50826
0.538321
0.513667
0.459719
0.511385
0.535031
0.46465
0.46267
0.502338
0.459864
0.553348
0.551867
0.529899
0.524393
0.497132
0.503595
0.439036
0.508071
0.568409
0.482563
0.491183
0.523112
0.49312
0.548667
0.549548
0.514224
0.506436
0.535791
0.493793
0.547579
0.440019
0.477026
0.488477
0.463371
0.545245
0.50068
0.519635
0.556371
0.476731
0.521451
0.523865
0.528818
0.550577
0.481147
0.534305
0.53005
0.451664
0.523315
0.477858
0.517236
0.494411
0.476165
0.468066
0.491584
0.511352
0.528162
0.517984
0.494404
0.523905
0.510655
0.497443
0.5274
0.479717
0.521922
0.489069
0.491567
0.48096
0.457009
0.547443
0.50906
0.537941
0.477733
0.485764
0.542425
0.472414
0.527229
0.524403
0.465556
0.504968
0.493404
0.485711
0.430747
0.500854
0.495697
0.489464
0.536239
0.458638
0.499491
0.443321
0.498604
0.546056
0.472572
0.482661
0.474369
0.507433
0.478005
0.514187
0.535235
0.467055
0.517802
0.497654
0.531285
0.50286
0.451746
0.470118
0.516533
0.484831
0.475772
0.467065
0.501211
0.542452
0.524252
0.504798
0.475157
0.495624
0.460573
0.488459
0.516677
0.473394
0.490387
0.550067
0.49127
0.494881
0.551894
0.500932
0.55457
0.52678
0.457545
0.522835
0.523901
0.541811
0.521538
0.452339
0.442807
0.502488
0.467478
0.442613
0.492932
0.504586
0.480573
0.537138
0.497638
0.474684
0.518756
0.529674
0.521712
0.54615
0.557091
0.484863
0.501569
0.51795
0.509846
0.473836
0.450292
0.550659
0.514609
0.509217
0.511911
0.504036
0.522818
0.513871
0.499286
0.460552
0.501085
0.467799
0.529958
0.529239
0.517679
0.527539
0.504364
0.484235
0.528561
0.542448
0.480781
0.492404
0.517324
0.51225
0.49136
0.5044
0.523431
0.520215
0.423659
0.473555
0.44312
0.526345
0.522009
0.486966
0.507339
0.504957
0.513125
0.523147
0.531113
0.511006
0.52031
0.450642
0.44869
0.499563
0.540643
0.461942
0.448858
0.50279
0.489516
0.477118
0.524801
0.488801
0.516906
0.551513
0.462873
0.546789
0.549743
0.531884
0.464663
0.502783
0.524762
0.515372
0.496724
0.520415
0.486207
0.505664
0.472342
0.51107
0.452762
0.490725
0.489727
0.497805
0.478089
0.466486
0.53099
0.497389
0.589339
0.560845
0.516283
0.494862
0.488022
0.492372
0.507492
0.524979
0.537602
0.488081
0.475831
0.474907
0.5122
0.474653
0.487738
0.502565
0.520766
0.51748
0.483431
0.504968
0.471119
0.471907
0.522509
0.530956
0.528199
0.521045
0.480968
0.512687
0.470937
0.48453
0.564002
0.470262
0.522096
0.52261
0.468984
0.463856
0.475463
0.479921
0.51297
0.497744
0.514781
0.513343
0.549136
0.490574
0.518769
0.548298
0.496493
0.506286
0.506633
0.457875
0.507275
0.510032
0.508425
0.479143
0.486368
0.513489
0.514632
0.501052
0.497151
0.493924
0.479365
0.468263
0.508132
0.511397
0.501534
0.485315
0.484748
0.498477
0.50837
0.505481
0.500703
0.476837
0.525676
0.5087
0.513234
0.565114
0.459185
0.532953
0.446649
0.502399
0.531395
0.553467
0.548549
0.481739
0.508254
0.444108
0.51308
0.468025
0.51008
0.525355
0.485605
0.53464
0.481081
0.453212
0.473169
0.513237
0.471849
0.453455
0.515122
0.491031
0.459218
0.525561
0.488296
0.509977
0.517843
0.51072
0.531081
0.502205
0.47788
0.558292
0.480812
0.516087
0.473157
0.495085
0.488805
0.497322
0.54418
0.54183
0.47744
0.499397
0.490387
0.491228
0.523666
0.537816
0.48599
0.521948
0.493286
0.512453
0.483805
0.52294
0.470416
0.48243
0.541431
0.492458
0.506486
0.507862
0.494158
0.516135
0.503145
0.442876
0.498983
0.468529
0.493475
0.51426
0.494096
0.462473
0.495856
0.520119
0.478226
0.530628
0.524881
0.512916
0.504215
0.533614
0.49368
0.431282
0.531196
0.479079
0.532041
0.504947
0.509742
0.506098
0.554697
0.497188
0.474379
0.459261
0.554147
0.469167
0.537824
0.436846
0.502401
0.520513
0.46132
0.497421
0.516012
0.520559
0.505461
0.519288
0.468776
0.554571
0.48586
0.507111
0.526468
0.519373
0.478052
0.530118
0.528002
0.522726
0.465998
0.496258
0.467378
0.460846
0.42857
0.516669
0.520791
0.518424
0.478382
0.454853
0.493287
0.485546
0.457362
0.474916
0.499335
0.495853
0.483416
0.553264
0.491685
0.49035
0.552575
0.488108
0.472895
0.551224
0.471
0.491181
0.493901
0.530037
0.461205
0.486016
0.484
0.454687
0.516895
0.477177
0.546625
0.429507
0.470772
0.474813
0.495286
0.54286
0.509704
0.478902
0.45405
0.516633
0.481617
0.577578
0.516944
0.471986
0.47849
0.493896
0.470638
0.455731
0.539832
0.535423
0.494805
0.491726
0.51101
0.471029
0.554516
0.501654
0.450806
0.459245
0.479049
0.499558
0.512579
0.46257
0.511495
0.504516
0.513403
0.492105
0.513528
0.545819
0.525558
0.466874
0.529713
0.57504
0.564755
0.482229
0.515732
0.489359
0.509461
0.501697
0.504902
0.510526
0.485697
0.506642
0.487359
0.523829
0.511701
0.46814
0.486283
0.521451
0.496808
0.535412
0.465533
0.464586
0.468944
0.515211
0.543085
0.478688
0.49509
0.496534
0.484625
0.506232
0.499103
0.525019
0.481688
0.511356
0.541267
0.511432
0.508714
0.520769
0.513945
0.458585
0.483392
0.465288
0.52771
0.481087
0.504669
0.456387
0.472331
0.502285
0.522807
0.492131
0.486986
0.492787
0.545849
0.456869
0.464079
0.524916
0.476878
0.479065
0.511034
0.457508
0.536443
0.491629
0.524448
0.545385
0.504524
0.47915
0.490964
0.497917
0.506417
0.496368
0.469254
0.471023
0.476907
0.5123
0.467481
0.456998
0.527104
0.464361
0.530607
0.506532
0.548327
0.506878
0.511938
0.507307
0.467401
0.498363
0.523269
0.523541
0.47774
0.461917
0.528006
0.500848
0.510606
0.503148
0.441646
0.480804
0.470901
0.479969
0.503979
0.459578
0.471875
0.478662
0.477399
0.535013
0.493132
0.520572
0.505694
0.466531
0.486296
0.493812
0.497681
0.472235
0.532718
0.474353
0.500084
0.507577
0.527603
0.540874
0.483998
0.479984
0.514924
0.447746
0.509351
0.473795
0.487503
0.470526
0.4817
0.459906
0.456637
0.528338
0.465769
0.514477
0.525632
0.457508
0.480087
0.511096
0.471637
0.480843
0.487103
0.480758
0.530136
0.496907
0.513154
0.484042
0.53649
0.543696
0.502665
0.499866
0.478881
0.531063
0.480948
0.485183
0.527066
0.526279
0.539985
0.470002
0.501278
0.497108
0.461557
0.482106
0.495682
0.486762
0.452111
0.475842
0.490742
0.475121
0.493722
0.519358
0.468874
0.50058
0.485537
0.534665
0.517775
0.506914
0.520074
0.52489
0.465785
0.489525
0.478747
0.483108
0.493668
0.515443
0.520997
0.477117
0.477187
0.491472
0.511397
0.484539
0.504836
0.484838
0.539115
0.432613
0.485125
0.500723
0.454108
0.447065
0.49777
0.441064
0.544406
0.494424
0.453184
0.478979
0.498895
0.492158
0.494622
0.503208
0.519935
0.50101
0.497383
0.466937
0.470216
0.493906
0.529409
0.475383
0.528219
0.505808
0.497694
0.506512
0.456647
0.488894
0.514843
0.539267
0.518218
0.547428
0.480185
0.453683
0.49318
0.536707
0.49979
0.537259
0.482938
0.540459
0.519788
0.501966
0.504149
0.441054
0.507348
0.506264
0.447679
0.43692
0.483697
0.456508
0.526782
0.511526
0.543557
0.522104
0.478889
0.488317
0.505377
0.528812
0.45537
0.475969
0.506724
0.444548
0.543655
0.50834
0.499218
0.502081
0.476074
0.493492
0.487385
0.562977
0.529815
0.486171
0.465797
0.457192
0.492345
0.478091
0.488883
0.492663
0.506696
0.490432
0.497775
0.44929
0.520975
0.492902
0.498575
0.481679
0.506475
0.463747
0.526412
0.495013
0.508771
0.465084
0.479663
0.498438
0.516164
0.607931
0.518715
0.500335
0.549857
0.501313
0.503648
0.539846
0.50023
0.519807
0.535203
0.50904
0.463598
0.503919
0.443416
0.540087
0.503823
0.477649
0.5483
0.461818
0.513148
0.477634
0.506938
0.510039
0.476644
0.478241
0.51136
0.505988
0.484627
0.516971
0.501605
0.527297
0.547432
0.504574
0.518302
0.515842
0.536919
0.554226
0.459183
0.466844
0.489074
0.464158
0.553883
0.533619
0.542098
0.478107
0.471396
0.522325
0.514343
0.507963
0.494591
0.501101
0.526479
0.492988
0.516127
0.457963
0.502263
0.499984
0.530166
0.461835
0.492289
0.518783
0.494254
0.49109
0.495091
0.507433
0.485738
0.483977
0.519971
0.441455
0.507103
0.545306
0.515935
0.461553
0.5046
0.493768
0.531106
0.464138
0.544533
0.524266
0.536988
0.519058
0.5316
0.499629
0.501964
0.548893
0.503636
0.486087
0.508391
0.494201
0.47716
0.526881
0.497679
0.469086
0.498074
0.468382
0.47772
0.491462
0.561918
0.503094
0.507048
0.492389
0.518031
0.533918
0.500099
0.498862
0.462001
0.504055
0.497955
0.524412
0.510795
0.476906
0.508937
0.50191
0.474913
0.490371
0.443425
0.532948
0.471968
0.439901
0.507289
0.48816
0.526056
0.524685
0.478292
0.462862
0.497289
0.501345
0.499847
0.522406
0.495873
0.509524
0.506506
0.481585
0.465098
0.503722
0.505548
0.5425
0.55762
0.505774
0.489052
0.505244
0.529412
0.50234
0.470814
0.555785
0.505753
0.471772
0.542503
0.465417
0.483634
0.534746
0.523412
0.476167
0.514954
0.473029
0.498194
0.506511
0.484882
0.460754
0.516946
0.441803
0.499766
0.52258
0.492023
0.463763
0.478947
0.43311
0.505962
0.463417
0.504872
0.501951
0.524873
0.491866
0.545871
0.528771
0.511693
0.543239
0.515977
0.502757
0.473664
0.494229
0.506157
0.460818
0.498415
0.514572
0.441338
0.518929
0.513026
0.522848
0.477597
0.470987
0.470439
0.491981
0.493897
0.47955
0.477602
0.538811
0.54273
0.542831
0.469719
0.48211
0.514059
0.502336
0.48497
0.463427
0.526921
0.495504
0.614094
0.525122
0.513077
0.497731
0.469194
0.53998
0.527069
0.538166
0.536148
0.506764
0.547077
0.493624
0.504997
0.456102
0.490937
0.475024
0.462694
0.501057
0.5017
0.520701
0.482565
0.516782
0.547109
0.490985
0.504893
0.443613
0.467367
0.538413
0.472965
0.50799
0.51557
0.497945
0.458986
0.545573
0.515178
0.531575
0.514204
0.46093
0.508911
0.471693
0.467658
0.548175
0.483426
0.487587
0.507893
0.556921
0.484165
0.479451
0.532028
0.507942
0.484743
0.51428
0.476557
0.432897
0.475256
0.468028
0.504255
0.542502
0.513869
0.48839
0.511554
0.467534
0.536085
0.462607
0.490781
0.497021
0.496042
0.53465
0.491624
0.508008
0.494235
0.476156
0.556192
0.471275
0.476022
0.485516
0.502069
0.497368
0.485302
0.529456
0.467704
0.487337
0.51773
0.551513
0.514547
0.47254
0.517851
0.491766
0.430275
0.517894
0.474519
0.472205
0.507502
0.552956
0.528994
0.482106
0.532344
0.565188
0.490065
0.507794
0.507209
0.519807
0.490602
0.491164
0.462193
0.520577
0.47989
0.531338
0.549452
0.495921
0.496133
0.523831
0.504933
0.514733
0.4835
0.481601
0.471824
0.486263
0.478085
0.522362
0.490119
0.538449
0.497159
0.476526
0.476649
0.499067
0.506084
0.48016
0.489982
0.484086
0.477278
0.507325
0.484535
0.517587
0.485583
0.51618
0.488299
0.517636
0.544436
0.493209
0.458545
0.522475
0.487197
0.459971
0.509873
0.491413
0.488025
0.436728
0.499001
0.524784
0.54666
0.517331
0.50065
0.497364
0.501513
0.469747
0.528908
0.499596
0.515402
0.48659
0.478453
0.491019
0.488345
0.55004
0.51
0.490274
0.491758
0.505522
0.554349
0.486047
0.508454
0.478514
0.509419
0.463342
0.492799
0.478876
0.544629
0.50945
0.505412
0.517053
0.527013
0.523987
0.496786
0.506541
0.533429
0.497381
0.504193
0.496992
0.453261
0.522185
0.496255
0.522323
0.535961
0.491581
0.549567
0.468213
0.457825
0.469458
0.481718
0.493359
0.542376
0.536444
0.465122
0.508866
0.488719
0.496248
0.475999
0.460148
0.482254
0.536711
0.462906
0.475715
0.452115
0.519921
0.469184
0.547215
0.499715
0.495781
0.543692
0.495114
0.472766
0.463396
0.58421
0.464389
0.489156
0.524657
0.527879
0.544597
0.545053
0.454399
0.513064
0.498716
0.501612
0.491505
0.567002
0.475106
0.544663
0.505336
0.503618
0.456993
0.501747
0.511849
0.485882
0.503832
0.470888
0.503801
0.497083
0.468928
0.515463
0.459386
0.475392
0.477693
0.56955
0.533704
0.526092
0.410919
0.498137
0.507423
0.485851
0.487424
0.476549
0.487018
0.493405
0.51047
0.513487
0.480948
0.471041
0.512304
0.542041
0.526164
0.531238
0.501221
0.503056
0.489313
0.482853
0.4555
0.535233
0.49701
0.491224
0.488609
0.506325
0.489559
0.476556
0.470039
0.499814
0.5125
0.524988
0.46615
0.52145
0.520348
0.486686
0.455404
0.500001
0.466906
0.48536
0.482352
0.506626
0.516531
0.513571
0.504759
0.517213
0.510708
0.4482
0.488244
0.482074
0.534341
0.520467
0.502792
0.507373
0.496095
0.534855
0.465541
0.44265
0.537205
0.531334
0.504188
0.538832
0.473093
0.485244
0.455422
0.461087
0.442188
0.489226
0.462726
0.480919
0.47632
0.471561
0.457946
0.491854
0.507054
0.495308
0.520998
0.483115
0.54236
0.522604
0.482079
0.515644
0.48796
0.498504
0.460763
0.514854
0.49777
0.478737
0.51636
0.514488
0.49777
0.55576
0.503908
0.525948
0.517707
0.467465
0.490178
0.487489
0.494995
0.472942
0.484056
0.467634
0.475179
0.489645
0.48569
0.48719
0.503359
0.516355
0.468777
0.554252
0.490924
0.476312
0.530346
0.446554
0.471992
0.48488
0.452442
0.495545
0.533914
0.476139
0.530055
0.52658
0.516239
0.462752
0.469694
0.47958
0.552482
0.483517
0.502966
0.534544
0.489107
0.492945
0.47954
0.496301
0.546073
0.477262
0.523876
0.542853
0.483327
0.541197
0.480079
0.521704
0.517626
0.489942
0.489269
0.53854
0.534046
0.490648
0.523841
0.452636
0.516574
0.497839
0.492971
0.483371
0.50214
0.547115
0.513769
0.512217
0.472473
0.501525
0.472434
0.504585
0.528157
0.524978
0.479804
0.465896
0.489254
0.50707
0.455649
0.566258
0.476881
0.513705
0.496117
0.458121
0.500103
0.527876
0.478675
0.531285
0.512525
0.484993
0.498948
0.569639
0.48296
0.407126
0.513804
0.553997
0.484541
0.470536
0.485084
0.485422
0.486653
0.450873
0.468338
0.453396
0.514066
0.460418
0.480949
0.493219
0.507643
0.501739
0.454007
0.497018
0.490985
0.542136
0.502332
0.492726
0.557411
0.483253
0.476995
0.475421
0.511622
0.530236
0.48473
0.515389
0.450452
0.4648
0.458603
0.467296
0.497052
0.466589
0.464319
0.474829
0.472909
0.507207
0.516535
0.505204
0.472049
0.45128
0.509556
0.55789
0.491826
0.468947
0.506802
0.471942
0.484645
0.524129
0.443394
0.466315
0.49502
0.502972
0.466262
0.497525
0.46632
0.506832
0.476131
0.519045
0.541591
0.464167
0.515773
0.5168
0.532824
0.535732
0.498885
0.535145
0.473046
0.49743
0.543985
0.507688
0.49561
0.495211
0.517686
0.507353
0.465053
0.526382
0.53174
0.470038
0.483905
0.42171
0.518201
0.476255
0.479818
0.532694
0.517114
0.515122
0.497395
0.498371
0.521077
0.505085
0.509089
0.466046
0.511072
0.525742
0.489548
0.550307
0.527918
0.525148
0.517784
0.514707
0.503752
0.54697
0.481545
0.520493
0.517877
0.441873
0.478244
0.516741
0.471379
0.46751
0.536853
0.496289
0.52488
0.511487
0.515108
0.471836
0.463792
0.501685
0.536413
0.506579
0.49547
0.50831
0.480821
0.473765
0.512609
0.482048
0.534455
0.489541
0.477285
0.462689
0.491759
0.473462
0.500006
0.522622
0.504939
0.511044
0.478146
0.489539
0.474981
0.512732
0.468133
0.512759
0.538617
0.47366
0.545785
0.497522
0.515609
0.468578
0.469142
0.481633
0.500731
0.506314
0.538191
0.508846
0.504829
0.538161
0.475849
0.493343
0.509321
0.514548
0.454578
0.499692
0.438523
0.504379
0.493017
0.512661
0.48417
0.501416
0.496987
0.48126
0.496515
0.562073
0.499267
0.491385
0.496366
0.499004
0.502501
0.541445
0.472455
0.514859
0.509611
0.465333
0.468496
0.530573
0.496099
0.537139
0.474321
0.502582
0.51861
0.551952
0.415459
0.423324
0.484123
0.467153
0.495543
0.489401
0.53416
0.488554
0.435907
0.461796
0.488375
0.475769
0.526761
0.542491
0.501901
0.541184
0.51431
0.501885
0.48084
0.476913
0.538199
0.501376
0.530251
0.4741
0.473648
0.505483
0.499033
0.488956
0.50267
0.577885
0.476063
0.459892
0.438725
0.54575
0.491969
0.480139
0.549205
0.536732
0.480914
0.570214
0.47011
0.503006
0.456761
0.50462
0.457301
0.506723
0.478008
0.457148
0.5087
0.501252
0.515842
0.489155
0.501807
0.492588
0.449717
0.505195
0.470917
0.525309
0.524809
0.480389
0.518417
0.487436
0.455733
0.483882
0.494516
0.508593
0.430897
0.47279
0.549807
0.495833
0.48186
0.501
0.505028
0.511502
0.462078
0.517191
0.522384
0.497516
0.499415
0.49647
0.482829
0.450438
0.496777
0.529971
0.543662
0.491714
0.545268
0.496827
0.480824
0.50745
0.514222
0.512851
0.480267
0.532112
0.522499
0.480335
0.512768
0.520505
0.515416
0.473319
0.476568
0.49243
0.531684
0.522719
0.532204
0.474375
0.544734
0.435681
0.493923
0.432625
0.532801
0.463536
0.462028
0.502162
0.482142
0.512737
0.470563
0.455729
0.487766
0.533152
0.474681
0.50744
0.486046
0.488077
0.542092
0.4553
0.543593
0.490363
0.542961
0.517021
0.486763
0.48901
0.452617
0.503502
0.456176
0.510628
0.49147
0.514351
0.500617
0.520111
0.496497
0.509818
0.504701
0.494932
0.508673
0.523528
0.444664
0.497397
0.530726
0.550373
0.496677
0.489273
0.48959
0.503946
0.442033
0.483125
0.507931
0.517895
0.503599
0.544775
0.499115
0.465562
0.447902
0.541221
0.470004
0.482294
0.537227
0.468427
0.53595
0.494791
0.496094
0.483326
0.482354
0.49187
0.516501
0.53444
0.497178
0.511024
0.466297
0.525469
0.488782
0.535142
0.51507
0.49624
0.533447
0.483772
0.491913
0.485375
0.496987
0.513304
0.529456
0.439077
0.514789
0.450434
0.548528
0.520381
0.514693
0.513307
0.487834
0.493265
0.487059
0.474691
0.463009
0.50599
0.476404
0.501568
0.539442
0.53804
0.499
0.485523
0.523225
0.525045
0.500777
0.518293
0.494619
0.506052
0.509936
0.496856
0.478397
0.487529
0.528629
0.492442
0.485458
0.468473
0.508086
0.517827
0.510064
0.500991
0.481564
0.527304
0.517096
0.52074
0.509501
0.48368
0.513686
0.501593
0.511226
0.486706
0.509619
0.46891
0.477635
0.487282
0.46086
0.445786
0.489176
0.511843
0.500599
0.506653
0.493534
0.50127
0.492171
0.452611
0.497395
0.478734
0.46825
0.542863
0.536648
0.500816
0.450661
0.556625
0.519414
0.526304
0.465216
0.519894
0.456274
0.547024
0.515927
0.471444
0.492064
0.525089
0.522979
0.502422
0.433623
0.510944
0.488842
0.483927
0.517857
0.486568
0.55689
0.476936
0.474507
0.518222
0.476902
0.498969
0.467986
0.523116
0.481831
0.521845
0.482658
0.504362
0.480198
0.524928
0.555954
0.528591
0.458502
0.478219
0.503665
0.460622
0.468012
0.499677
0.521828
0.549534
0.530323
0.46115
0.499541
0.540537
0.476039
0.497276
0.507116
0.467005
0.500975
0.501741
0.443914
0.477054
0.524235
0.52527
0.480269
0.509033
0.512555
0.509714
0.517842
0.500307
0.535284
0.52262
0.462812
0.523705
0.464362
0.506653
0.506253
0.53601
0.523701
0.468248
0.506093
0.512865
0.542306
0.559862
0.515011
0.474472
0.48555
0.510211
0.468663
0.506449
0.528942
0.536854
0.518604
0.480243
0.548792
0.465507
0.49428
0.48744
0.504128
0.510463
0.498466
0.552383
0.504254
0.510491
0.520533
0.497447
0.486311
0.474582
0.501908
0.495356
0.40723
0.471932
0.478102
0.522917
0.494437
0.510523
0.481693
0.470545
0.5197
0.468685
0.520627
0.451957
0.470481
0.524009
0.556217
0.5084
0.493175
0.523992
0.535217
0.4718
0.48261
0.462781
0.500335
0.521203
0.552175
0.488403
0.523578
0.456878
0.528966
0.504838
0.506791
0.496464
0.548316
0.53333
0.473763
0.477533
0.512077
0.527298
0.528289
0.480939
0.485043
0.495222
0.46255
0.479344
0.553885
0.485889
0.480185
0.515272
0.452966
0.470361
0.518448
0.503089
0.511414
0.505055
0.533798
0.459266
0.515839
0.500291
0.495322
0.515318
0.513048
0.488701
0.510352
0.517774
0.497154
0.507864
0.476649
0.479568
0.535441
0.501547
0.485544
0.47722
0.487362
0.503918
0.510391
0.518186
0.471053
0.461121
0.474729
0.482741
0.491722
0.524574
0.504503
0.494789
0.536308
0.490371
0.528743
0.475956
0.548769
0.509164
0.483059
0.517348
0.53038
0.490899
0.500336
0.473359
0.449416
0.488778
0.543002
0.481886
0.484598
0.476827
0.51124
0.485339
0.476669
0.45544
0.521527
0.516816
0.482484
0.499281
0.449864
0.515822
0.525981
0.471909
0.454082
0.477896
0.490412
0.521508
0.4796
0.542541
0.516216
0.4921
0.452995
0.513807
0.51889
0.504606
0.487775
0.447927
0.531254
0.512138
0.456726
0.49236
0.48447
0.503894
0.515204
0.470631
0.532204
0.462031
0.509748
0.477332
0.512284
0.465894
0.546392
0.487666
0.510258
0.487969
0.433048
0.475913
0.499201
0.495946
0.450341
0.517174
0.490159
0.535251
0.545256
0.516795
0.50761
0.506444
0.561994
0.561822
0.464298
0.441833
0.554394
0.488875
0.529834
0.5057
0.494302
0.472818
0.457435
0.502502
0.510262
0.550586
0.513161
0.457428
0.50091
0.494559
0.532049
0.483679
0.517432
0.509852
0.525501
0.50086
0.479476
0.539894
0.494306
0.508842
0.438881
0.514672
0.501674
0.491482
0.51561
0.49602
0.550656
0.494574
0.480245
0.484323
0.510319
0.522395
0.45744
0.501004
0.535059
0.51724
0.414692
0.511193
0.481425
0.476302
0.540803
0.51092
0.516825
0.450287
0.528429
0.473237
0.494494
0.508125
0.505058
0.467622
0.469092
0.542169
0.456828
0.567056
0.507321
0.508237
0.529529
0.427137
0.517917
0.484894
0.511182
0.471607
0.515407
0.516326
0.530568
0.49868
0.522002
0.493201
0.536077
0.502528
0.521992
0.535882
0.49925
0.514306
0.513039
0.504361
0.537401
0.497101
0.528714
0.469311
0.489682
0.459168
0.496682
0.5186
0.460969
0.529828
0.506891
0.493672
0.467949
0.502417
0.504144
0.500148
0.501775
0.50864
0.529435
0.487036
0.521675
0.498721
0.544417
0.538916
0.493873
0.521724
0.493381
0.505478
0.430218
0.540405
0.54712
0.482794
0.550877
0.494986
0.49305
0.510686
0.505482
0.510222
0.525971
0.550577
0.477092
0.510126
0.483832
0.488198
0.523358
0.544744
0.532883
0.525515
0.539261
0.453344
0.516593
0.506269
0.50579
0.478386
0.512687
0.519486
0.458952
0.514676
0.532713
0.525351
0.503467
0.458043
0.488476
0.527798
0.505552
0.507946
0.499743
0.528214
0.499134
0.428362
0.517579
0.494613
0.499901
0.541347
0.48769
0.540673
0.471537
0.487636
0.498157
0.548994
0.538542
0.548652
0.505924
0.472961
0.479986
0.54432
0.486424
0.461587
0.5086
0.471036
0.490714
0.491708
0.529547
0.474178
0.474495
0.511911
0.473284
0.539541
0.533389
0.502558
0.486855
0.47805
0.498857
0.516293
0.478017
0.478152
0.449119
0.463403
0.516557
0.490242
0.519465
0.446408
0.427185
0.487505
0.516325
0.54825
0.458375
0.497552
0.479466
0.468464
0.451521
0.539218
0.546713
0.481703
0.5348
0.538906
0.485542
0.492991
0.5061
0.530844
0.515936
0.514078
0.519403
0.505632
0.548884
0.515274
0.528976
0.521457
0.474874
0.477141
0.475778
0.482351
0.476789
0.476401
0.520426
0.467856
0.501546
0.490468
0.507109
0.508495
0.514882
0.514936
0.492834
0.461394
0.503643
0.508436
0.456357
0.500454
0.52996
0.499217
0.541193
0.495436
0.471686
0.49783
0.457076
0.49434
0.463466
0.490288
0.504231
0.503441
0.512815
0.556085
0.524855
0.529382
0.485586
0.495441
0.506164
0.487666
0.535192
0.530146
0.539385
0.501949
0.469968
0.532394
0.529076
0.558498
0.483039
0.505957
0.457143
0.520186
0.509073
0.504094
0.505921
0.49441
0.442296
0.518569
0.454715
0.599289
0.490141
0.454136
0.44415
0.542542
0.496905
0.482884
0.512732
0.517394
0.491793
0.542815
0.509966
0.509907
0.54572
0.555012
0.500436
0.542097
0.49125
0.533803
0.553197
0.475222
0.480041
0.494261
0.510871
0.487602
0.472181
0.491447
0.532808
0.501365
0.481773
0.485746
0.5067
0.512481
0.463171
0.438692
0.533019
0.548456
0.492209
0.553632
0.536642
0.478075
0.506825
0.435635
0.550063
0.517558
0.521441
0.524991
0.492539
0.477508
0.469481
0.518697
0.489566
0.485018
0.518393
0.524292
0.517048
0.505333
0.521563
0.490422
0.474544
0.457414
0.501482
0.548511
0.491954
0.487801
0.508551
0.499904
0.474036
0.48714
0.549898
0.502871
0.467112
0.523752
0.512576
0.503836
0.502355
0.558613
0.48552
0.477205
0.550012
0.526134
0.464643
0.518184
0.518965
0.505099
0.555441
0.522939
0.50597
0.474149
0.507479
0.50049
0.468985
0.456177
0.565138
0.480708
0.46894
0.51602
0.479001
0.49279
0.564319
0.485813
0.512246
0.52859
0.46296
0.512385
0.486418
0.495172
0.505405
0.53107
0.530973
0.520974
0.464214
0.480313
0.520947
0.539946
0.463594
0.551436
0.517135
0.448041
0.533723
0.467951
0.503163
0.496442
0.534155
0.528784
0.493811
0.475881
0.52066
0.439793
0.508972
0.566442
0.469901
0.51795
0.537628
0.497225
0.476292
0.472569
0.536202
0.510223
0.535443
0.52794
0.475674
0.512815
0.478543
0.481767
0.531832
0.493233
0.472068
0.523761
0.453029
0.453383
0.517187
0.498778
0.549832
0.513394
0.57324
0.488876
0.510924
0.47227
0.469662
0.488659
0.549641
0.509024
0.49073
0.448288
0.535526
0.50866
0.507509
0.538534
0.535257
0.437388
0.511367
0.472244
0.537347
0.511441
0.523441
0.476605
0.514965
0.493871
0.51442
0.460564
0.47128
0.543696
0.499032
0.491801
0.501679
0.461781
0.509596
0.567602
0.427254
0.487814
0.493029
0.454044
0.533916
0.492771
0.49567
0.527823
0.501523
0.501225
0.450299
0.505144
0.497392
0.50789
0.499738
0.512011
0.538571
0.492764
0.531388
0.540317
0.497244
0.449257
0.527097
0.474098
0.503648
0.499661
0.482716
0.500327
0.500876
0.442362
0.451742
0.468623
0.455932
0.455147
0.49739
0.454257
0.441432
0.528991
0.477502
0.548812
0.462307
0.496698
0.536645
0.5129
0.521892
0.460773
0.479785
0.465281
0.491777
0.454893
0.491908
0.522781
0.529792
0.50336
0.517962
0.525373
0.480499
0.502903
0.447494
0.510799
0.512573
0.521219
0.478366
0.473108
0.477441
0.516602
0.503913
0.499491
0.503553
0.453065
0.507923
0.499769
0.480669
0.505306
0.501817
0.472935
0.508522
0.477907
0.488402
0.465104
0.504251
0.483134
0.536564
0.523259
0.522962
0.471721
0.491295
0.49916
0.495799
0.500997
0.543406
0.537792
0.4799
0.484754
0.463319
0.504737
0.504619
0.449208
0.493306
0.546827
0.518372
0.449445
0.462545
0.510471
0.500503
0.50072
0.46938
0.472018
0.532525
0.468978
0.485149
0.514539
0.503133
0.50499
0.50396
0.505397
0.531338
0.526455
0.492791
0.538989
0.46212
0.492464
0.516286
0.469019
0.498964
0.464693
0.50062
0.474698
0.537656
0.529692
0.460819
0.475228
0.44571
0.446657
0.505897
0.486953
0.491807
0.475061
0.506187
0.497553
0.489625
0.546501
0.507253
0.471654
0.500415
0.515161
0.484742
0.512226
0.508728
0.461247
0.474563
0.50215
0.485636
0.451773
0.512759
0.530325
0.433852
0.503085
0.519453
0.52669
0.449097
0.459478
0.541245
0.490542
0.512115
0.522297
0.516424
0.506509
0.515683
0.543895
0.447383
0.512578
0.52102
0.510807
0.454606
0.494529
0.487943
0.500545
0.526597
0.481162
0.463171
0.496356
0.530138
0.444693
0.511126
0.504339
0.45524
0.550691
0.501627
0.527299
0.499169
0.431923
0.48884
0.539687
0.453914
0.470502
0.445867
0.508036
0.541486
0.472695
0.509336
0.511237
0.521405
0.480767
0.478389
0.535055
0.494767
0.506251
0.422417
0.505238
0.499252
0.509005
0.521936
0.483612
0.489459
0.586428
0.476972
0.451526
0.536937
0.517232
0.527334
0.525027
0.524284
0.494113
0.479137
0.526138
0.5077
0.469728
0.471971
0.534613
0.44236
0.510325
0.521075
0.554549
0.494979
0.471427
0.538891
0.480221
0.51796
0.47992
0.47039
0.49553
0.479476
0.496941
0.506517
0.481418
0.483887
0.525925
0.490159
0.515643
0.486847
0.5302
0.448993
0.519285
0.50948
0.534491
0.499591
0.474348
0.526017
0.56472
0.477163
0.526845
0.529238
0.480474
0.54531
0.489739
0.448124
0.584501
0.450162
0.500108
0.462075
0.473643
0.503269
0.474913
0.486078
0.53554
0.497639
0.469749
0.481197
0.595513
0.511276
0.514949
0.514757
0.447979
0.532606
0.493409
0.524607
0.456792
0.512162
0.454528
0.471821
0.508868
0.524906
0.478616
0.46623
0.525475
0.507559
0.506164
0.509149
0.495568
0.485314
0.436337
0.507669
0.555539
0.462313
0.479072
0.49491
0.519758
0.470255
0.535153
0.500581
0.486279
0.469515
0.478648
0.496249
0.482089
0.51715
0.526059
0.529678
0.512266
0.476161
0.51659
0.552606
0.497444
0.500393
0.547886
0.52636
0.533923
0.48944
0.501628
0.529654
0.610838
0.457943
0.473355
0.522965
0.478734
0.523637
0.520891
0.513862
0.513934
0.508545
0.51575
0.537645
0.513075
0.517671
0.541892
0.467693
0.512184
0.539583
0.546215
0.519874
0.51467
0.483255
0.525141
0.485412
0.492604
0.545544
0.501685
0.476569
0.505671
0.523676
0.497381
0.48953
0.52216
0.497118
0.533429
0.528851
0.536366
0.543208
0.505453
0.517868
0.556792
0.490921
0.57623
0.449416
0.499507
0.477146
0.470781
0.48125
0.551055
0.509841
0.478182
0.540541
0.53527
0.472461
0.494486
0.511815
0.49839
0.484007
0.521116
0.462714
0.446833
0.489092
0.47312
0.491959
0.502014
0.51239
0.471649
0.463881
0.506582
0.521846
0.465035
0.463901
0.486441
0.565021
0.492859
0.509331
0.482945
0.51294
0.497361
0.499873
0.469626
0.515838
0.486586
0.492193
0.527844
0.525154
0.493627
0.502935
0.47573
0.516162
0.486355
0.514567
0.474781
0.505619
0.521993
0.458415
0.548518
0.468788
0.440926
0.469277
0.517539
0.440227
0.534113
0.465976
0.455377
0.51271
0.498472
0.482247
0.519516
0.498661
0.524626
0.512306
0.471954
0.488467
0.501374
0.485507
0.533679
0.480057
0.521264
0.394432
0.477434
0.534113
0.481648
0.520817
0.53315
0.51929
0.48559
0.483662
0.500423
0.481819
0.576996
0.553923
0.542404
0.493877
0.444361
0.480149
0.515476
0.525085
0.487479
0.499435
0.529108
0.511518
0.481518
0.508084
0.460235
0.476599
0.492818
0.486328
0.506571
0.508252
0.500793
0.501508
0.473198
0.556696
0.470317
0.454069
0.52683
0.53724
0.498951
0.450755
0.492115
0.522467
0.513415
0.509374
0.534353
0.508178
0.539649
0.499516
0.563004
0.47747
0.460861
0.513584
0.510368
0.527326
0.527925
0.522532
0.499797
0.462083
0.48651
0.490666
0.507827
0.468171
0.47531
0.443904
0.484605
0.484474
0.459752
0.495844
0.556976
0.442712
0.465565
0.45604
0.478615
0.512198
0.536562
0.504848
0.491572
0.453364
0.481044
0.429216
0.503609
0.424417
0.52117
0.533798
0.525705
0.5155
0.519682
0.501767
0.484102
0.544749
0.518365
0.429699
0.491261
0.440601
0.502603
0.510904
0.480118
0.484738
0.506419
0.431578
0.505999
0.510047
0.482364
0.504155
0.460579
0.447953
0.490638
0.502229
0.502257
0.449525
0.481812
0.501426
0.527322
0.464707
0.477532
0.470595
0.566285
0.464061
0.523572
0.577697
0.48975
0.507403
0.47962
0.474769
0.498202
0.513681
0.530163
0.536333
0.50009
0.466509
0.440854
0.515625
0.502571
0.439694
0.464732
0.503028
0.459296
0.527155
0.452666
0.451068
0.479614
0.511602
0.472414
0.470367
0.513564
0.496349
0.450645
0.470912
0.477036
0.484634
0.522327
0.453021
0.501472
0.52083
0.521836
0.502385
0.572482
0.487906
0.530176
0.513555
0.541754
0.485536
0.572666
0.456254
0.506624
0.473203
0.441495
0.508878
0.481693
0.462702
0.537493
0.483582
0.456858
0.48439
0.46551
0.4973
0.526135
0.511582
0.487779
0.513101
0.491642
0.517446
0.499622
0.496228
0.547136
0.578794
0.481894
0.48922
0.49545
0.501123
0.544523
0.510477
0.514232
0.549294
0.505536
0.490649
0.53435
0.508228
0.509932
0.501216
0.505329
0.517972
0.502786
0.529652
0.462215
0.477538
0.480957
0.475527
0.518223
0.511871
0.517776
0.55193
0.467553
0.506327
0.485084
0.4866
0.452745
0.493038
0.556998
0.537116
0.510958
0.513531
0.509786
0.484547
0.483527
0.501992
0.552218
0.499911
0.493199
0.463528
0.490765
0.487843
0.513399
0.551823
0.524035
0.491829
0.48392
0.480549
0.510809
0.465389
0.517401
0.482913
0.516052
0.473582
0.450972
0.453713
0.439283
0.559207
0.487436
0.468282
0.499674
0.49808
0.480373
0.492686
0.492242
0.507752
0.51753
0.539562
0.509536
0.544056
0.486883
0.493963
0.573164
0.54985
0.519732
0.533589
0.579553
0.540326
0.455216
0.507778
0.524316
0.499272
0.500625
0.48963
0.459591
0.490658
0.531867
0.475642
0.43874
0.549914
0.53848
0.487227
0.532771
0.489284
0.467568
0.468495
0.512866
0.471622
0.481015
0.504667
0.48339
0.517019
0.530373
0.515498
0.499748
0.516623
0.513792
0.478084
0.495475
0.448024
0.47936
0.503435
0.492928
0.4866
0.489238
0.541175
0.471955
0.537174
0.548963
0.536754
0.500921
0.480374
0.516285
0.535549
0.48446
0.548066
0.503929
0.498219
0.55233
0.532227
0.49064
0.521699
0.473749
0.491648
0.494899
0.470201
0.501582
0.510835
0.435679
0.4706
0.480758
0.53547
0.484614
0.466583
0.49529
0.528838
0.493965
0.455927
0.508273
0.49356
0.524745
0.475295
0.49924
0.513032
0.529391
0.516905
0.453234
0.516932
0.523349
0.511473
0.496004
0.465179
0.46995
0.531778
0.499656
0.534708
0.532952
0.491245
0.483179
0.483451
0.501127
0.501909
0.532181
0.465877
0.429254
0.466138
0.512245
0.474495
0.519918
0.506497
0.470251
0.501667
0.530459
0.498113
0.488057
0.466124
0.499475
0.477931
0.532909
0.528552
0.507233
0.525225
0.538954
0.56063
0.524373
0.467752
0.534226
0.48188
0.453282
0.447905
0.507497
0.528728
0.486503
0.523258
0.509346
0.480123
0.496563
0.455871
0.511834
0.474117
0.471593
0.524722
0.501163
0.509756
0.51111
0.515662
0.497682
0.478676
0.516348
0.473239
0.507623
0.520764
0.499493
0.478797
0.550944
0.518274
0.456222
0.519197
0.499646
0.452761
0.475899
0.490559
0.500945
0.479213
0.503812
0.531377
0.509676
0.491753
0.539834
0.449404
0.524293
0.515294
0.50787
0.466668
0.510857
0.46751
0.480463
0.486995
0.549369
0.525507
0.512955
0.470422
0.486834
0.541568
0.481554
0.498864
0.501435
0.512344
0.479697
0.48742
0.522174
0.465864
0.477071
0.49569
0.548376
0.500745
0.51569
0.49347
0.473417
0.471978
0.497372
0.515215
0.497059
0.497656
0.527015
0.497629
0.510755
0.511022
0.486041
0.504773
0.500322
0.502225
0.500377
0.49505
0.510326
0.504136
0.517349
0.494454
0.494586
0.516618
0.475878
0.520454
0.507143
0.503617
0.44433
0.510884
0.478092
0.497453
0.470412
0.452224
0.528639
0.454675
0.517488
0.481634
0.569762
0.507873
0.521678
0.507129
0.538849
0.477806
0.52413
0.440259
0.558691
0.480231
0.482829
0.475673
0.533204
0.511801
0.498321
0.531951
0.454252
0.51941
0.517736
0.488061
0.473956
0.537367
0.501464
0.49983
0.556841
0.506758
0.476885
0.5108
0.536232
0.501386
0.483507
0.531845
0.469233
0.504658
0.493895
0.483919
0.534704
0.50179
0.494774
0.528317
0.448573
0.501716
0.492661
0.548817
0.520892
0.523064
0.508422
0.54009
0.478987
0.518579
0.52512
0.496733
0.511089
0.492373
0.553521
0.517321
0.52482
0.504371
0.469651
0.497842
0.504907
0.52632
0.54876
0.508887
0.514498
0.493763
0.450085
0.51098
0.504456
0.518317
0.476776
0.502418
0.535013
0.514661
0.475358
0.493989
0.494142
0.486591
0.509116
0.54496
0.497041
0.506522
0.49977
0.554688
0.551092
0.442814
0.571812
0.474254
0.520673
0.489295
0.473887
0.502469
0.476202
0.451353
0.54159
0.480649
0.53178
0.462983
0.466053
0.48052
0.485817
0.499148
0.4827
0.519635
0.509003
0.52784
0.524539
0.528674
0.444024
0.536217
0.504374
0.525004
0.531361
0.515181
0.480306
0.526875
0.425583
0.496782
0.468903
0.512628
0.496489
0.498823
0.480405
0.46928
0.419473
0.491024
0.510349
0.514877
0.479502
0.527153
0.511988
0.458977
0.473066
0.517458
0.493869
0.545646
0.482483
0.475816
0.496958
0.483334
0.526932
0.505939
0.545678
0.496018
0.484592
0.491034
0.547236
0.49997
0.510257
0.501287
0.503624
0.480547
0.522806
0.523539
0.490651
0.533352
0.506899
0.497541
0.488399
0.484168
0.493281
0.573148
0.487464
0.492015
0.502059
0.502841
0.495367
0.479729
0.503338
0.543946
0.527506
0.446411
0.479581
0.534923
0.48702
0.486152
0.544076
0.520104
0.527951
0.517379
0.499878
0.467252
0.546063
0.477218
0.47361
0.512321
0.491708
0.535242
0.518484
0.445777
0.489112
0.500974
0.460933
0.494886
0.49644
0.43953
0.485221
0.556303
0.531036
0.489769
0.530402
0.533374
0.484205
0.499325
0.49401
0.482499
0.459903
0.48091
0.536852
0.452953
0.511727
0.524234
0.513285
0.504521
0.502566
0.527952
0.501333
0.527333
0.491292
0.505984
0.43705
0.488271
0.52087
0.462601
0.477471
0.478325
0.53226
0.460644
0.506552
0.49527
0.528479
0.527252
0.488457
0.516037
0.443214
0.501476
0.512578
0.483164
0.508337
0.458148
0.484658
0.499685
0.524726
0.502398
0.488385
0.476849
0.500743
0.509162
0.501855
0.459033
0.472753
0.47209
0.493245
0.510227
0.502063
0.506207
0.560105
0.536464
0.492652
0.488709
0.476621
0.468581
0.544059
0.472271
0.54323
0.569665
0.513826
0.535239
0.47297
0.471581
0.523843
0.483078
0.458926
0.464944
0.504993
0.505461
0.507162
0.50691
0.51446
0.493366
0.489502
0.491171
0.520077
0.500552
0.470537
0.464516
0.486093
0.563803
0.513243
0.494343
0.494729
0.536303
0.487572
0.491492
0.517898
0.468519
0.486398
0.502776
0.50347
0.49097
0.463188
0.48758
0.460452
0.483261
0.505788
0.492916
0.467458
0.473742
0.54067
0.481293
0.498843
0.554185
0.522049
0.495785
0.562884
0.48384
0.550217
0.476676
0.45637
0.507257
0.47349
0.504043
0.519989
0.460237
0.478121
0.530677
0.548877
0.488294
0.510582
0.47968
0.482708
0.452005
0.546562
0.461154
0.489706
0.493618
0.471072
0.492328
0.468937
0.51929
0.454035
0.525503
0.475281
0.461344
0.475717
0.528207
0.441431
0.514902
0.466399
0.499908
0.541316
0.513287
0.524647
0.529687
0.509316
0.496545
0.488555
0.499222
0.489638
0.497496
0.474354
0.545478
0.490238
0.469655
0.51674
0.507466
0.515653
0.441417
0.515305
0.431447
0.513131
0.490879
0.491456
0.518962
0.47642
0.51567
0.470175
0.472058
0.471606
0.522166
0.481019
0.520084
0.479359
0.538465
0.492714
0.492437
0.507976
0.435494
0.485734
0.471632
0.501584
0.490632
0.507231
0.561063
0.507893
0.488212
0.522693
0.441841
0.479856
0.511284
0.478708
0.503082
0.545623
0.519014
0.541203
0.530007
0.531166
0.534096
0.513539
0.494251
0.469935
0.514537
0.518833
0.480736
0.473941
0.474218
0.500887
0.545498
0.480621
0.506578
0.498089
0.528827
0.509874
0.475809
0.494676
0.498117
0.475639
0.529945
0.503716
0.444774
0.526382
0.510196
0.466203
0.509583
0.458884
0.50093
0.510621
0.50089
0.479685
0.484655
0.507372
0.509988
0.498577
0.536398
0.482422
0.498067
0.498511
0.531826
0.47456
0.469114
0.506289
0.513518
0.500626
0.533144
0.508431
0.49974
0.513102
0.544115
0.546579
0.500103
0.494425
0.546922
0.506814
0.482486
0.522406
0.48784
0.507268
0.505586
0.531124
0.552782
0.508403
0.521488
0.511684
0.477767
0.480327
0.452612
0.517189
0.505942
0.481529
0.497421
0.516324
0.505573
0.533401
0.509266
0.529921
0.523335
0.524935
0.502739
0.484869
0.527323
0.481949
0.481913
0.489759
0.514112
0.545238
0.554837
0.466632
0.474285
0.522013
0.548674
0.523201
0.490768
0.485006
0.509836
0.469934
0.46437
0.503614
0.493521
0.446358
0.510896
0.491463
0.516992
0.470968
0.494201
0.504765
0.471001
0.479123
0.499569
0.515827
0.463726
0.523282
0.471795
0.506121
0.421579
0.529978
0.522334
0.453256
0.501289
0.467893
0.529891
0.516245
0.527611
0.521412
0.488848
0.513439
0.521045
0.504027
0.479877
0.4875
0.439944
0.525975
0.497128
0.511795
0.481377
0.500477
0.496366
0.48257
0.535131
0.512953
0.508428
0.511306
0.505222
0.517595
0.512381
0.461601
0.543286
0.495665
0.502744
0.534976
0.508234
0.449899
0.485171
0.559972
0.456546
0.499388
0.52494
0.498908
0.517564
0.479314
0.462654
0.506687
0.508178
0.509911
0.491502
0.556011
0.531271
0.509034
0.540478
0.503394
0.522293
0.512705
0.467915
0.500333
0.458355
0.478009
0.469717
0.55403
0.524195
0.432725
0.456667
0.492017
0.489417
0.526055
0.515181
0.515086
0.531354
0.514835
0.505878
0.522877
0.497946
0.519596
0.534359
0.506505
0.485001
0.504856
0.478549
0.492611
0.552221
0.45802
0.516987
0.513197
0.532351
0.501244
0.472444
0.515629
0.457852
0.540673
0.435233
0.457183
0.519448
0.477387
0.510591
0.538507
0.520938
0.514467
0.524515
0.540367
0.544639
0.524529
0.47241
0.518071
0.491846
0.512118
0.544944
0.497924
0.472668
0.505325
0.485467
0.510104
0.499628
0.491011
0.553385
0.492324
0.489399
0.518009
0.507849
0.508671
0.537048
0.472681
0.506149
0.427972
0.467164
0.491199
0.481172
0.516084
0.546248
0.502934
0.492312
0.536477
0.520733
0.52932
0.534203
0.513475
0.565025
0.502576
0.507648
0.502547
0.523911
0.478653
0.497118
0.502007
0.493746
0.498782
0.509203
0.530507
0.506759
0.524009
0.506378
0.474701
0.462879
0.497077
0.530477
0.521441
0.473441
0.536035
0.53023
0.518898
0.511154
0.543955
0.517248
0.490964
0.530699
0.519129
0.464837
0.509333
0.504345
0.500111
0.454004
0.517611
0.496944
0.509997
0.511033
0.501848
0.514683
0.494305
0.511015
0.50186
0.521981
0.506828
0.461695
0.477717
0.430884
0.487851
0.522019
0.465771
0.497355
0.499087
0.559752
0.488605
0.448815
0.499726
0.492542
0.463261
0.517325
0.467949
0.50681
0.502149
0.492774
0.452311
0.508834
0.500989
0.470456
0.47734
0.492405
0.498166
0.4674
0.47775
0.527435
0.499883
0.541844
0.485619
0.453881
0.485477
0.480208
0.474939
0.515369
0.447277
0.535962
0.497874
0.496893
0.529373
0.494746
0.467139
0.550955
0.519684
0.490131
0.498847
0.476536
0.539687
0.484382
0.470212
0.525252
0.546188
0.508617
0.526484
0.479096
0.509507
0.546713
0.511482
0.514119
0.47246
0.507356
0.416111
0.454431
0.494501
0.478597
0.519227
0.49091
0.545407
0.489293
0.495234
0.50897
0.45288
0.501812
0.462785
0.499787
0.488436
0.480362
0.44896
0.509343
0.505971
0.439343
0.523297
0.539663
0.457349
0.466076
0.446053
0.516634
0.479429
0.50229
0.455066
0.508763
0.526862
0.528753
0.505602
0.451259
0.465068
0.517401
0.477545
0.489818
0.507747
0.465362
0.484327
0.518469
0.453312
0.465233
0.467951
0.49588
0.504604
0.525994
0.4745
0.484477
0.466283
0.448933
0.534497
0.536763
0.464251
0.492956
0.522494
0.463211
0.451499
0.533652
0.470263
0.466104
0.514742
0.530499
0.497964
0.443693
0.516214
0.496576
0.477674
0.479059
0.465016
0.545159
0.463638
0.478042
0.492367
0.497583
0.513621
0.460617
0.535159
0.516731
0.465748
0.5301
0.502167
0.450534
0.52519
0.524538
0.477303
0.499865
0.465079
0.474687
0.434294
0.475176
0.54603
0.492921
0.487139
0.486288
0.528641
0.467477
0.490739
0.499678
0.49334
0.436392
0.506067
0.487653
0.531972
0.485505
0.564252
0.49379
0.505477
0.504922
0.543958
0.479005
0.47206
0.508289
0.506425
0.48263
0.5202
0.529268
0.492553
0.492884
0.510897
0.489586
0.486401
0.511089
0.553524
0.503033
0.429478
0.484041
0.489648
0.499773
0.5102
0.458868
0.479216
0.515363
0.472889
0.514791
0.523456
0.478842
0.460682
0.496134
0.5489
0.53426
0.486741
0.520977
0.486864
0.480037
0.458121
0.469809
0.572799
0.480519
0.496681
0.498575
0.489864
0.514101
0.501415
0.510476
0.501097
0.5023
0.516566
0.510908
0.474576
0.544155
0.489915
0.559911
0.495922
0.510313
0.515606
0.526499
0.492542
0.521202
0.435885
0.47925
0.533964
0.483636
0.486135
0.537537
0.492658
0.520255
0.437577
0.517762
0.509708
0.506154
0.542004
0.528979
0.489715
0.507088
0.492942
0.47227
0.539299
0.543625
0.527596
0.458268
0.483583
0.475617
0.45396
0.467176
0.515028
0.521373
0.527475
0.485681
0.499002
0.5059
0.501595
0.515124
0.490444
0.482598
0.46665
0.515302
0.516014
0.552767
0.501374
0.478285
0.496093
0.487321
0.481471
0.476614
0.49101
0.525071
0.4996
0.510263
0.485878
0.491949
0.481147
0.496728
0.448403
0.475568
0.560174
0.448633
0.474048
0.509463
0.50989
0.433222
0.49293
0.521418
0.502059
0.508099
0.502811
0.480233
0.499682
0.507618
0.462577
0.525315
0.477356
0.484274
0.460567
0.463465
0.503669
0.479478
0.512129
0.537238
0.540012
0.528097
0.480778
0.509256
0.550182
0.531123
0.527341
0.516831
0.505152
0.440859
0.551446
0.581295
0.537378
0.482981
0.509743
0.486402
0.479032
0.499869
0.525232
0.430171
0.50851
0.489561
0.432063
0.464557
0.509623
0.554733
0.510193
0.477316
0.517817
0.486046
0.544275
0.490446
0.497815
0.524268
0.511141
0.479571
0.517048
0.485518
0.500275
0.518648
0.469251
0.494031
0.44163
0.464375
0.512603
0.5068
0.505181
0.524667
0.486779
0.484482
0.506574
0.575582
0.543299
0.462934
0.48326
0.501066
0.483537
0.499767
0.485479
0.5699
0.51877
0.510274
0.536473
0.524215
0.436654
0.517127
0.446306
0.493958
0.498477
0.538205
0.513654
0.441674
0.481588
0.516932
0.459959
0.511995
0.48136
0.469497
0.500306
0.500191
0.457076
0.54334
0.5154
0.474176
0.566101
0.491269
0.50903
0.534332
0.530719
0.475584
0.45538
0.535531
0.552018
0.496592
0.540572
0.525734
0.475184
0.549877
0.522809
0.485525
0.520587
0.466706
0.5155
0.502984
0.525039
0.521947
0.527737
0.478242
0.437583
0.493868
0.4965
0.46212
0.524208
0.470199
0.514968
0.503205
0.515847
0.484827
0.481304
0.52776
0.53405
0.519498
0.5023
0.456816
0.518685
0.494914
0.566241
0.504854
0.532068
0.465575
0.479385
0.434419
0.533879
0.50277
0.490408
0.541064
0.411239
0.470066
0.527215
0.472992
0.518337
0.48569
0.48047
0.519765
0.529968
0.536168
0.468237
0.434464
0.513359
0.485595
0.48609
0.493672
0.502671
0.534924
0.507089
0.479651
0.53053
0.535628
0.515973
0.519096
0.440983
0.492132
0.511963
0.512828
0.47824
0.537376
0.484543
0.50082
0.505585
0.535882
0.536592
0.496913
0.458825
0.488717
0.519245
0.497603
0.498661
0.484708
0.47286
0.539284
0.44634
0.472293
0.468464
0.528305
0.456983
0.426381
0.484045
0.478225
0.514948
0.514603
0.490082
0.478645
0.485612
0.507313
0.478673
0.479982
0.527941
0.495729
0.530646
0.468573
0.502231
0.54259
0.485015
0.506462
0.477383
0.499681
0.505174
0.470278
0.492102
0.456636
0.516191
0.533543
0.464379
0.495365
0.537576
0.466814
0.573646
0.514493
0.515912
0.520016
0.519967
0.438186
0.451704
0.481352
0.484649
0.483733
0.54484
0.477153
0.476639
0.452267
0.463027
0.477058
0.499093
0.51699
0.507577
0.488891
0.520482
0.503293
0.480932
0.4876
0.494614
0.475121
0.500278
0.472656
0.493949
0.531986
0.521649
0.538268
0.530579
0.510986
0.468883
0.450796
0.50925
0.468203
0.491799
0.477735
0.486797
0.493866
0.517986
0.51265
0.422374
0.455651
0.442568
0.55043
0.492846
0.504487
0.52032
0.437239
0.467727
0.497243
0.504513
0.559543
0.47803
0.480685
0.516866
0.556579
0.523408
0.52106
0.492977
0.480652
0.521963
0.513691
0.477597
0.519623
0.457096
0.486956
0.454147
0.505977
0.475771
0.495035
0.472832
0.476827
0.452572
0.473775
0.511727
0.519255
0.523924
0.484085
0.55523
0.485338
0.49686
0.507199
0.454233
0.461249
0.506695
0.456206
0.492401
0.484812
0.478
0.518218
0.492926
0.485868
0.543238
0.53154
0.49014
0.503852
0.463438
0.51223
0.500353
0.466927
0.445293
0.514418
0.546294
0.537078
0.469043
0.53876
0.47953
0.48552
0.461523
0.543397
0.465244
0.502811
0.478756
0.501808
0.503734
0.458026
0.492461
0.481913
0.553022
0.521392
0.514853
0.520819
0.466936
0.504735
0.496102
0.50957
0.503048
0.494125
0.488843
0.482284
0.504843
0.529102
0.474097
0.504048
0.512487
0.492837
0.492983
0.491954
0.496578
0.487625
0.508595
0.513635
0.449243
0.490071
0.552424
0.527695
0.486977
0.480347
0.539692
0.48039
0.439569
0.489901
0.487979
0.472954
0.509518
0.501985
0.493514
0.533923
0.4863
0.549376
0.489514
0.450858
0.449863
0.453682
0.530925
0.565809
0.497723
0.500579
0.449972
0.498935
0.500042
0.485386
0.506856
0.494617
0.497059
0.523322
0.52001
0.544463
0.473246
0.478851
0.450259
0.511573
0.512575
0.42846
0.503274
0.490437
0.519255
0.511268
0.504695
0.526843
0.488326
0.501831
0.502288
0.46217
0.570486
0.469515
0.499531
0.516441
0.495512
0.478823
0.464974
0.504511
0.538669
0.515036
0.491778
0.459764
0.504467
0.539562
0.501794
0.479696
0.522148
0.479345
0.458546
0.507754
0.497275
0.44473
0.553523
0.515816
0.453803
0.490151
0.500121
0.511676
0.501001
0.502005
0.529638
0.505916
0.509602
0.488115
0.473675
0.512534
0.451558
0.513124
0.547338
0.497715
0.517774
0.554224
0.517597
0.4411
0.478193
0.501576
0.501189
0.523953
0.458611
0.527798
0.466445
0.518576
0.498598
0.480915
0.463391
0.523364
0.544891
0.535114
0.546532
0.557875
0.474648
0.543706
0.46467
0.472272
0.492927
0.54866
0.502131
0.525536
0.488767
0.461082
0.5258
0.486811
0.464247
0.457015
0.472304
0.514253
0.480907
0.462941
0.439746
0.495774
0.547886
0.51535
0.458357
0.536036
0.48617
0.50876
0.54443
0.484084
0.543318
0.486556
0.481926
0.455994
0.523038
0.489032
0.496125
0.496891
0.463999
0.462997
0.493681
0.506746
0.512238
0.517337
0.473478
0.454291
0.471549
0.50889
0.482652
0.463455
0.46623
0.533028
0.492148
0.446677
0.440547
0.493304
0.496194
0.539486
0.509318
0.494548
0.510076
0.480708
0.533957
0.503791
0.560561
0.55269
0.478388
0.473372
0.473381
0.425905
0.479176
0.460638
0.512115
0.432315
0.46427
0.468569
0.522876
0.531876
0.484715
0.461745
0.499156
0.50654
0.483726
0.531995
0.451213
0.516158
0.467489
0.498128
0.484379
0.48063
0.492061
0.494108
0.490651
0.532694
0.460753
0.530047
0.447955
0.475726
0.506362
0.470407
0.481448
0.560924
0.472641
0.543758
0.481236
0.518252
0.509358
0.5185
0.450882
0.485513
0.455349
0.478893
0.531087
0.509946
0.45391
0.465793
0.512896
0.476692
0.48493
0.476459
0.544841
0.538526
0.49812
0.487805
0.47836
0.481231
0.501722
0.527472
0.515884
0.508967
0.521073
0.477107
0.455972
0.534039
0.441396
0.462204
0.539854
0.505414
0.519195
0.452893
0.473771
0.480382
0.56663
0.550063
0.541477
0.493717
0.483242
0.491164
0.491284
0.468731
0.52941
0.550099
0.492023
0.454586
0.535911
0.515548
0.512295
0.474235
0.493956
0.542127
0.467386
0.507381
0.500081
0.488736
0.468233
0.502815
0.500269
0.488482
0.52679
0.514516
0.467671
0.464552
0.492199
0.525887
0.518309
0.5264
0.602119
0.506496
0.46913
0.560642
0.493601
0.535709
0.532791
0.491014
0.557875
0.497575
0.553547
0.511786
0.51343
0.501353
0.498614
0.518989
0.481759
0.482041
0.479391
0.553846
0.490148
0.4553
0.486908
0.482771
0.525876
0.511125
0.425873
0.458321
0.48621
0.540663
0.521708
0.445465
0.488565
0.490534
0.544929
0.487548
0.515205
0.529035
0.507258
0.516339
0.526858
0.508612
0.503839
0.480511
0.509626
0.488957
0.455931
0.506953
0.479559
0.455123
0.498458
0.539281
0.469266
0.465017
0.506783
0.49791
0.470951
0.50066
0.497085
0.526087
0.460231
0.477574
0.504723
0.506234
0.465126
0.546682
0.514942
0.470999
0.494587
0.493098
0.470317
0.503373
0.480941
0.496168
0.509295
0.470252
0.510629
0.46515
0.480213
0.513829
0.517602
0.484905
0.505183
0.555177
0.503773
0.485971
0.528187
0.484408
0.510866
0.493397
0.501789
0.531775
0.498075
0.47871
0.48682
0.4241
0.499874
0.539397
0.489419
0.510901
0.508376
0.500266
0.469799
0.474582
0.494606
0.521069
0.50712
0.519083
0.473067
0.554762
0.494839
0.481342
0.483966
0.490771
0.510914
0.449961
0.497487
0.527642
0.497236
0.505439
0.554481
0.509461
0.472664
0.486354
0.487939
0.460392
0.49404
0.525874
0.519639
0.491738
0.519556
0.572949
0.486333
0.515884
0.518853
0.532597
0.499842
0.491495
0.474217
0.499616
0.515455
0.514354
0.527259
0.520134
0.532985
0.518206
0.485447
0.535349
0.564864
0.489992
0.482868
0.521841
0.555665
0.463835
0.529586
0.532834
0.477405
0.558168
0.503994
0.474778
0.515014
0.490368
0.522499
0.523633
0.486355
0.453277
0.480955
0.485216
0.471148
0.497978
0.512186
0.494007
0.553193
0.527212
0.513996
0.544764
0.500256
0.483801
0.492025
0.461351
0.505993
0.478457
0.491841
0.467121
0.508299
0.501351
0.44463
0.411262
0.528439
0.471815
0.470866
0.485455
0.485348
0.570554
0.466338
0.43523
0.509474
0.468748
0.524899
0.530403
0.520534
0.578404
0.512324
0.47895
0.513565
0.568353
0.535645
0.498705
0.487634
0.500249
0.492338
0.481265
0.531597
0.488957
0.463738
0.532451
0.441271
0.5017
0.487064
0.503732
0.522393
0.500339
0.470412
0.58896
0.483752
0.531166
0.475112
0.500811
0.474857
0.506578
0.499804
0.481288
0.55252
0.553013
0.470625
0.540681
0.510739
0.559522
0.481874
0.519347
0.478235
0.521346
0.461523
0.496681
0.488036
0.472885
0.495964
0.491667
0.503481
0.544421
0.508358
0.529374
0.485004
0.506974
0.484962
0.497769
0.472097
0.479677
0.483807
0.469237
0.514803
0.474027
0.49011
0.501166
0.549134
0.469398
0.532782
0.47998
0.460769
0.474191
0.486423
0.442997
0.551434
0.516993
0.483166
0.472482
0.512303
0.482118
0.468745
0.486275
0.518836
0.45391
0.447177
0.509361
0.501392
0.534183
0.438416
0.490768
0.546012
0.517165
0.543358
0.500159
0.519751
0.496334
0.48058
0.548498
0.484914
0.457506
0.489182
0.527163
0.516594
0.452564
0.492104
0.449875
0.467865
0.488195
0.494297
0.52184
0.437027
0.464007
0.530129
0.520443
0.551257
0.444415
0.504384
0.491907
0.501062
0.478656
0.531247
0.558263
0.529887
0.52331
0.455644
0.469021
0.463269
0.471716
0.431299
0.511914
0.49191
0.494637
0.489913
0.48709
0.453036
0.496571
0.4758
0.509121
0.454424
0.502057
0.510397
0.501217
0.455469
0.476383
0.470988
0.536008
0.499671
0.495039
0.498037
0.507268
0.432906
0.506313
0.515501
0.506976
0.481872
0.531396
0.438493
0.472056
0.527064
0.496367
0.502675
0.495206
0.50468
0.510445
0.519757
0.474161
0.481804
0.524869
0.533469
0.523788
0.539265
0.486792
0.550393
0.54537
0.436529
0.422557
0.490016
0.51747
0.493016
0.504736
0.478395
0.482739
0.520199
0.477303
0.519796
0.525043
0.458875
0.503311
0.510681
0.51129
0.535976
0.539463
0.490436
0.512335
0.515291
0.541938
0.523195
0.477319
0.51649
0.477847
0.495139
0.525846
0.526802
0.486713
0.461656
0.472342
0.509739
0.486316
0.528727
0.496999
0.455241
0.467317
0.512912
0.487658
0.485601
0.501002
0.52432
0.487017
0.451567
0.514546
0.516929
0.529538
0.452979
0.498156
0.500635
0.492425
0.458322
0.498475
0.529406
0.485046
0.507572
0.502621
0.509912
0.481181
0.482709
0.487239
0.50501
0.488471
0.490267
0.526928
0.51646
0.469428
0.500302
0.486442
0.511239
0.498401
0.466156
0.521015
0.465837
0.498867
0.509376
0.469195
0.492908
0.485408
0.534184
0.502576
0.554646
0.51477
0.515859
0.436771
0.467265
0.520364
0.497411
0.468035
0.49096
0.504596
0.49892
0.56989
0.489722
0.493384
0.543913
0.494137
0.475375
0.497256
0.547168
0.460629
0.480225
0.533389
0.468294
0.480175
0.502681
0.502979
0.51549
0.504958
0.480235
0.548297
0.463834
0.500834
0.494164
0.473826
0.492501
0.465895
0.480343
0.495839
0.505255
0.439662
0.53053
0.544809
0.498627
0.487292
0.498508
0.535
0.532116
0.493169
0.535455
0.545649
0.534815
0.508248
0.528916
0.468081
0.44283
0.455547
0.489759
0.463154
0.451858
0.488135
0.481473
0.523395
0.42931
0.504017
0.536209
0.484218
0.500353
0.492267
0.491911
0.508577
0.512236
0.484803
0.524939
0.459453
0.471286
0.488174
0.48253
0.454528
0.516947
0.469724
0.479503
0.53744
0.487231
0.54252
0.513557
0.499979
0.539963
0.493418
0.54355
0.499608
0.454188
0.468632
0.515135
0.536681
0.436126
0.461192
0.488121
0.545735
0.474034
0.484662
0.499937
0.535223
0.546369
0.497488
0.479577
0.500078
0.517608
0.492367
0.526399
0.511469
0.546112
0.494983
0.538147
0.498126
0.508412
0.516523
0.492586
0.523624
0.544276
0.46431
0.537104
0.503975
0.516948
0.504958
0.530679
0.499927
0.502929
0.494405
0.552563
0.498334
0.51567
0.529209
0.532083
0.486966
0.477557
0.443477
0.443907
0.497152
0.514566
0.505806
0.523172
0.468613
0.457953
0.500607
0.524837
0.480871
0.487365
0.508187
0.501643
0.515599
0.499738
0.53797
0.485047
0.524303
0.468366
0.459225
0.52351
0.505695
0.466505
0.483678
0.562521
0.527136
0.489897
0.464389
0.530713
0.504533
0.512585
0.455255
0.486464
0.485055
0.450393
0.495532
0.559354
0.507045
0.466445
0.503733
0.490844
0.481505
0.493105
0.505296
0.478563
0.549529
0.484703
0.518374
0.438572
0.530059
0.475429
0.492148
0.519983
0.512337
0.50677
0.542014
0.496303
0.497429
0.518861
0.536038
0.507884
0.493195
0.500124
0.487039
0.479854
0.447087
0.539581
0.494686
0.469896
0.541138
0.4962
0.511978
0.490261
0.483524
0.52966
0.480486
0.498378
0.471079
0.496908
0.458727
0.52045
0.517124
0.498884
0.498047
0.552398
0.468999
0.491778
0.500394
0.492537
0.459667
0.497218
0.542345
0.520353
0.547762
0.51573
0.479772
0.505756
0.540461
0.467883
0.517514
0.503198
0.493555
0.507462
0.488436
0.525004
0.50309
0.501064
0.486249
0.488317
0.522954
0.498477
0.496462
0.500019
0.522793
0.488238
0.439844
0.504003
0.560614
0.522718
0.522776
0.515177
0.51447
0.537133
0.488853
0.474573
0.507586
0.516842
0.516127
0.509923
0.501308
0.44731
0.484366
0.456107
0.450253
0.531113
0.51668
0.539812
0.48403
0.466363
0.499928
0.472808
0.529903
0.520917
0.478241
0.478192
0.490781
0.466758
0.474067
0.523992
0.49291
0.538911
0.481099
0.528497
0.497625
0.493283
0.523456
0.511695
0.511559
0.527787
0.505506
0.557178
0.449673
0.521133
0.516695
0.528915
0.535479
0.513666
0.545764
0.467246
0.50284
0.524613
0.468721
0.498476
0.473712
0.470121
0.544954
0.532455
0.506217
0.456471
0.525845
0.442508
0.477403
0.492816
0.480279
0.452094
0.505082
0.517852
0.471405
0.462566
0.473115
0.464773
0.519037
0.526416
0.524519
0.518885
0.542057
0.480365
0.47677
0.492273
0.565216
0.512688
0.463678
0.559878
0.49468
0.539141
0.548212
0.451367
0.50672
0.461864
0.520647
0.463162
0.473911
0.495641
0.526402
0.515023
0.52321
0.525886
0.467961
0.445536
0.480303
0.512733
0.535229
0.470896
0.514579
0.535607
0.528725
0.491355
0.499114
0.452644
0.489954
0.539717
0.520047
0.469343
0.48337
0.536234
0.499709
0.510823
0.494272
0.544315
0.487887
0.512049
0.49703
0.471378
0.535601
0.450428
0.468006
0.479261
0.445766
0.475114
0.527544
0.528539
0.445106
0.517437
0.475417
0.491134
0.521718
0.52679
0.484084
0.455596
0.502627
0.506387
0.484152
0.479417
0.535744
0.483239
0.53641
0.492765
0.470567
0.446737
0.494805
0.478013
0.502031
0.520212
0.464746
0.499425
0.511858
0.519852
0.511104
0.507391
0.551798
0.555343
0.520282
0.501575
0.493124
0.476618
0.500735
0.457353
0.43677
0.411079
0.546307
0.509918
0.508465
0.565678
0.496775
0.510428
0.523272
0.478226
0.519954
0.468566
0.473865
0.452297
0.50976
0.495892
0.506955
0.510126
0.524586
0.514367
0.552223
0.487845
0.490379
0.474409
0.468136
0.487458
0.542792
0.506869
0.519021
0.449913
0.48278
0.4933
0.457777
0.463658
0.50002
0.458891
0.538599
0.533047
0.528523
0.522439
0.494077
0.450974
0.498828
0.48774
0.461068
0.510114
0.481134
0.520769
0.489693
0.527138
0.48376
0.507032
0.499846
0.494286
0.481302
0.563447
0.479591
0.492666
0.466854
0.519155
0.519814
0.501656
0.502693
0.54961
0.469514
0.518785
0.483765
0.478346
0.496101
0.50447
0.48839
0.460774
0.545081
0.495979
0.53052
0.484401
0.503496
0.484995
0.497958
0.469845
0.531506
0.493166
0.520894
0.527003
0.476476
0.510001
0.515136
0.50077
0.493948
0.467499
0.484418
0.540676
0.519873
0.495879
0.486151
0.448801
0.548479
0.47479
0.485001
0.530372
0.470151
0.504373
0.508659
0.51139
0.463685
0.490556
0.510187
0.527674
0.50732
0.488945
0.501309
0.479705
0.472884
0.501701
0.521029
0.497625
0.457468
0.501763
0.533937
0.45078
0.506973
0.498809
0.512597
0.506186
0.485922
0.491311
0.478377
0.480276
0.507903
0.509074
0.505102
0.48832
0.481028
0.500627
0.509906
0.49588
0.462771
0.549845
0.485651
0.476691
0.498566
0.476168
0.509303
0.491321
0.478546
0.512806
0.500622
0.511003
0.46678
0.537292
0.435549
0.531012
0.547412
0.508771
0.488672
0.457949
0.562039
0.496377
0.459132
0.455324
0.482742
0.503111
0.484359
0.501798
0.525119
0.509552
0.455995
0.486474
0.495696
0.431806
0.5124
0.475596
0.498115
0.498062
0.512098
0.535046
0.492438
0.568116
0.462547
0.493002
0.411974
0.510257
0.458609
0.487136
0.591986
0.559881
0.475088
0.500738
0.504655
0.474201
0.467719
0.532116
0.514684
0.507449
0.486977
0.531676
0.46991
0.510913
0.459085
0.511033
0.491298
0.522223
0.458589
0.468542
0.506698
0.518225
0.496891
0.475623
0.512736
0.495838
0.561092
0.478245
0.489215
0.485271
0.507543
0.547957
0.490397
0.569959
0.464457
0.486835
0.477555
0.527604
0.517981
0.440711
0.537143
0.566704
0.48608
0.495084
0.508995
0.482925
0.534622
0.478055
0.508892
0.429701
0.480037
0.464691
0.469902
0.48745
0.482922
0.527175
0.486844
0.515753
0.506964
0.475117
0.47827
0.522898
0.53757
0.440416
0.470326
0.507146
0.514558
0.551033
0.486876
0.484103
0.483304
0.538051
0.530262
0.47457
0.498705
0.500409
0.537067
0.497247
0.546345
0.501672
0.523273
0.550668
0.575231
0.483217
0.513167
0.518729
0.496471
0.548212
0.496395
0.494213
0.452284
0.48076
0.507513
0.534647
0.459701
0.494586
0.48243
0.494908
0.463336
0.545634
0.466111
0.470913
0.551613
0.532962
0.515913
0.518808
0.510807
0.4923
0.474927
0.57399
0.471285
0.526651
0.539712
0.534373
0.480322
0.4583
0.476787
0.532252
0.52586
0.496628
0.492249
0.509141
0.495589
0.49608
0.488918
0.517975
0.495734
0.448678
0.505346
0.487029
0.543899
0.495451
0.481105
0.499948
0.540375
0.491157
0.502696
0.486254
0.502256
0.466667
0.514475
0.466707
0.514762
0.503394
0.468962
0.51789
0.45413
0.484134
0.490907
0.540403
0.48645
0.514704
0.519497
0.515035
0.446833
0.510738
0.533064
0.451286
0.493261
0.474034
0.53069
0.472618
0.509525
0.482805
0.515056
0.472815
0.501598
0.480232
0.52094
0.487816
0.491839
0.455676
0.523719
0.547402
0.535388
0.492937
0.522252
0.471112
0.493137
0.52992
0.490529
0.532767
0.505646
0.554102
0.492455
0.537964
0.542384
0.528159
0.524135
0.49893
0.510665
0.470135
0.538056
0.501105
0.508655
0.472528
0.473516
0.495823
0.526831
0.504668
0.517703
0.483474
0.452259
0.482756
0.511767
0.511524
0.550067
0.511951
0.50629
0.501757
0.476495
0.504869
0.520507
0.451123
0.537892
0.500871
0.449672
0.480567
0.51003
0.560524
0.464917
0.526208
0.482119
0.499593
0.530015
0.517245
0.499898
0.516962
0.509392
0.534975
0.512164
0.510832
0.50177
0.52728
0.495133
0.527595
0.463832
0.522971
0.478991
0.477744
0.518262
0.480363
0.44102
0.603203
0.470549
0.47445
0.499673
0.500446
0.548921
0.49706
0.53397
0.503776
0.491798
0.514364
0.522588
0.473158
0.48712
0.496111
0.547028
0.500958
0.527942
0.500973
0.513228
0.541974
0.528655
0.482359
0.525997
0.531139
0.486231
0.479087
0.510646
0.463255
0.490835
0.515292
0.466193
0.489154
0.500214
0.503922
0.454516
0.522643
0.522206
0.538227
0.459823
0.522617
0.499772
0.495591
0.522826
0.524712
0.4429
0.478102
0.573985
0.536876
0.511779
0.514216
0.530195
0.483231
0.495602
0.485907
0.499301
0.520596
0.501383
0.485665
0.546808
0.54206
0.507152
0.527728
0.529164
0.491961
0.423918
0.477912
0.467988
0.506667
0.520761
0.526426
0.479622
0.49551
0.507436
0.538031
0.554381
0.526273
0.508862
0.503937
0.499876
0.519588
0.515869
0.499799
0.532777
0.446622
0.496582
0.454193
0.54341
0.524433
0.492812
0.511942
0.467544
0.463369
0.505834
0.476676
0.479746
0.500876
0.515928
0.48699
0.422697
0.496104
0.470044
0.530588
0.506816
0.549676
0.49199
0.450771
0.56459
0.472995
0.509494
0.519658
0.493972
0.541474
0.512533
0.542516
0.495229
0.496052
0.517295
0.467559
0.535609
0.497377
0.550144
0.525606
0.456211
0.507028
0.525984
0.473964
0.47542
0.510159
0.535366
0.458922
0.473294
0.523928
0.544746
0.531215
0.451272
0.466097
0.494237
0.488845
0.481582
0.518164
0.517259
0.50163
0.470713
0.517424
0.506443
0.471858
0.511346
0.442312
0.480168
0.505419
0.487095
0.485413
0.544111
0.517789
0.464459
0.498516
0.48218
0.469243
0.536332
0.464079
0.551208
0.493673
0.501468
0.497496
0.503784
0.505382
0.514271
0.494514
0.523585
0.498236
0.519275
0.518203
0.497603
0.471538
0.464702
0.489839
0.519627
0.537011
0.499463
0.508077
0.46936
0.501258
0.477984
0.480789
0.491545
0.488073
0.537228
0.483948
0.529479
0.484986
0.500294
0.561918
0.467282
0.488403
0.530951
0.52355
0.475304
0.481736
0.473509
0.508428
0.473044
0.500874
0.502381
0.537668
0.483946
0.501392
0.56571
0.483627
0.486464
0.491861
0.467458
0.482905
0.475755
0.477634
0.462305
0.56701
0.530386
0.459486
0.517749
0.495073
0.518419
0.521487
0.477785
0.532965
0.477269
0.522472
0.512515
0.473217
0.441681
0.475495
0.518102
0.560101
0.474228
0.479634
0.451401
0.474253
0.49269
0.518523
0.463673
0.46121
0.488689
0.539991
0.487749
0.528241
0.561968
0.531178
0.473005
0.473843
0.514672
0.493504
0.472544
0.444276
0.500014
0.461864
0.516949
0.491518
0.499706
0.492436
0.478975
0.457007
0.484519
0.533453
0.563578
0.545552
0.482356
0.493342
0.507627
0.453782
0.508213
0.510584
0.493694
0.487515
0.500388
0.48968
0.482295
0.492414
0.487341
0.507593
0.506947
0.492311
0.47955
0.495048
0.536426
0.469575
0.460758
0.507056
0.488596
0.471888
0.522981
0.487047
0.530185
0.489819
0.459648
0.498971
0.486884
0.509563
0.491249
0.501768
0.528143
0.485218
0.447873
0.520551
0.51104
0.474982
0.513003
0.478904
0.527595
0.515637
0.442945
0.436652
0.529909
0.499702
0.516266
0.527488
0.477499
0.529625
0.527622
0.510825
0.461203
0.503393
0.550338
0.502256
0.46804
0.545932
0.512129
0.516987
0.54138
0.540673
0.45833
0.51063
0.440824
0.495657
0.537006
0.521721
0.516147
0.46856
0.490328
0.500338
0.489692
0.44501
0.486579
0.477204
0.481587
0.454559
0.497173
0.527643
0.512157
0.498713
0.493057
0.454755
0.505912
0.535362
0.504872
0.506211
0.481477
0.504013
0.531252
0.519008
0.441845
0.526182
0.459629
0.506596
0.499335
0.505328
0.453928
0.502715
0.499614
0.540708
0.483511
0.496353
0.499166
0.549515
0.477772
0.462168
0.50059
0.461689
0.480726
0.510775
0.470088
0.471763
0.509991
0.503252
0.511533
0.542134
0.504532
0.464256
0.431473
0.562113
0.505532
0.538116
0.549472
0.48715
0.484778
0.492277
0.528134
0.492599
0.47493
0.532475
0.487209
0.526394
0.506054
0.514018
0.496142
0.555021
0.49278
0.483536
0.529446
0.567154
0.526482
0.455598
0.509269
0.509333
0.516833
0.518545
0.519538
0.528057
0.477123
0.513935
0.486047
0.482666
0.527717
0.463963
0.48687
0.493397
0.492011
0.521234
0.517466
0.53897
0.579286
0.515266
0.494863
0.458096
0.558811
0.530098
0.515283
0.52928
0.479588
0.507371
0.479597
0.52328
0.470105
0.489269
0.500966
0.492616
0.472468
0.535684
0.499068
0.502488
0.475301
0.539986
0.50526
0.557494
0.55978
0.477774
0.453066
0.518502
0.463168
0.472974
0.528372
0.484074
0.494244
0.495675
0.553675
0.440802
0.50499
0.516057
0.530795
0.46693
0.54291
0.47881
0.526402
0.503651
0.528359
0.502396
0.524741
0.508438
0.50126
0.467542
0.461931
0.544796
0.501576
0.499346
0.51621
0.5028
0.507924
0.517346
0.518502
0.494803
0.51869
0.507953
0.457681
0.470684
0.490034
0.54361
0.51491
0.50701
0.445154
0.523056
0.481423
0.464494
0.499188
0.457062
0.464135
0.538111
0.524114
0.484031
0.483442
0.504263
0.488052
0.499816
0.497598
0.489359
0.493312
0.47615
0.498041
0.474175
0.497581
0.45205
0.480034
0.5484
0.522624
0.492572
0.543013
0.509702
0.494862
0.519304
0.524997
0.531727
0.472219
0.546951
0.495455
0.485377
0.551592
0.520406
0.500988
0.497762
0.461342
0.496675
0.498211
0.583188
0.493167
0.516022
0.488209
0.510563
0.517725
0.466729
0.546935
0.501594
0.52841
0.427827
0.475937
0.494151
0.517619
0.444182
0.49778
0.475169
0.529916
0.48831
0.460534
0.51747
0.506452
0.513298
0.505719
0.454873
0.535021
0.461197
0.534067
0.51997
0.54012
0.471276
0.493481
0.568944
0.557403
0.5325
0.473566
0.537805
0.446888
0.50461
0.451115
0.494415
0.4993
0.512191
0.470901
0.480674
0.489927
0.466077
0.526186
0.479259
0.494358
0.486504
0.453283
0.539267
0.520478
0.502349
0.464585
0.515158
0.501104
0.500859
0.494395
0.483356
0.511627
0.49223
0.471973
0.550898
0.52704
0.503412
0.476142
0.530494
0.452723
0.495521
0.555846
0.486382
0.523367
0.489229
0.531031
0.445347
0.464406
0.542503
0.488222
0.51728
0.500332
0.445084
0.465173
0.509654
0.524271
0.484053
0.498962
0.510294
0.523196
0.484891
0.511911
0.532805
0.413146
0.49238
0.529704
0.509051
0.428834
0.565744
0.516073
0.463044
0.522009
0.452384
0.468435
0.490625
0.512958
0.554599
0.498849
0.539309
0.439516
0.453651
0.514676
0.482677
0.437959
0.495571
0.483298
0.503678
0.470161
0.473058
0.545301
0.501226
0.481382
0.527861
0.550469
0.484457
0.513064
0.528014
0.530977
0.509039
0.585022
0.5043
0.47616
0.509884
0.531377
0.49032
0.463227
0.464657
0.494646
0.510532
0.528293
0.532457
0.502318
0.520659
0.482121
0.462028
0.510338
0.484808
0.504919
0.523895
0.467832
0.513707
0.504596
0.490785
0.517475
0.468412
0.522841
0.490717
0.525872
0.51387
0.51339
0.527134
0.488316
0.496711
0.456874
0.520448
0.482313
0.551646
0.49661
0.505376
0.484233
0.480833
0.509717
0.508447
0.583482
0.520613
0.457926
0.500046
0.558549
0.50996
0.502461
0.515371
0.559319
0.525042
0.487379
0.488687
0.530017
0.484258
0.475712
0.565246
0.487162
0.508132
0.532828
0.485241
0.46691
0.538428
0.521347
0.474182
0.466153
0.500876
0.502014
0.554065
0.54175
0.525875
0.534891
0.499698
0.512276
0.501545
0.535247
0.474579
0.516647
0.443513
0.538519
0.500681
0.514013
0.4858
0.468724
0.496534
0.509277
0.517187
0.514687
0.497967
0.568632
0.527433
0.478472
0.4759
0.539475
0.497724
0.520382
0.505543
0.48909
0.499725
0.474908
0.481392
0.476457
0.477607
0.512
0.502387
0.571575
0.457436
0.478033
0.501611
0.536669
0.478278
0.52085
0.544913
0.483658
0.519418
0.523247
0.422809
0.492256
0.488056
0.549284
0.49006
0.553083
0.48185
0.517789
0.497286
0.49016
0.450694
0.447444
0.518996
0.50717
0.522099
0.497803
0.502411
0.541842
0.53455
0.530646
0.521449
0.492857
0.513214
0.456025
0.550258
0.523628
0.492386
0.55738
0.520659
0.477351
0.469029
0.500105
0.477883
0.48768
0.531797
0.507937
0.488968
0.509419
0.49991
0.501541
0.47821
0.553594
0.516257
0.443666
0.564017
0.491292
0.489108
0.49525
0.501557
0.510622
0.456794
0.466847
0.465581
0.491202
0.499753
0.519753
0.507773
0.530517
0.564292
0.451198
0.463027
0.466542
0.502464
0.487994
0.48901
0.501005
0.492414
0.492998
0.493392
0.497647
0.433586
0.518779
0.523116
0.479883
0.501153
0.492847
0.450089
0.512206
0.494053
0.498843
0.457654
0.499741
0.521005
0.498038
0.49224
0.510295
0.548875
0.515539
0.544543
0.513305
0.477772
0.465561
0.464631
0.520036
0.517249
0.520152
0.515331
0.469414
0.527982
0.465734
0.548293
0.50388
0.493299
0.451845
0.537084
0.469612
0.524944
0.476452
0.501708
0.495521
0.527437
0.492216
0.458908
0.495373
0.52542
0.488068
0.512641
0.537424
0.50835
0.530496
0.46909
0.555944
0.496924
0.498893
0.470595
0.438989
0.48561
0.48936
0.45287
0.516822
0.495649
0.541327
0.539892
0.525332
0.502918
0.491372
0.520828
0.548845
0.525016
0.488611
0.483379
0.506695
0.561959
0.476042
0.507911
0.507919
0.574848
0.522203
0.516761
0.508481
0.516893
0.497527
0.493071
0.48536
0.49117
0.449782
0.463554
0.541914
0.499469
0.512938
0.489534
0.538868
0.496636
0.443877
0.530669
0.50532
0.484756
0.571285
0.545697
0.494125
0.531575
0.511121
0.484615
0.51604
0.517513
0.523039
0.49664
0.487012
0.495669
0.512124
0.478334
0.53296
0.48917
0.520328
0.506277
0.476461
0.520252
0.481982
0.518652
0.489675
0.535445
0.507747
0.51012
0.507924
0.501234
0.481399
0.484364
0.518268
0.444577
0.503799
0.498674
0.567471
0.52265
0.538445
0.454941
0.533724
0.486193
0.432963
0.451455
0.446508
0.510838
0.520931
0.469855
0.498961
0.460791
0.518385
0.451633
0.49713
0.479237
0.489414
0.508543
0.55049
0.529855
0.475189
0.571304
0.508087
0.433809
0.510822
0.430979
0.5447
0.496591
0.494421
0.507378
0.501383
0.489094
0.49271
0.528891
0.484767
0.467289
0.487613
0.488102
0.529498
0.494881
0.468137
0.507581
0.488185
0.473314
0.461974
0.510202
0.493233
0.513511
0.531165
0.49839
0.494931
0.513712
0.496208
0.516651
0.480184
0.477797
0.562995
0.471773
0.496246
0.538453
0.516947
0.505063
0.493839
0.529579
0.488713
0.561008
0.534041
0.462289
0.525826
0.456714
0.523295
0.558896
0.504671
0.506526
0.460938
0.479245
0.447164
0.506179
0.52361
0.483785
0.506488
0.510868
0.490924
0.477729
0.506288
0.521608
0.486771
0.520709
0.477681
0.464265
0.520636
0.476269
0.488468
0.495617
0.463295
0.455603
0.518914
0.460845
0.471274
0.479878
0.488483
0.476803
0.494445
0.455552
0.477881
0.505463
0.531129
0.457038
0.460813
0.521893
0.525082
0.521091
0.519802
0.551159
0.518746
0.507313
0.550455
0.458509
0.437132
0.459124
0.528558
0.497235
0.526709
0.509591
0.534361
0.468562
0.513686
0.506483
0.47844
0.507966
0.436047
0.500937
0.503505
0.502273
0.493722
0.474094
0.476527
0.491928
0.48127
0.476091
0.475572
0.562812
0.477448
0.521783
0.505691
0.441956
0.516031
0.507571
0.488276
0.451571
0.492278
0.553698
0.518222
0.465722
0.479402
0.496416
0.533298
0.484056
0.459425
0.50436
0.520083
0.526944
0.452793
0.433547
0.490853
0.506406
0.491126
0.435335
0.515789
0.497215
0.517479
0.451752
0.48488
0.482533
0.518486
0.492539
0.513906
0.518463
0.522763
0.488304
0.488857
0.531896
0.509951
0.544157
0.473183
0.506025
0.444759
0.518191
0.46224
0.477892
0.510404
0.539197
0.489303
0.45236
0.5058
0.497983
0.507532
0.426873
0.540888
0.486664
0.48226
0.541378
0.504474
0.530317
0.477971
0.497793
0.498951
0.465357
0.564364
0.483391
0.486283
0.509014
0.515847
0.452472
0.53962
0.504298
0.458869
0.510703
0.484926
0.504809
0.511439
0.486496
0.496993
0.51378
0.519223
0.523809
0.474209
0.511719
0.492584
0.460729
0.486467
0.517039
0.468949
0.498229
0.500579
0.464027
0.484868
0.51346
0.477579
0.472559
0.542148
0.481963
0.496283
0.473898
0.502436
0.513171
0.477483
0.446993
0.494622
0.513574
0.483153
0.489611
0.499439
0.491931
0.465041
0.498714
0.515635
0.510891
0.517015
0.504427
0.512096
0.489413
0.525549
0.521992
0.540285
0.470343
0.49272
0.536072
0.491384
0.527539
0.476082
0.461787
0.492506
0.526912
0.46981
0.486851
0.496355
0.465749
0.491467
0.469184
0.558703
0.524717
0.468794
0.514385
0.488075
0.476892
0.490875
0.527432
0.521997
0.498219
0.538065
0.532975
0.494192
0.473749
0.525051
0.498627
0.517107
0.504052
0.501428
0.465587
0.504124
0.466169
0.534153
0.471009
0.505854
0.463478
0.536262
0.486464
0.504874
0.508848
0.476226
0.526886
0.523285
0.575469
0.482306
0.514366
0.487472
0.459713
0.506302
0.521183
0.49443
0.490415
0.471062
0.46643
0.554041
0.468945
0.496117
0.490621
0.501675
0.48445
0.515836
0.542657
0.475485
0.478624
0.47446
0.493512
0.502772
0.464413
0.482395
0.501028
0.469807
0.522994
0.508145
0.440187
0.499461
0.503429
0.560248
0.483236
0.531047
0.499358
0.473605
0.474043
0.526723
0.497109
0.51456
0.441052
0.50885
0.519597
0.539119
0.523222
0.472663
0.510389
0.488682
0.543313
0.488654
0.482313
0.487653
0.552906
0.519008
0.48498
0.527314
0.533528
0.532507
0.525598
0.580334
0.498246
0.472237
0.507453
0.550286
0.468125
0.520507
0.430429
0.490548
0.507908
0.485332
0.517944
0.486968
0.475304
0.502867
0.444681
0.508659
0.498251
0.530161
0.519481
0.551307
0.524532
0.492608
0.497778
0.527359
0.528125
0.500474
0.477948
0.45748
0.486649
0.478868
0.505956
0.477635
0.494296
0.525536
0.47266
0.456186
0.474609
0.490851
0.468161
0.535372
0.487497
0.494378
0.537569
0.541549
0.524842
0.582385
0.562561
0.498567
0.529101
0.480675
0.5231
0.508654
0.419241
0.487117
0.513698
0.485184
0.508422
0.478249
0.4486
0.521707
0.477771
0.484327
0.530249
0.481617
0.47064
0.527198
0.495426
0.49282
0.481714
0.525368
0.523425
0.491796
0.45535
0.480647
0.530647
0.521417
0.447522
0.550732
0.465986
0.496901
0.485737
0.502127
0.511376
0.514272
0.491312
0.457741
0.531886
0.565711
0.538376
0.513578
0.519725
0.556163
0.463974
0.50886
0.506542
0.495578
0.523656
0.503977
0.488388
0.441163
0.49691
0.47064
0.507726
0.48402
0.546832
0.518592
0.536847
0.514543
0.518395
0.443283
0.477087
0.480947
0.519697
0.508855
0.448201
0.535311
0.450565
0.460831
0.532289
0.451503
0.552885
0.452872
0.486624
0.469367
0.477032
0.491984
0.509784
0.499542
0.498791
0.516546
0.495443
0.553291
0.521116
0.531537
0.538205
0.48172
0.555127
0.535332
0.475851
0.488749
0.46471
0.482449
0.502382
0.492221
0.499091
0.496614
0.506228
0.517527
0.527769
0.488529
0.52799
0.478103
0.502171
0.522708
0.482107
0.517196
0.498419
0.507758
0.536811
0.515265
0.555567
0.514491
0.446748
0.557388
0.533698
0.536223
0.492635
0.545052
0.516243
0.495653
0.442347
0.52671
0.490914
0.472685
0.557774
0.491468
0.503601
0.487574
0.471867
0.500279
0.499636
0.513769
0.540206
0.499028
0.516778
0.504829
0.541494
0.447876
0.494305
0.519783
