0.448297
0.568778
0.452727
0.568236
0.411188
0.581034
0.435304
0.576027
0.443887
0.431073
0.532494
0.559159
0.548639
0.505458
0.618299
0.422221
0.701459
0.527035
0.347775
0.564644
0.597261
0.386751
0.582461
0.538564
0.532268
0.533788
0.485449
0.386918
0.563614
0.566466
0.435767
0.485852
0.574328
0.448403
0.537548
0.535092
0.335201
0.531448
0.500226
0.53441
0.393271
0.398947
0.441782
0.453901
0.429988
0.549904
0.417857
0.550274
0.520371
0.426675
0.605313
0.400924
0.687768
0.54581
0.56961
0.422052
0.587098
0.623743
0.321162
0.406672
0.462749
0.296019
0.516591
0.562828
0.515578
0.610805
0.586606
0.551911
0.476737
0.43445
0.572987
0.521492
0.524343
0.438889
0.432966
0.49659
0.292285
0.447734
0.520051
0.437871
0.408731
0.599904
0.576137
0.694764
0.465198
0.646688
0.670526
0.476034
0.455323
0.530175
0.59725
0.529876
0.535745
0.497993
0.492886
0.570137
0.549794
0.391361
0.362831
0.404769
0.61798
0.600455
0.504763
0.417205
0.437532
0.51315
0.593844
0.420819
0.546525
0.490218
0.544941
0.751207
0.496435
0.582088
0.49298
0.480546
0.640203
0.559313
0.433287
0.332799
0.581222
0.46093
0.639575
0.648094
0.541886
0.471902
0.428003
0.389124
0.298668
0.422888
0.461531
0.501938
0.39395
0.662613
0.289557
0.538036
0.473112
0.585132
0.393614
0.614212
0.508685
0.401321
0.460688
0.331114
0.361624
0.425953
0.431497
0.691018
0.593067
0.508766
0.571843
0.449861
0.378215
0.469928
0.590945
0.508094
0.58724
0.507373
0.481436
0.289444
0.58644
0.625485
0.381485
0.376228
0.476093
0.39165
0.36029
0.564361
0.519797
0.559232
0.503966
0.470768
0.533318
0.502544
0.629645
0.370404
0.48928
0.491434
0.381362
0.459638
0.457301
0.290129
0.562109
0.437301
0.537459
0.597003
0.532207
0.564193
0.558246
0.448993
0.55492
0.506404
0.59848
0.296379
0.696033
0.587332
0.555881
0.410711
0.584895
0.467798
0.723338
0.320683
0.420179
0.543206
0.547149
0.67777
0.654452
0.491213
0.529814
0.435512
0.617357
0.52292
0.403234
0.483323
0.438062
0.685108
0.436443
0.50775
0.503344
0.430596
0.655312
0.561151
0.638521
0.518306
0.439891
0.499768
0.424174
0.724171
0.4284
0.410207
0.362413
0.638546
0.595111
0.575402
0.482212
0.395304
0.482668
0.538106
0.524127
0.522346
0.457668
0.502062
0.47047
0.522776
0.421607
0.467956
0.587829
0.490527
0.447583
0.533366
0.324564
0.533744
0.526409
0.592884
0.356736
0.523792
0.394098
0.356664
0.401658
0.407235
0.575946
0.362655
0.519084
0.512731
0.520716
0.489829
0.395797
0.554251
0.611724
0.586729
0.360164
0.476621
0.6299
0.511693
0.598987
0.608863
0.507171
0.438165
0.349787
0.385399
0.64681
0.510498
0.517398
0.564657
0.500661
0.542718
0.614577
0.519189
0.481445
0.534738
0.552079
0.590929
0.551622
0.537522
0.504444
0.499747
0.568567
0.630777
0.453537
0.362984
0.579117
0.383726
0.462622
0.328208
0.444784
0.551599
0.459584
0.640919
0.642276
0.417462
0.608653
0.463508
0.52217
0.521081
0.625793
0.431274
0.621944
0.523514
0.643676
0.675851
0.617785
0.338162
0.557969
0.665916
0.362924
0.616073
0.487415
0.409602
0.598489
0.505268
0.455996
0.532533
0.536193
0.610942
0.556225
0.58998
0.500403
0.465392
0.578424
0.491116
0.480466
0.573573
0.291579
0.607923
0.582414
0.432189
0.537202
0.410804
0.482474
0.627309
0.448369
0.717502
0.573076
0.597455
0.431896
0.46146
0.555342
0.506209
0.452402
0.380261
0.470308
0.400382
0.632791
0.494366
0.57444
0.436819
0.536449
0.29085
0.55324
0.542958
0.422249
0.546398
0.530075
0.633286
0.564245
0.618341
0.465593
0.435871
0.503684
0.502061
0.556405
0.390165
0.551797
0.497584
0.429974
0.659325
0.487549
0.547771
0.595951
0.457316
0.395383
0.304992
0.552449
0.623102
0.563693
0.452735
0.559077
0.381247
0.515618
0.453122
0.576772
0.410289
0.569473
0.610826
0.537816
0.497294
0.526952
0.538434
0.547652
0.689
0.462993
0.377816
0.333421
0.457007
0.441993
0.476595
0.442429
0.576513
0.510842
0.338348
0.557004
0.475104
0.620008
0.559704
0.530526
0.540152
0.599715
0.537013
0.362651
0.480398
0.569002
0.469826
0.520067
0.419334
0.581279
0.407923
0.672382
0.555039
0.610721
0.583188
0.451024
0.553115
0.359672
0.637136
0.452332
0.646469
0.717982
0.499435
0.594274
0.397637
0.530997
0.492323
0.399528
0.436455
0.633688
0.130297
0.615937
0.517846
0.584204
0.454045
0.49863
0.351579
0.380904
0.382068
0.566375
0.437844
0.672707
0.583016
0.408031
0.499551
0.573378
0.366251
0.453222
0.534264
0.466149
0.657726
0.634664
0.515738
0.735873
0.472753
0.557824
0.457038
0.491649
0.616804
0.456914
0.504264
0.543691
0.440003
0.45446
0.361929
0.573941
0.640487
0.454998
0.358069
0.590759
0.456374
0.491723
0.539208
0.583755
0.505581
0.508186
0.5423
0.495654
0.527274
0.595435
0.52285
0.40383
0.64828
0.518253
0.425399
0.354949
0.642285
0.552466
0.664618
0.42193
0.469221
0.418515
0.642283
0.553235
0.576728
0.434842
0.45742
0.460231
0.415152
0.527845
0.673968
0.339224
0.36203
0.423507
0.492304
0.550466
0.571586
0.509029
0.428033
0.57728
0.559257
0.591119
0.433472
0.464193
0.500817
0.590845
0.504276
0.483765
0.470203
0.603255
0.59569
0.507569
0.459667
0.313238
0.429966
0.657582
0.320401
0.497399
0.408461
0.389997
0.631353
0.554967
0.449037
0.614276
0.448427
0.499089
0.55134
0.476026
0.505836
0.30309
0.649621
0.533073
0.63589
0.434594
0.444772
0.329879
0.443028
0.623681
0.414277
0.526241
0.312456
0.499506
0.380819
0.361983
0.453242
0.493137
0.277311
0.540134
0.57031
0.542603
0.678154
0.486874
0.429247
0.349451
0.473542
0.397301
0.422407
0.524386
0.445697
0.501857
0.364314
0.522843
0.362901
0.589039
0.538898
0.609637
0.439275
0.495789
0.590623
0.605097
0.615239
0.527755
0.496113
0.553389
0.395664
0.59737
0.672401
0.517005
0.539707
0.568521
0.472455
0.539681
0.628408
0.472302
0.488179
0.533279
0.6431
0.509191
0.425604
0.43247
0.469775
0.378709
0.536529
0.424304
0.501524
0.47846
0.485388
0.398072
0.343235
0.390178
0.499667
0.574115
0.52977
0.421235
0.396709
0.358523
0.450825
0.495807
0.499291
0.433975
0.432774
0.4907
0.446883
0.535207
0.559784
0.586622
0.479023
0.370913
0.523521
0.456436
0.511789
0.342154
0.572836
0.537755
0.347854
0.370616
0.39179
0.43799
0.455187
0.48837
0.36648
0.395745
0.418932
0.654037
0.508093
0.473258
0.515587
0.548569
0.581684
0.480338
0.478099
0.467105
0.447208
0.331048
0.315037
0.461693
0.351336
0.510167
0.616532
0.602894
0.415653
0.477219
0.424213
0.516594
0.548843
0.461687
0.461877
0.315652
0.467501
0.603752
0.41819
0.584236
0.442252
0.370731
0.542235
0.486041
0.49289
0.430137
0.457244
0.455822
0.538253
0.586072
0.417397
0.396976
0.763625
0.486454
0.527099
0.446189
0.700456
0.684358
0.411675
0.479432
0.420224
0.487511
0.472954
0.421876
0.426314
0.355804
0.682737
0.487602
0.4848
0.507425
0.5617
0.613209
0.467055
0.57001
0.460784
0.46277
0.384147
0.56402
0.606671
0.369808
0.375011
0.531275
0.59248
0.445287
0.367406
0.422413
0.489332
0.318871
0.562719
0.532796
0.523985
0.494004
0.502687
0.527159
0.512255
0.385614
0.358155
0.519112
0.457474
0.472569
0.537016
0.572343
0.517777
0.435252
0.340493
0.566184
0.315522
0.561932
0.603996
0.418982
0.606701
0.395878
0.440755
0.388465
0.447718
0.358445
0.563539
0.469122
0.491427
0.621636
0.691725
0.482357
0.513901
0.416945
0.458063
0.605988
0.317872
0.355542
0.611511
0.415414
0.578371
0.598166
0.569506
0.409587
0.590577
0.651346
0.605123
0.470677
0.549469
0.579886
0.461558
0.557118
0.53535
0.513798
0.468438
0.555504
0.598891
0.491163
0.591463
0.517569
0.433842
0.516698
0.478941
0.384285
0.49511
0.329041
0.475787
0.549887
0.364417
0.458107
0.357606
0.444404
0.385294
0.517102
0.394503
0.51408
0.683698
0.412085
0.586287
0.554826
0.360069
0.565245
0.41779
0.604636
0.58316
0.536344
0.565015
0.526692
0.435539
0.490051
0.539912
0.515633
0.55515
0.49518
0.493551
0.435287
0.386898
0.455126
0.504548
0.446909
0.502701
0.357065
0.461588
0.512762
0.46804
0.690785
0.605953
0.560678
0.427523
0.426269
0.731967
0.570979
0.651531
0.452462
0.450326
0.397956
0.530547
0.567899
0.60129
0.463862
0.423303
0.477209
0.661759
0.464173
0.359381
0.385708
0.622293
0.398625
0.466483
0.497672
0.417136
0.49336
0.437077
0.512072
0.572373
0.405249
0.468683
0.572908
0.494366
0.400267
0.506565
0.469499
0.652621
0.473587
0.587172
0.395426
0.518323
0.529795
0.32514
0.463044
0.401752
0.567474
0.406271
0.633822
0.48886
0.313123
0.443365
0.563004
0.509306
0.52521
0.621367
0.670385
0.475283
0.539897
0.602787
0.537281
0.51249
0.455795
0.383908
0.393047
0.461655
0.655854
0.386809
0.492769
0.361029
0.440295
0.441764
0.601059
0.5273
0.49527
0.559126
0.58515
0.434426
0.547706
0.609318
0.483757
0.446896
0.457588
0.524079
0.356482
0.595974
0.474697
0.401678
0.631799
0.49451
0.437616
0.643302
0.359934
0.467919
0.618601
0.467367
0.540255
0.535981
0.318662
0.443056
0.631058
0.312139
0.493041
0.453875
0.462906
0.593989
0.537985
0.546598
0.364977
0.400715
0.495552
0.440453
0.47715
0.470219
0.633934
0.465985
0.45884
0.560768
0.436577
0.572512
0.618869
0.608969
0.484153
0.687668
0.478953
0.477943
0.439225
0.432013
0.546653
0.486598
0.544225
0.586267
0.511931
0.442908
0.419145
0.678215
0.394729
0.411173
0.596127
0.500891
0.359261
0.62524
0.55391
0.393162
0.574004
0.516695
0.415884
0.408379
0.334652
0.559091
0.551274
0.566277
0.580564
0.436284
0.469772
0.427849
0.52354
0.424987
0.425682
0.452449
0.571024
0.638695
0.648478
0.59091
0.464123
0.512145
0.392405
0.637978
0.564103
0.512531
0.548562
0.411932
0.609315
0.545688
0.488683
0.34875
0.527785
0.682547
0.61061
0.392733
0.528967
0.463123
0.531235
0.335037
0.511461
0.442401
0.523461
0.59607
0.611765
0.324461
0.519533
0.567271
0.482412
0.388239
0.503856
0.622297
0.526142
0.54036
0.494191
0.477184
0.526007
0.537483
0.460923
0.323583
0.399616
0.502656
0.459865
0.478688
0.469009
0.517199
0.454832
0.59004
0.475897
0.60166
0.382025
0.502858
0.485342
0.606426
0.559025
0.342163
0.409162
0.414605
0.666982
0.581409
0.443707
0.516823
0.535384
0.363934
0.454855
0.549601
0.334538
0.513029
0.45642
0.496033
0.431712
0.41098
0.516404
0.62949
0.392642
0.446955
0.488841
0.538122
0.610903
0.428153
0.507215
0.599966
0.523422
0.518149
0.488781
0.685472
0.521181
0.510909
0.387324
0.446336
0.289967
0.468474
0.495247
0.706505
0.51677
0.344861
0.434087
0.603302
0.573238
0.488222
0.485914
0.433614
0.538384
0.357884
0.406274
0.542134
0.44848
0.512379
0.522688
0.545674
0.462912
0.619134
0.560946
0.419606
0.710509
0.506006
0.554744
0.479501
0.531652
0.419381
0.482495
0.273085
0.457258
0.573102
0.538406
0.554654
0.566502
0.566998
0.683213
0.546126
0.64094
0.523332
0.633247
0.395929
0.383451
0.634018
0.634766
0.42897
0.696222
0.530986
0.433792
0.637944
0.612769
0.486597
0.589962
0.498299
0.554769
0.420556
0.496182
0.396169
0.535258
0.534289
0.454164
0.440646
0.555544
0.513293
0.419191
0.388793
0.543941
0.432487
0.46575
0.543808
0.560235
0.469131
0.538959
0.693798
0.540566
0.472416
0.544966
0.440665
0.583181
0.458341
0.496823
0.625601
0.476307
0.59305
0.670575
0.489759
0.445178
0.497304
0.539621
0.415669
0.646012
0.449326
0.54366
0.377019
0.560534
0.482762
0.411835
0.581445
0.445411
0.571037
0.397955
0.422998
0.466756
0.758939
0.698961
0.567997
0.600626
0.446762
0.316093
0.480012
0.606233
0.551891
0.581474
0.446732
0.479368
0.567237
0.511133
0.503536
0.369299
0.605469
0.458758
0.655575
0.493213
0.462507
0.532742
0.382252
0.408046
0.453275
0.402389
0.464973
0.5003
0.467266
0.557413
0.511109
0.530271
0.460966
0.598136
0.554109
0.517856
0.548739
0.522099
0.391775
0.582913
0.57331
0.436055
0.481688
0.453905
0.631487
0.460611
0.544861
0.634376
0.600338
0.608056
0.535686
0.467541
0.353515
0.502198
0.418286
0.365103
0.476999
0.67232
0.546427
0.567146
0.388049
0.391638
0.476154
0.575773
0.530657
0.443926
0.54736
0.555913
0.465368
0.490255
0.552532
0.422504
0.390842
0.371084
0.567926
0.634067
0.529055
0.517206
0.654494
0.388428
0.675601
0.456336
0.542869
0.467149
0.461045
0.490436
0.598798
0.501025
0.588842
0.582098
0.422384
0.529735
0.509855
0.426659
0.366595
0.504579
0.463034
0.599927
0.46747
0.53397
0.656355
0.559752
0.460522
0.397136
0.381646
0.642886
0.614858
0.4523
0.551464
0.536929
0.44856
0.541341
0.615699
0.420372
0.495904
0.543758
0.46015
0.552077
0.479045
0.358524
0.5088
0.354797
0.393797
0.493194
0.646098
0.475618
0.351186
0.51542
0.445043
0.619489
0.323488
0.472818
0.431431
0.640291
0.525482
0.512879
0.534139
0.537181
0.518688
0.635437
0.66585
0.542203
0.458401
0.385964
0.348166
0.498482
0.510326
0.548749
0.739578
0.51655
0.44571
0.424799
0.544297
0.359685
0.480835
0.480085
0.374475
0.347366
0.458816
0.525535
0.407894
0.3793
0.478647
0.440954
0.427702
0.570679
0.358497
0.580831
0.550339
0.552681
0.57726
0.300791
0.442309
0.530452
0.670413
0.519203
0.395975
0.404125
0.363271
0.27926
0.479124
0.646687
0.606741
0.702626
0.69253
0.295816
0.437728
0.626499
0.564312
0.355051
0.518349
0.391768
0.479407
0.512986
0.615196
0.600678
0.386985
0.477419
0.461843
0.488221
0.34821
0.484683
0.504899
0.552253
0.481235
0.482699
0.465893
0.56311
0.52988
0.499495
0.558316
0.424276
0.426969
0.597314
0.5812
0.481454
0.642815
0.575628
0.467608
0.478147
0.50391
0.424715
0.598477
0.531657
0.536356
0.444706
0.499254
0.454185
0.533159
0.533307
0.418827
0.669495
0.464005
0.408665
0.647259
0.476382
0.440669
0.472154
0.560884
0.485984
0.52076
0.52911
0.490329
0.310725
0.677022
0.373844
0.589101
0.708502
0.478929
0.508534
0.537359
0.486459
0.527884
0.703888
0.247553
0.444532
0.556811
0.622741
0.545645
0.48966
0.549504
0.616026
0.483633
0.377412
0.454609
0.563873
0.496162
0.438498
0.663637
0.472815
0.446014
0.423458
0.491962
0.353413
0.610305
0.349572
0.446269
0.590877
0.54126
0.459845
0.481453
0.484518
0.492454
0.604673
0.34451
0.670183
0.433444
0.532605
0.572483
0.453088
0.382749
0.42737
0.356046
0.566738
0.371168
0.45414
0.499886
0.536924
0.504445
0.578781
0.605502
0.568055
0.326347
0.599599
0.371648
0.382358
0.390217
0.381911
0.452114
0.330786
0.429134
0.511515
0.530116
0.457724
0.571803
0.48393
0.46307
0.439884
0.583367
0.522069
0.421068
0.533059
0.417341
0.56576
0.286902
0.348677
0.546901
0.702349
0.405017
0.445393
0.5008
0.408358
0.361298
0.459221
0.461217
0.547995
0.545133
0.709009
0.487855
0.425061
0.489721
0.602315
0.514667
0.510592
0.406141
0.430056
0.422594
0.469369
0.42119
0.376547
0.723739
0.484183
0.298589
0.58487
0.499437
0.427545
0.56762
0.405746
0.616711
0.556301
0.702851
0.521408
0.504624
0.305402
0.493083
0.574226
0.404082
0.532856
0.707235
0.443134
0.511671
0.618656
0.509362
0.399174
0.520134
0.446296
0.294585
0.434766
0.515141
0.59622
0.612191
0.299589
0.520017
0.556377
0.511743
0.689236
0.587137
0.505805
0.59253
0.421108
0.51673
0.452948
0.456242
0.395246
0.540857
0.611224
0.557274
0.376139
0.442362
0.4701
0.314614
0.344794
0.385623
0.470745
0.693757
0.458629
0.617982
0.521084
0.286688
0.520055
0.457723
0.385896
0.512428
0.592883
0.416544
0.363337
0.530242
0.518966
0.411468
0.610077
0.30208
0.475781
0.603182
0.603025
0.560397
0.578924
0.454828
0.526365
0.532
0.471785
0.637281
0.448455
0.638119
0.257942
0.51402
0.603878
0.535419
0.720096
0.420677
0.421742
0.482209
0.432656
0.411428
0.442092
0.408634
0.413352
0.476389
0.738101
0.539155
0.272554
0.54123
0.412452
0.560182
0.407231
0.542235
0.562142
0.445218
0.649797
0.627097
0.506692
0.544436
0.620335
0.363717
0.550545
0.415129
0.344013
0.546362
0.601208
0.313997
0.483739
0.570547
0.590478
0.491779
0.501439
0.605002
0.646871
0.525266
0.399564
0.521198
0.443154
0.491259
0.507774
0.447837
0.493664
0.431561
0.667965
0.599838
0.40188
0.377647
0.534144
0.788304
0.459492
0.498155
0.541901
0.45004
0.573989
0.5019
0.615521
0.44219
0.352576
0.673623
0.569061
0.429623
0.396018
0.439236
0.620997
0.449687
0.656766
0.751848
0.580323
0.471028
0.591523
0.559373
0.375278
0.670164
0.489188
0.55909
0.384129
0.431567
0.480883
0.564008
0.490772
0.434007
0.539565
0.600468
0.426128
0.417959
0.352492
0.525906
0.469649
0.435922
0.500612
0.600252
0.673495
0.469488
0.504698
0.463977
0.535243
0.454067
0.598866
0.370313
0.483265
0.584198
0.567866
0.688711
0.552181
0.579387
0.635331
0.44114
0.614095
0.47247
0.615952
0.652352
0.394601
0.539525
0.445315
0.689767
0.540791
0.622364
0.476942
0.538182
0.521847
0.501703
0.386826
0.399006
0.431002
0.461115
0.451558
0.523293
0.421005
0.538913
0.466916
0.582348
0.74345
0.597133
0.549571
0.549218
0.475662
0.443829
0.515329
0.708923
0.607061
0.526908
0.553139
0.5348
0.42026
0.47479
0.514849
0.362871
0.640384
0.291173
0.5165
0.365672
0.539421
0.518246
0.497702
0.57152
0.470665
0.364715
0.311435
0.594721
0.471615
0.352023
0.417407
0.43674
0.511958
0.564202
0.627846
0.38792
0.576556
0.493803
0.405437
0.503834
0.461641
0.558402
0.438841
0.549889
0.525686
0.719182
0.422066
0.602367
0.474719
0.56517
0.539694
0.463568
0.475131
0.433676
0.510789
0.593286
0.475278
0.619579
0.470061
0.478382
0.480508
0.38307
0.565671
0.556714
0.664479
0.397566
0.528815
0.481264
0.412947
0.486459
0.521024
0.554794
0.58446
0.679473
0.690895
0.484911
0.53571
0.476376
0.572755
0.403957
0.397517
0.537853
0.335517
0.567657
0.400783
0.530375
0.440799
0.390993
0.539945
0.433921
0.495149
0.399328
0.524812
0.578445
0.581976
0.467283
0.409913
0.507022
0.634611
0.487462
0.603759
0.47062
0.562667
0.455597
0.448748
0.44149
0.669668
0.478262
0.425655
0.289186
0.600685
0.503801
0.375001
0.495278
0.534514
0.446663
0.540822
0.389823
0.285701
0.519873
0.630669
0.474724
0.607496
0.609883
0.648945
0.656096
0.487616
0.622588
0.398955
0.439844
0.404468
0.498836
0.362357
0.451636
0.462248
0.442251
0.552932
0.524511
0.449156
0.421783
0.404931
0.55441
0.563701
0.405857
0.394492
0.3559
0.529884
0.554593
0.505927
0.457445
0.672809
0.541047
0.442952
0.457581
0.452067
0.39199
0.348204
0.420379
0.35101
0.633244
0.432699
0.520631
0.495819
0.394161
0.630134
0.456216
0.529041
0.570324
0.479233
0.427126
0.488071
0.463103
0.600624
0.53767
0.339817
0.609229
0.372999
0.510419
0.298566
0.583077
0.426605
0.507452
0.504882
0.498866
0.460382
0.536543
0.569098
0.559552
0.652365
0.476896
0.58379
0.59368
0.571223
0.491145
0.485384
0.49101
0.510107
0.497285
0.39581
0.492285
0.452256
0.656304
0.500943
0.407985
0.441095
0.388261
0.523309
0.535512
0.56582
0.361623
0.522337
0.313714
0.586782
0.407688
0.606214
0.598252
0.61323
0.493956
0.465182
0.560778
0.609272
0.547342
0.636901
0.409487
0.642187
0.450159
0.49027
0.298097
0.600511
0.538816
0.564903
0.43485
0.397588
0.417234
0.629205
0.522669
0.53957
0.553989
0.520811
0.456128
0.475126
0.564232
0.408905
0.570418
0.4574
0.484468
0.36873
0.582051
0.437045
0.530311
0.38437
0.480524
0.668431
0.484348
0.596688
0.52476
0.549425
0.293301
0.389061
0.467618
0.428394
0.560679
0.654346
0.476324
0.500387
0.603168
0.412294
0.436215
0.477736
0.596018
0.447405
0.519679
0.558564
0.564741
0.513002
0.471757
0.53001
0.58743
0.398078
0.508365
0.531244
0.654086
0.579257
0.342639
0.564607
0.486323
0.680996
0.549442
0.381542
0.452895
0.44291
0.347599
0.683207
0.523488
0.443933
0.423948
0.463979
0.485269
0.358741
0.442847
0.589332
0.503715
0.522721
0.479286
0.537843
0.441264
0.45748
0.4833
0.450365
0.554371
0.459724
0.527906
0.41771
0.371588
0.682083
0.612308
0.401415
0.5123
0.535259
0.486667
0.520504
0.637807
0.316639
0.534239
0.650403
0.633437
0.421324
0.491238
0.368452
0.60245
0.317266
0.604296
0.643747
0.509491
0.667022
0.519931
0.707333
0.443379
0.554399
0.56996
0.652013
0.476095
0.525044
0.561333
0.499384
0.476798
0.575822
0.598397
0.634913
0.49678
0.428596
0.660104
0.550232
0.473286
0.499825
0.52425
0.545026
0.407149
0.628137
0.575332
0.529246
0.451222
0.447871
0.452147
0.62961
0.503644
0.497307
0.685807
0.442658
0.43197
0.52613
0.348336
0.289894
0.361256
0.317422
0.576599
0.418856
0.441215
0.465276
0.355794
0.457201
0.364571
0.549907
0.441301
0.465199
0.440813
0.5279
0.667206
0.445307
0.53652
0.506042
0.434333
0.655752
0.575534
0.392933
0.490179
0.338385
0.549209
0.523397
0.607654
0.509287
0.419072
0.42644
0.639061
0.573928
0.401202
0.458337
0.466292
0.416963
0.4037
0.548173
0.387754
0.380006
0.445641
0.503961
0.577031
0.479021
0.317937
0.503243
0.517884
0.426257
0.353561
0.642853
0.564653
0.509901
0.456617
0.748301
0.49671
0.347966
0.396792
0.444034
0.53011
0.271131
0.507714
0.46159
0.519141
0.602615
0.534816
0.613463
0.624984
0.391381
0.660318
0.586254
0.448244
0.418284
0.489951
0.607493
0.416629
0.433051
0.318128
0.616271
0.688606
0.593262
0.39524
0.518626
0.578357
0.564762
0.302832
0.434386
0.626941
0.606267
0.499423
0.342972
0.439049
0.399134
0.431762
0.411429
0.474303
0.396626
0.513365
0.53876
0.526569
0.455219
0.454184
0.576375
0.444286
0.77381
0.382307
0.4853
0.639345
0.404974
0.630611
0.366536
0.501586
0.615675
0.66833
0.451748
0.280505
0.563133
0.43951
0.467258
0.3153
0.414821
0.627394
0.385071
0.388928
0.479869
0.395766
0.550486
0.351334
0.432396
0.665338
0.526567
0.601609
0.595611
0.365305
0.521591
0.438301
0.518771
0.357199
0.566331
0.481681
0.417398
0.560219
0.583818
0.441274
0.460413
0.51425
0.445035
0.446497
0.476133
0.498794
0.429735
0.577786
0.51237
0.383106
0.412394
0.43013
0.52413
0.4148
0.569064
0.51043
0.475719
0.361294
0.251697
0.414679
0.732313
0.500425
0.50226
0.55045
0.579363
0.713648
0.479782
0.464736
0.446452
0.36723
0.449218
0.406696
0.525544
0.473909
0.531821
0.399418
0.561801
0.50949
0.542484
0.614312
0.358459
0.415908
0.540294
0.636308
0.575528
0.554307
0.494336
0.377535
0.51534
0.378704
0.517531
0.641708
0.476294
0.382868
0.347128
0.560982
0.419381
0.530047
0.451191
0.421551
0.530376
0.507213
0.416253
0.463801
0.47389
0.452551
0.622056
0.587379
0.523686
0.686901
0.535106
0.611047
0.717034
0.736949
0.353516
0.531728
0.519081
0.669945
0.511435
0.296687
0.396551
0.466795
0.602112
0.447326
0.488331
0.542382
0.404429
0.512577
0.523814
0.479005
0.49853
0.524454
0.678118
0.670873
0.531946
0.497803
0.566612
0.384597
0.448399
0.560863
0.369441
0.52268
0.317239
0.542764
0.440027
0.534012
0.602282
0.618612
0.489813
0.447425
0.384551
0.482364
0.554784
0.511394
0.404235
0.562205
0.437602
0.504983
0.412973
0.512685
0.682442
0.342195
0.528298
0.612399
0.577923
0.523893
0.457927
0.465526
0.59681
0.49849
0.512308
0.350069
0.569419
0.474667
0.649644
0.475181
0.65096
0.486365
0.598395
0.604486
0.681342
0.342363
0.578023
0.371823
0.549204
0.49977
0.489548
0.360405
0.360281
0.582797
0.573248
0.535876
0.373423
0.425191
0.43162
0.518315
0.505931
0.546778
0.29152
0.447748
0.523114
0.681538
0.430139
0.342252
0.515262
0.656737
0.415302
0.467304
0.628531
0.579603
0.511321
0.529517
0.554478
0.620116
0.577434
0.577447
0.396305
0.485481
0.536639
0.536715
0.518131
0.463906
0.618503
0.52618
0.446895
0.672317
0.480333
0.396448
0.434772
0.4747
0.386838
0.501543
0.503276
0.444759
0.479237
0.459071
0.478501
0.42864
0.49051
0.673774
0.590211
0.520489
0.464294
0.393863
0.445815
0.595631
0.610704
0.439086
0.503498
0.453216
0.583131
0.483999
0.457097
0.602193
0.485852
0.399432
0.408562
0.481489
0.323085
0.449702
0.542152
0.637341
0.57588
0.512626
0.52777
0.587722
0.44403
0.533933
0.369146
0.38585
0.515969
0.247206
0.575839
0.451801
0.5304
0.485012
0.476325
0.573284
0.369183
0.476407
0.602713
0.583637
0.371781
0.470541
0.5659
0.40718
0.587361
0.545617
0.503293
0.519056
0.48143
0.556987
0.319457
0.498736
0.589623
0.547697
0.453378
0.363395
0.462122
0.589331
0.594278
0.649401
0.467883
0.540538
0.431211
0.567175
0.62868
0.505131
0.559953
0.48673
0.528746
0.341229
0.483986
0.418226
0.496565
0.417383
0.534634
0.633878
0.381145
0.531209
0.498713
0.43465
0.545914
0.500559
0.580338
0.597117
0.579112
0.406782
0.436789
0.542985
0.57039
0.514196
0.516649
0.655741
0.329052
0.50937
0.491679
0.425946
0.520215
0.498404
0.412207
0.738742
0.370886
0.669874
0.429057
0.624126
0.44878
0.675676
0.513353
0.472629
0.54246
0.401522
0.368798
0.576025
0.572179
0.493367
0.46931
0.484758
0.436562
0.475584
0.468191
0.580783
0.451071
0.441233
0.613268
0.646564
0.459962
0.514312
0.565743
0.367997
0.504226
0.678379
0.558757
0.441055
0.403809
0.535505
0.54496
0.458988
0.463133
0.504018
0.370673
0.538945
0.334796
0.483047
0.57747
0.5039
0.477048
0.506396
0.570345
0.667818
0.516443
0.477815
0.504865
0.379008
0.577866
0.42427
0.334001
0.558665
0.469882
0.423324
0.518643
0.528598
0.514166
0.455312
0.544023
0.45421
0.383525
0.400476
0.497621
0.535811
0.763836
0.545802
0.352358
0.56336
0.580976
0.485799
0.462186
0.406808
0.534625
0.496007
0.415464
0.446183
0.556579
0.527553
0.304777
0.352651
0.462022
0.4156
0.460163
0.413776
0.387959
0.614063
0.455955
0.653252
0.513811
0.563508
0.439775
0.427403
0.534945
0.568669
0.545448
0.387787
0.510699
0.406557
0.439919
0.581267
0.534243
0.405661
0.517538
0.315934
0.572386
0.431286
0.393331
0.453314
0.399242
0.581574
0.560177
0.394318
0.598437
0.443323
0.563107
0.408413
0.634308
0.376223
0.507183
0.412539
0.393358
0.488669
0.453723
0.438319
0.572973
0.337845
0.272926
0.433148
0.445228
0.331291
0.409205
0.522765
0.549358
0.526727
0.378843
0.519961
0.36727
0.521387
0.657847
0.496086
0.612241
0.391705
0.531185
0.539074
0.511743
0.488695
0.362828
0.503718
0.591108
0.613884
0.609354
0.416956
0.665516
0.595235
0.538108
0.532983
0.523599
0.351979
0.524212
0.340003
0.53671
0.58184
0.488999
0.502502
0.453692
0.523646
0.505735
0.579916
0.54178
0.44287
0.436748
0.594634
0.410021
0.557161
0.679392
0.429288
0.502411
0.663464
0.386544
0.415305
0.473696
0.447849
0.490611
0.431769
0.361601
0.653726
0.498304
0.565603
0.444996
0.553614
0.536727
0.49119
0.328315
0.614206
0.519609
0.509518
0.41832
0.463965
0.665765
0.54401
0.560068
0.567053
0.34019
0.522199
0.374755
0.476893
0.401449
0.379473
0.592833
0.58722
0.427303
0.403103
0.601659
0.517994
0.453809
0.591847
0.52763
0.468089
0.601402
0.438412
0.44861
0.536195
0.474753
0.349112
0.583188
0.655901
0.511466
0.697091
0.529115
0.510472
0.417988
0.562483
0.424038
0.48735
0.469351
0.444967
0.577435
0.401929
0.562663
0.441136
0.373426
0.464737
0.602564
0.561198
0.469929
0.585609
0.560103
0.616513
0.420412
0.503043
0.484813
0.44151
0.420255
0.496419
0.56302
0.520587
0.530538
0.483295
0.40371
0.472576
0.657842
0.423545
0.496562
0.40245
0.369431
0.346616
0.525019
0.661915
0.498972
0.387721
0.53059
0.367614
0.548719
0.463317
0.412802
0.507679
0.619877
0.735741
0.51255
0.424382
0.603646
0.511417
0.464854
0.492713
0.641208
0.586577
0.420307
0.621686
0.511739
0.498957
0.522794
0.387257
0.333252
0.463487
0.294337
0.562742
0.561924
0.464493
0.516191
0.544656
0.451282
0.446485
0.60863
0.478926
0.383451
0.590132
0.400093
0.474479
0.610408
0.57954
0.539695
0.448212
0.544011
0.3615
0.645346
0.577393
0.409301
0.466897
0.593032
0.442582
0.526416
0.409
0.44107
0.52618
0.512174
0.492879
0.546453
0.58875
0.493222
0.36475
0.568661
0.477282
0.398386
0.299546
0.469616
0.426609
0.54866
0.569568
0.506712
0.497225
0.48905
0.456599
0.679169
0.449741
0.507261
0.564379
0.526208
0.588321
0.360016
0.357889
0.388847
0.61239
0.478547
0.500421
0.335385
0.598007
0.450612
0.478916
0.413931
0.587271
0.577155
0.602631
0.43362
0.496206
0.477501
0.629685
0.489417
0.458569
0.567783
0.320573
0.433729
0.505071
0.463052
0.437303
0.561283
0.334532
0.454322
0.401287
0.412048
0.565513
0.487578
0.392688
0.610231
0.464015
0.522549
0.61845
0.545676
0.524853
0.474834
0.495755
0.46727
0.341348
0.545764
0.392196
0.496243
0.430007
0.320134
0.533476
0.380521
0.483916
0.562745
0.433994
0.499595
0.410554
0.470478
0.425169
0.592619
0.466822
0.53738
0.550947
0.520759
0.536074
0.46605
0.469397
0.488083
0.498989
0.509377
0.54389
0.333561
0.632133
0.55247
0.426859
0.470035
0.325117
0.445405
0.633662
0.484287
0.539277
0.573175
0.473638
0.525637
0.537819
0.500053
0.549926
0.498745
0.499428
0.551298
0.459189
0.339626
0.584357
0.395978
0.516912
0.592111
0.554041
0.570424
0.503432
0.515317
0.452323
0.532616
0.470464
0.440937
0.438403
0.263605
0.467338
0.562455
0.618651
0.332832
0.440755
0.676687
0.456458
0.419994
0.431372
0.311284
0.546339
0.536892
0.535053
0.660185
0.620514
0.518482
0.516179
0.412214
0.513245
0.45311
0.454911
0.396348
0.540224
0.497717
0.479867
0.380458
0.457342
0.574574
0.582155
0.648569
0.445207
0.37187
0.526295
0.545019
0.6228
0.571302
0.468046
0.512142
0.525691
0.401529
0.458708
0.461388
0.591279
0.467218
0.559995
0.506089
0.375539
0.629098
0.513114
0.547344
0.582792
0.611314
0.500194
0.342778
0.722054
0.488067
0.405773
0.501231
0.510536
0.452377
0.630551
0.534688
0.526919
0.49554
0.629169
0.462064
0.574039
0.626657
0.538298
0.497716
0.542657
0.637387
0.530847
0.370872
0.475026
0.56785
0.576648
0.410392
0.608983
0.5554
0.509483
0.592629
0.540351
0.548764
0.594874
0.488369
0.373426
0.545819
0.362568
0.558156
0.436401
0.564062
0.312192
0.633581
0.620587
0.378622
0.520079
0.38537
0.459309
0.463429
0.269808
0.517431
0.594424
0.446931
0.498506
0.439254
0.485394
0.444566
0.495527
0.457382
0.597924
0.455925
0.309621
0.589919
0.566164
0.41537
0.41527
0.54634
0.654539
0.560629
0.558356
0.528146
0.452282
0.434672
0.545909
0.494187
0.315775
0.361957
0.364168
0.397759
0.630863
0.540924
0.403756
0.540854
0.299287
0.570378
0.640264
0.504237
0.560471
0.478197
0.563115
0.500297
0.641876
0.546586
0.565063
0.658902
0.388203
0.428862
0.499254
0.59476
0.551746
0.628549
0.480273
0.518094
0.533217
0.562347
0.65017
0.538691
0.344412
0.354305
0.349945
0.476683
0.721106
0.709325
0.631539
0.531701
0.446614
0.589891
0.614899
0.575306
0.553459
0.570717
0.539203
0.619918
0.552638
0.571767
0.476881
0.580693
0.397019
0.470893
0.473589
0.385136
0.317392
0.373126
0.346829
0.398473
0.576783
0.664421
0.720425
0.521116
0.370628
0.503445
0.49163
0.47782
0.457442
0.405775
0.422126
0.556421
0.536689
0.550673
0.51374
0.567319
0.497517
0.491343
0.574234
0.583158
0.444137
0.675414
0.398029
0.38143
0.260581
0.583126
0.581281
0.551011
0.409659
0.566493
0.560253
0.336926
0.567937
0.623514
0.406446
0.485918
0.580605
0.567265
0.5315
0.518666
0.37712
0.550483
0.649392
0.492796
0.420555
0.482061
0.413004
0.434102
0.67061
0.32262
0.586648
0.601665
0.42227
0.472132
0.43569
0.515869
0.439124
0.463333
0.608915
0.516555
0.532413
0.550464
0.458839
0.631861
0.443859
0.433625
0.589676
0.42658
0.572417
0.584857
0.442229
0.462133
0.54207
0.442806
0.41947
0.438535
0.53986
0.518621
0.626143
0.502042
0.360349
0.606525
0.540224
0.390405
0.574747
0.618274
0.453616
0.450974
0.499989
0.361485
0.414004
0.60516
0.575045
0.457629
0.469285
0.446043
0.558801
0.446228
0.560567
0.444205
0.545873
0.647614
0.429232
0.600137
0.653754
0.457352
0.298087
0.519862
0.466699
0.621237
0.556189
0.403684
0.528833
0.490553
0.321424
0.326265
0.660939
0.383042
0.574473
0.449514
0.532469
0.375848
0.652327
0.448035
0.452315
0.432444
0.559039
0.440193
0.448924
0.416363
0.395929
0.50611
0.692365
0.570317
0.433013
0.537198
0.568006
0.540068
0.637914
0.500116
0.543458
0.498213
0.548094
0.411319
0.377498
0.573814
0.41674
0.406642
0.401717
0.619574
0.582186
0.453655
0.562651
0.349074
0.405282
0.392795
0.644196
0.352328
0.488644
0.506573
0.497146
0.448734
0.436269
0.604418
0.584706
0.462235
0.531503
0.374026
0.60988
0.404336
0.605906
0.688341
0.422658
0.526358
0.441077
0.470583
0.511957
0.653126
0.290034
0.508036
0.3693
0.436041
0.524281
0.668553
0.568262
0.464297
0.607218
0.512061
0.435717
0.448757
0.36408
0.602588
0.597986
0.543796
0.763139
0.614657
0.366978
0.298214
0.642409
0.491125
0.488486
0.527066
0.410648
0.447881
0.506798
0.472085
0.420965
0.634048
0.506843
0.469108
0.559881
0.444647
0.477094
0.466739
0.51423
0.545953
0.49351
0.641229
0.47279
0.61205
0.556809
0.428354
0.38911
0.484378
0.522406
0.443857
0.576477
0.554347
0.444376
0.589775
0.525554
0.732375
0.411841
0.544792
0.629697
0.404974
0.3882
0.512503
0.57254
0.494815
0.470657
0.552276
0.376918
0.526966
0.469541
0.643187
0.433793
0.567775
0.563932
0.532248
0.324296
0.441169
0.422146
0.393989
0.517619
0.640405
0.582653
0.479164
0.571952
0.541599
0.573046
0.456205
0.485222
0.588636
0.701711
0.449763
0.536928
0.557345
0.388853
0.556512
0.631879
0.520112
0.410607
0.469136
0.401183
0.720372
0.411957
0.365213
0.635363
0.429714
0.501232
0.518496
0.41902
0.49861
0.670991
0.565864
0.505964
0.425057
0.497108
0.714003
0.318306
0.553706
0.549939
0.495652
0.372501
0.481336
0.508452
0.386036
0.429873
0.382801
0.600254
0.465896
0.538703
0.584882
0.497455
0.468275
0.479459
0.50372
0.580381
0.472056
0.544312
0.424829
0.43813
0.405971
0.676581
0.442943
0.407038
0.602616
0.565312
0.592235
0.655125
0.592788
0.534702
0.585738
0.502642
0.456216
0.48763
0.446065
0.425857
0.345574
0.457072
0.247824
0.323254
0.576415
0.588714
0.605383
0.430359
0.426458
0.322621
0.627942
0.451417
0.413456
0.46133
0.427141
0.533203
0.421623
0.606274
0.600709
0.538257
0.422406
0.513988
0.528948
0.481877
0.386157
0.568061
0.709134
0.579234
0.507048
0.482339
0.616173
0.505997
0.264336
0.44541
0.616163
0.407904
0.418902
0.585944
0.572774
0.401718
0.49472
0.482977
0.374635
0.392075
0.520745
0.464772
0.575225
0.385728
0.709443
0.634412
0.675015
0.316737
0.62401
0.429817
0.488908
0.6032
0.537067
0.370414
0.630298
0.438121
0.609439
0.562193
0.506357
0.474068
0.518372
0.527465
0.457431
0.593292
0.440355
0.495096
0.586717
0.762014
0.444462
0.431612
0.514657
0.54962
0.377946
0.513001
0.355801
0.550528
0.426564
0.631672
0.554128
0.478529
0.407921
0.502468
0.326122
0.510434
0.506885
0.476236
0.449191
0.337884
0.587916
0.488939
0.396261
0.443231
0.319916
0.468849
0.455697
0.647393
0.42503
0.493891
0.588965
0.384657
0.413541
0.435732
0.566722
0.54141
0.592864
0.446731
0.587335
0.252816
0.539346
0.340438
0.420067
0.483494
0.497433
0.485796
0.628489
0.62527
0.521484
0.479801
0.417927
0.627122
0.401334
0.382845
0.414067
0.52946
0.413482
0.495554
0.41808
0.606913
0.615536
0.525407
0.496957
0.530831
0.352368
0.336009
0.55599
0.444744
0.368179
0.691373
0.603622
0.403035
0.519478
0.402146
0.457199
0.455139
0.359743
0.45019
0.451388
0.464592
0.417333
0.412514
0.599364
0.634295
0.413973
0.525048
0.420087
0.366381
0.471955
0.521295
0.483341
0.417125
0.43393
0.450426
0.537416
0.614333
0.469998
0.623923
0.372666
0.486705
0.572543
0.559376
0.637392
0.411707
0.340066
0.484626
0.56083
0.52047
0.32704
0.434912
0.551279
0.305323
0.487597
0.520266
0.525698
0.457567
0.566629
0.559896
0.390362
0.620119
0.692687
0.474852
0.33048
0.371724
0.502807
0.599778
0.579935
0.566418
0.480226
0.619106
0.330589
0.534002
0.41167
0.652571
0.503893
0.604272
0.37173
0.609445
0.545801
0.549826
0.4176
0.500443
0.619291
0.549265
0.528225
0.340768
0.557061
0.554654
0.647708
0.397292
0.600249
0.504143
0.493587
0.527418
0.387329
0.45266
0.566397
0.626682
0.370576
0.500647
0.44768
0.546689
0.525827
0.482814
0.29943
0.464518
0.584491
0.535935
0.478695
0.379254
0.455082
0.696733
0.556879
0.480828
0.414818
0.487945
0.484048
0.580902
0.440108
0.332662
0.46432
0.715036
0.308021
0.394103
0.309222
0.519938
0.539142
0.569989
0.411656
0.559093
0.465464
0.477726
0.633915
0.514638
0.395274
0.548638
0.528947
0.482846
0.710263
0.506507
0.514888
0.405129
0.568363
0.537738
0.39861
0.536017
0.499113
0.467459
0.494869
0.49406
0.566616
0.437935
0.513374
0.461172
0.638457
0.542684
0.386902
0.390454
0.637196
0.701714
0.489365
0.552043
0.564379
0.470351
0.643506
0.491108
0.475238
0.556124
0.543689
0.691598
0.345588
0.375252
0.520029
0.533917
0.510651
0.71226
0.645891
0.504212
0.568879
0.453314
0.541558
0.45749
0.532076
0.545896
0.552669
0.456329
0.666435
0.494439
0.48278
0.501451
0.607376
0.433631
0.435217
0.439988
0.344348
0.428053
0.470144
0.581778
0.46004
0.42893
0.508561
0.473576
0.471744
0.575729
0.415727
0.575577
0.460863
0.56243
0.472284
0.554206
0.48987
0.395276
0.592149
0.549641
0.594286
0.450892
0.571992
0.596067
0.50053
0.600642
0.457943
0.567199
0.558776
0.399166
0.290914
0.589147
0.493244
0.442039
0.542727
0.5072
0.560605
0.479554
0.481003
0.612683
0.3705
0.530635
0.50157
0.430524
0.560416
0.472936
0.442907
0.637732
0.630474
0.492207
0.447928
0.627503
0.631946
0.556039
0.364207
0.653218
0.466604
0.534126
0.474507
0.381098
0.492289
0.419229
0.325263
0.44985
0.643375
0.410041
0.571454
0.680138
0.463056
0.499189
0.682077
0.596267
0.407709
0.566649
0.451225
0.416978
0.621826
0.410866
0.435528
0.341803
0.595317
0.456915
0.489532
0.503954
0.603252
0.363064
0.496352
0.580233
0.491401
0.404128
0.39171
0.743019
0.609202
0.34205
0.455265
0.508881
0.50508
0.601154
0.593921
0.482919
0.587309
0.347558
0.367571
0.617466
0.416905
0.529278
0.508526
0.598299
0.6373
0.565553
0.461655
0.641059
0.558849
0.580995
0.623038
0.725102
0.504486
0.462148
0.580732
0.511523
0.486141
0.671133
0.562006
0.486651
0.419788
0.583024
0.367213
0.44182
0.700321
0.420681
0.521213
0.44477
0.345665
0.542761
0.39908
0.577551
0.482893
0.597697
0.583569
0.710338
0.487328
0.588419
0.587637
0.450106
0.498943
0.499671
0.526063
0.647628
0.528618
0.521772
0.446011
0.665803
0.730113
0.561719
0.527158
0.506841
0.451904
0.464558
0.337782
0.465387
0.596278
0.37498
0.683998
0.319165
0.401404
0.651121
0.515111
0.388268
0.525343
0.699596
0.548808
0.388777
0.449279
0.332814
0.555752
0.475865
0.430488
0.556644
0.49385
0.416135
0.523888
0.57856
0.608309
0.548438
0.454269
0.483399
0.514333
0.686942
0.459579
0.555912
0.555126
0.489789
0.338946
0.436306
0.478622
0.561166
0.527382
0.377023
0.402169
0.474187
0.28239
0.526024
0.635146
0.596476
0.605993
0.393868
0.605302
0.369912
0.538977
0.468932
0.585369
0.440484
0.352412
0.627121
0.542293
0.453786
0.42482
0.439466
0.532196
0.526156
0.531612
0.413043
0.63997
0.471058
0.48672
0.607652
0.5132
0.304772
0.364618
0.552762
0.565858
0.475038
0.594216
0.446228
0.528033
0.550813
0.654376
0.348327
0.293708
0.480824
0.41411
0.491717
0.569405
0.473144
0.648767
0.509896
0.652272
0.367538
0.426825
0.343836
0.467001
0.466873
0.500164
0.618449
0.566705
0.463401
0.443997
0.487597
0.553711
0.640256
0.580897
0.428386
0.501965
0.548061
0.486657
0.422502
0.563552
0.551028
0.513994
0.494403
0.417604
0.606522
0.48338
0.383186
0.570656
0.486532
0.378588
0.407
0.443291
0.469068
0.547789
0.535891
0.478688
0.522022
0.449354
0.521013
0.484479
0.671538
0.694769
0.735147
0.270094
0.591516
0.429354
0.561535
0.467565
0.370348
0.554786
0.525029
0.324523
0.605571
0.535664
0.491611
0.533928
0.446614
0.445672
0.369374
0.515824
0.550358
0.497162
0.526063
0.592222
0.533772
0.461254
0.595325
0.396976
0.402407
0.423849
0.475847
0.538295
0.503052
0.63621
0.63458
0.482339
0.393412
0.507075
0.407293
0.452104
0.541186
0.446513
0.446724
0.536587
0.559442
0.510052
0.500619
0.481018
0.354739
0.404852
0.509012
0.47971
0.408969
0.408021
0.692078
0.518863
0.535414
0.510396
0.356985
0.617455
0.844059
0.537459
0.384135
0.5901
0.520724
0.712278
0.660289
0.406582
0.369113
0.213687
0.408025
0.548502
0.384401
0.446177
0.518078
0.564306
0.421534
0.376263
0.42309
0.399706
0.490912
0.603366
0.458367
0.531307
0.458695
0.421536
0.437246
0.357027
0.548468
0.591615
0.525717
0.397681
0.635573
0.381734
0.532978
0.539884
0.494888
0.347304
0.341627
0.601197
0.607442
0.409953
0.483224
0.524239
0.450702
0.458137
0.422003
0.407254
0.591981
0.530437
0.441523
0.554411
0.473867
0.455829
0.636088
0.479897
0.525186
0.513511
0.390812
0.325638
0.550464
0.438131
0.491209
0.453271
0.445454
0.534553
0.535236
0.646768
0.455765
0.479587
0.527748
0.412893
0.540217
0.576367
0.519352
0.692456
0.520026
0.490373
0.508675
0.396113
0.489496
0.534342
0.559099
0.554232
0.433399
0.482621
0.688047
0.521138
0.540763
0.483777
0.368917
0.499823
0.32433
0.603577
0.542835
0.353993
0.449462
0.568721
0.369373
0.450102
0.445811
0.494986
0.552455
0.522805
0.619596
0.671743
0.459687
0.383043
0.603877
0.738071
0.410374
0.488765
0.478722
0.623969
0.439527
0.474043
0.462712
0.443482
0.452186
0.483164
0.521758
0.614783
0.364438
0.782009
0.460736
0.545593
0.484498
0.419865
0.557956
0.360561
0.6193
0.490559
0.67206
0.660518
0.399039
0.392588
0.695421
0.391817
0.594166
0.613734
0.447677
0.567222
0.356337
0.466383
0.397568
0.518122
0.346881
0.575587
0.470757
0.671102
0.423359
0.372676
0.34586
0.430194
0.336831
0.473013
0.460438
0.40942
0.549474
0.417245
0.243233
0.498509
0.614219
0.431223
0.55847
0.457948
0.565127
0.410512
0.592562
0.427831
0.449227
0.461204
0.333104
0.598215
0.687592
0.629533
0.684558
0.427016
0.585452
0.628567
0.334582
0.404719
0.618175
0.421037
0.429455
0.553483
0.401977
0.543139
0.536623
0.711494
0.515255
0.554924
0.566879
0.591707
0.468468
0.478691
0.498263
0.417384
0.527523
0.637556
0.48826
0.525135
0.677654
0.332158
0.480438
0.489431
0.471807
0.494258
0.506174
0.460869
0.439586
0.531743
0.55167
0.52371
0.639844
0.430364
0.404974
0.566522
0.622025
0.603269
0.31725
0.423037
0.518396
0.480223
0.607107
0.478597
0.621363
0.404162
0.50627
0.350871
0.507053
0.6535
0.58947
0.541775
0.548421
0.33443
0.450904
0.420834
0.418131
0.688178
0.484196
0.438495
0.313528
0.434026
0.392288
0.381186
0.543019
0.419624
0.698233
0.468183
0.295234
0.475959
0.447397
0.453655
0.569355
0.575086
0.486103
0.335514
0.477041
0.464528
0.671278
0.385983
0.433407
0.503019
0.410207
0.507091
0.436535
0.548069
0.549017
0.477569
0.392043
0.346584
0.523052
0.3959
0.471271
0.455568
0.451825
0.537584
0.49864
0.370724
0.60578
0.432921
0.445819
0.466529
0.491602
0.434929
0.467337
0.552171
0.29737
0.585281
0.444308
0.323476
0.508367
0.499419
0.509987
0.441779
0.648886
0.480309
0.512879
0.396444
0.424925
0.433552
0.430189
0.508527
0.637156
0.594872
0.476394
0.408859
0.503141
0.394263
0.558778
0.574609
0.472237
0.469378
0.513795
0.434164
0.636207
0.504011
0.515142
0.550948
0.533071
0.605803
0.476478
0.372573
0.51126
0.550597
0.678744
0.382526
0.465673
0.409132
0.534059
0.617325
0.476751
0.635067
0.555229
0.412915
0.478255
0.431579
0.431906
0.41982
0.448909
0.527096
0.521479
0.477355
0.367645
0.478971
0.544818
0.263
0.491704
0.587213
0.534002
0.533787
0.411373
0.638659
0.411219
0.352367
0.604666
0.515244
0.685029
0.541188
0.359818
0.388339
0.532244
0.533988
0.452941
0.484356
0.490682
0.494608
0.362773
0.545161
0.520094
0.548896
0.573956
0.520067
0.495607
0.526261
0.364804
0.614488
0.580031
0.533222
0.595077
0.483607
0.578432
0.382058
0.50379
0.697696
0.410396
0.473474
0.39662
0.418996
0.442431
0.482959
0.54701
0.418375
0.405012
0.526302
0.354603
0.523216
0.475766
0.380509
0.499153
0.426321
0.542363
0.51215
0.497613
0.698858
0.565689
0.415942
0.516623
0.538679
0.445908
0.592156
0.512146
0.548614
0.451068
0.592222
0.46253
0.477624
0.599915
0.337677
0.630829
0.370985
0.497625
0.568399
0.436713
0.563946
0.405193
0.301823
0.637855
0.416592
0.480247
0.485658
0.615199
0.625925
0.459083
0.502359
0.32605
0.564452
0.556757
0.534426
0.533459
0.782855
0.444095
0.525364
0.539911
0.4776
0.317513
0.371922
0.547834
0.66261
0.409568
0.359019
0.539016
0.497438
0.395212
0.399527
0.409511
0.512614
0.530713
0.566892
0.516164
0.53617
0.519277
0.509328
0.385426
0.563589
0.529427
0.510103
0.504628
0.526717
0.499194
0.409245
0.360461
0.405476
0.641259
0.327737
0.508894
0.589469
0.421181
0.336084
0.555322
0.534871
0.712876
0.384893
0.493265
0.475266
0.442567
0.565912
0.494455
0.633386
0.514436
0.497725
0.462695
0.543971
0.468243
0.631116
0.358397
0.636277
0.651223
0.644863
0.470239
0.538007
0.593575
0.35353
0.254917
0.450747
0.658925
0.47459
0.485487
0.410257
0.398141
0.503002
0.443338
0.483266
0.56693
0.417141
0.458362
0.565664
0.274678
0.490771
0.446405
0.535314
0.314012
0.411507
0.71265
0.475943
0.377607
0.607039
0.584071
0.626894
0.60079
0.356114
0.403649
0.526754
0.475514
0.312106
0.563592
0.207213
0.463326
0.492753
0.57429
0.556726
0.491959
0.290437
0.460292
0.611893
0.552239
0.533144
0.444139
0.647699
0.718992
0.377058
0.523371
0.426085
0.501715
0.637489
0.465617
0.525561
0.58775
0.565628
0.441145
0.512878
0.572785
0.454417
0.381843
0.53106
0.380504
0.707581
0.600081
0.566353
0.455241
0.431668
0.520461
0.519958
0.568544
0.311711
0.472005
0.548679
0.512571
0.506915
0.65782
0.451905
0.460262
0.553562
0.363862
0.670616
0.354294
0.488076
0.487907
0.627411
0.443819
0.404017
0.564399
0.374796
0.52005
0.532513
0.530371
0.532291
0.308765
0.486447
0.522141
0.48117
0.559844
0.534481
0.512054
0.648946
0.43099
0.471798
0.489049
0.55398
0.394799
0.630199
0.556365
0.593879
0.605384
0.520997
0.464226
0.549647
0.542808
0.529926
0.514903
0.540794
0.410567
0.584044
0.472038
0.504938
0.593449
0.48642
0.475686
0.488672
0.390082
0.365166
0.509044
0.424788
0.416545
0.409135
0.282366
0.534193
0.434422
0.46342
0.394099
0.629166
0.488742
0.533558
0.398808
0.407875
0.548247
0.3981
0.555993
0.518335
0.422477
0.455043
0.553403
0.533312
0.387198
0.528338
0.593036
0.615906
0.481716
0.536522
0.397493
0.468882
0.648657
0.57627
0.538919
0.349047
0.368833
0.599465
0.412282
0.5913
0.500834
0.563141
0.669266
0.525223
0.46701
0.507472
0.49861
0.580392
0.434571
0.467721
0.383224
0.464848
0.422522
0.451868
0.483963
0.564464
0.522213
0.616419
0.494482
0.349215
0.551299
0.548666
0.38109
0.385643
0.567943
0.514452
0.466091
0.543091
0.454124
0.456291
0.432613
0.344564
0.533942
0.427456
0.22345
0.451341
0.52485
0.623429
0.475994
0.483775
0.526758
0.422918
0.579847
0.368958
0.536012
0.476374
0.363239
0.669242
0.528251
0.380787
0.408922
0.383881
0.586203
0.455255
0.369714
0.429319
0.455497
0.382658
0.298431
0.491969
0.693598
0.608515
0.526448
0.41057
0.43402
0.488893
0.519679
0.483511
0.419985
0.65502
0.410294
0.509806
0.568728
0.41305
0.447008
0.560636
0.409702
0.623161
0.526334
0.341723
0.496932
0.403015
0.461701
0.645017
0.527833
0.57634
0.416882
0.501507
0.507817
0.538186
0.574694
0.535224
0.482048
0.534209
0.531489
0.581784
0.512746
0.552098
0.502454
0.473118
0.412461
0.499032
0.492297
0.503295
0.550768
0.489874
0.430411
0.378646
0.433883
0.596548
0.489138
0.518663
0.413704
0.60985
0.598311
0.512427
0.514837
0.440718
0.438736
0.248631
0.475189
0.538773
0.441868
0.525486
0.477723
0.531713
0.442402
0.410149
0.308048
0.489937
0.425091
0.555532
0.404492
0.496542
0.676588
0.395678
0.374375
0.453635
0.497662
0.529137
0.532222
0.48167
0.450678
0.463088
0.572684
0.669298
0.61173
0.5292
0.522953
0.60702
0.466388
0.495536
0.526529
0.488695
0.532513
0.487072
0.59217
0.590727
0.413157
0.390678
0.398945
0.539583
0.477069
0.458708
0.4803
0.454011
0.63389
0.538608
0.617096
0.499162
0.415614
0.644237
0.351608
0.615566
0.595454
0.547895
0.491503
0.586722
0.669772
0.310302
0.40485
0.484811
0.298263
0.579083
0.414229
0.484856
0.542111
0.474571
0.580078
0.363404
0.559372
0.545044
0.420391
0.398612
0.511368
0.611773
0.645961
0.564378
0.403414
0.43755
0.397377
0.461958
0.427709
0.540648
0.551992
0.458278
0.595787
0.439436
0.326151
0.600936
0.742422
0.55117
0.629971
0.455678
0.45244
0.481738
0.439
0.562886
0.406402
0.531445
0.629125
0.535449
0.760658
0.405181
0.578119
0.7211
0.471819
0.453624
0.469249
0.428154
0.645197
0.485375
0.439405
0.4643
0.631324
0.478238
0.596237
0.463942
0.514163
0.48112
0.385818
0.5803
0.529188
0.336309
0.424381
0.494326
0.419
0.365175
0.714713
0.343231
0.478732
0.548619
0.449817
0.397204
0.562962
0.496871
0.563488
0.513712
0.520441
0.34152
0.419478
0.374513
0.492448
0.495952
0.437947
0.461329
0.655111
0.618639
0.439954
0.351884
0.505577
0.577004
0.447738
0.518808
0.48644
0.547881
0.710607
0.589675
0.512368
0.503858
0.633247
0.577248
0.507399
0.523077
0.465333
0.514749
0.58091
0.523341
0.468321
0.431797
0.564791
0.559675
0.507348
0.58239
0.603893
0.537743
0.523204
0.687142
0.436347
0.683834
0.521354
0.677712
0.419874
0.475383
0.472036
0.332188
0.454757
0.574301
0.447481
0.565948
0.523656
0.518645
0.429329
0.593299
0.412992
0.616452
0.601374
0.400994
0.600153
0.448857
0.299754
0.475484
0.385304
0.527855
0.524788
0.301573
0.416116
0.667398
0.425642
0.40089
0.49827
0.514756
0.451083
0.704408
0.604094
0.552391
0.516568
0.353993
0.486266
0.618834
0.469988
0.403769
0.473007
0.510375
0.445382
0.242847
0.565737
0.513625
0.475997
0.486769
0.579709
0.382316
0.495075
0.485773
0.462638
0.50997
0.584797
0.573793
0.495906
0.463346
0.340848
0.532868
0.427429
0.529881
0.602075
0.373426
0.504817
0.495589
0.451768
0.431695
0.571991
0.708182
0.429106
0.361253
0.561939
0.493466
0.496364
0.446544
0.26284
0.581313
0.489469
0.291923
0.454305
0.560842
0.736571
0.440632
0.505017
0.522664
0.461293
0.553826
0.492598
0.45939
0.394365
0.530611
0.551026
0.383819
0.499389
0.475783
0.270507
0.487559
0.475486
0.422778
0.569194
0.401083
0.731651
0.595106
0.425691
0.529506
0.534614
0.440331
0.505834
0.42667
0.414102
0.396416
0.536725
0.433376
0.466372
0.551085
0.575577
0.443916
0.628952
0.430578
0.490417
0.578302
0.306539
0.504989
0.414257
0.52591
0.610053
0.523154
0.453854
0.489503
0.627842
0.390833
0.528718
0.696903
0.480122
0.781712
0.485562
0.560849
0.414698
0.521527
0.477916
0.455872
0.384104
0.41141
0.420151
0.444276
0.501293
0.357314
0.519705
0.421628
0.503054
0.448185
0.460823
0.465416
0.557364
0.376295
0.65766
0.558819
0.532912
0.618963
0.514117
0.52483
0.406058
0.501653
0.622332
0.544228
0.512541
0.53823
0.501258
0.344206
0.458247
0.394928
0.421299
0.332718
0.585417
0.450366
0.580507
0.416902
0.447678
0.424745
0.392389
0.38222
0.579328
0.627103
0.614856
0.522219
0.451324
0.420347
0.494456
0.497127
0.488468
0.429482
0.31947
0.462754
0.47931
0.419322
0.370077
0.449462
0.542301
0.643687
0.623237
0.38424
0.518807
0.518893
0.514548
0.437219
0.445565
0.400138
0.478804
0.53722
0.616245
0.640145
0.585555
0.539227
0.473792
0.385204
0.555476
0.43995
0.382235
0.614573
0.587892
0.525924
0.508727
0.554918
0.449347
0.501887
0.603568
0.502315
0.567605
0.485417
0.398009
0.360072
0.545049
0.667162
0.44668
0.451445
0.449931
0.524197
0.523494
0.592064
0.463482
0.537387
0.436928
0.407717
0.555419
0.501888
0.462599
0.458869
0.629908
0.333188
0.498093
0.484113
0.52859
0.359409
0.427039
0.700514
0.29678
0.453831
0.636443
0.499585
0.413525
0.599909
0.463327
0.353432
0.455681
0.294321
0.553765
0.396362
0.410756
0.381871
0.59942
0.673061
0.672754
0.479349
0.473723
0.445192
0.349822
0.483742
0.521883
0.52408
0.48199
0.573452
0.465916
0.547906
0.511882
0.499475
0.467944
0.447637
0.37075
0.726774
0.452025
0.546664
0.436749
0.42435
0.416817
0.51496
0.491903
0.515801
0.378408
0.54927
0.648718
0.59046
0.464668
0.57672
0.436952
0.538435
0.439528
0.579924
0.535578
0.511223
0.567597
0.417517
0.504509
0.622788
0.436586
0.464789
0.415163
0.494309
0.537015
0.524873
0.698524
0.609083
0.455733
0.561752
0.423832
0.482342
0.471788
0.582095
0.490611
0.364012
0.55024
0.543738
0.461246
0.480767
0.511521
0.494398
0.380867
0.386947
0.510992
0.44498
0.425821
0.432251
0.495363
0.357651
0.391552
0.467369
0.509694
0.679586
0.575228
0.496984
0.510703
0.579124
0.428004
0.352898
0.399155
0.441809
0.646317
0.398272
0.516134
0.559611
0.441166
0.387286
0.655023
0.397372
0.368838
0.692783
0.423058
0.746313
0.526096
0.677759
0.543354
0.475241
0.407341
0.424829
0.520311
0.365835
0.290846
0.551084
0.698386
0.569207
0.46562
0.424053
0.42618
0.646697
0.530069
0.557724
0.594894
0.658655
0.688081
0.605906
0.552183
0.540716
0.537745
0.583468
0.699495
0.457905
0.492415
0.334271
0.563003
0.452637
0.693384
0.527909
0.485289
0.403488
0.567935
0.405632
0.516926
0.4874
0.456101
0.509135
0.494201
0.588735
0.573969
0.414142
0.57118
0.524403
0.500917
0.554026
0.431408
0.355058
0.572676
0.556981
0.336537
0.528138
0.631681
0.433514
0.376211
0.549297
0.530658
0.539367
0.465566
0.504589
0.60497
0.402188
0.593752
0.456501
0.523747
0.438606
0.65889
0.51275
0.399358
0.501628
0.531922
0.617527
0.579343
0.486542
0.573848
0.340644
0.564411
0.386825
0.387858
0.540833
0.490673
0.529798
0.519918
0.455227
0.483806
0.43508
0.62839
0.517825
0.437352
0.42717
0.625285
0.435532
0.386928
0.496742
0.348821
0.651149
0.546611
0.64356
0.458925
0.498452
0.543327
0.447169
0.554414
0.405304
0.429583
0.499809
0.492581
0.426515
0.474421
0.499287
0.44895
0.58893
0.427008
0.537819
0.487012
0.307044
0.516797
0.53612
0.514755
0.578175
0.498733
0.560337
0.586876
0.592063
0.47151
0.522658
0.468541
0.290489
0.591398
0.404757
0.408639
0.388333
0.673737
0.556456
0.57747
0.518243
0.318655
0.510349
0.40587
0.386889
0.41717
0.416322
0.51978
0.631532
0.388321
0.43826
0.396308
0.441454
0.367517
0.468477
0.47438
0.55954
0.510831
0.503675
0.635069
0.405107
0.699493
0.589565
0.623768
0.559853
0.423358
0.479511
0.418369
0.434572
0.391673
0.465876
0.554655
0.485075
0.463986
0.431021
0.402148
0.571518
0.513575
0.528171
0.440674
0.556146
0.430306
0.540682
0.619951
0.510225
0.639362
0.481476
0.591532
0.551713
0.556811
0.582739
0.584456
0.661015
0.422524
0.58922
0.25301
0.422947
0.545464
0.506779
0.357023
0.618797
0.565927
0.371094
0.34215
0.543176
0.583817
0.489722
0.569629
0.546122
0.421595
0.474009
0.602035
0.501699
0.385052
0.515587
0.583576
0.280115
0.354602
0.575522
0.460516
0.351175
0.484319
0.542421
0.569337
0.572652
0.705456
0.579108
0.577277
0.617943
0.725753
0.515758
0.491927
0.573172
0.585334
0.560649
0.463594
0.48466
0.674536
0.687988
0.486156
0.363488
0.538568
0.52553
0.459187
0.554632
0.388383
0.503012
0.506157
0.353971
0.406728
0.43569
0.450517
0.507199
0.582825
0.505546
0.633559
0.550495
0.6287
0.466033
0.614917
0.453572
0.624676
0.434472
0.328665
0.601498
0.511123
0.54955
0.474929
0.602477
0.388031
0.359583
0.60904
0.334555
0.603561
0.470544
0.347218
0.44499
0.507208
0.42112
0.339851
0.49182
0.61279
0.465317
0.570446
0.467933
0.56097
0.431467
0.52036
0.473724
0.590565
0.589711
0.496468
0.405219
0.622435
0.498374
0.450926
0.600303
0.429255
0.512867
0.529245
0.536502
0.609029
0.529094
0.564911
0.399518
0.699712
0.296575
0.695823
0.44252
0.466861
0.374798
0.60984
0.631963
0.565748
0.519603
0.43378
0.526501
0.523902
0.574654
0.362217
0.361319
0.609602
0.406368
0.479493
0.611016
0.546331
0.458933
0.560345
0.479935
0.402772
0.319323
0.541619
0.51963
0.432439
0.570526
0.539553
0.698914
0.556571
0.574446
0.444147
0.352762
0.378447
0.364249
0.654175
0.512071
0.486809
0.539198
0.62341
0.567096
0.450628
0.543295
0.470687
0.64315
0.526949
0.472328
0.363432
0.467935
0.598108
0.492231
0.416351
0.48566
0.324136
0.564893
0.453967
0.423872
0.4407
0.365895
0.467754
0.44472
0.652448
0.541881
0.655631
0.513146
0.366181
0.293582
0.563619
0.290276
0.477776
0.383798
0.656484
0.511069
0.471355
0.657882
0.626249
0.531072
0.608673
0.52761
0.404438
0.427884
0.481292
0.507557
0.576003
0.418749
0.267574
0.606394
0.599878
0.606445
0.38112
0.463822
0.523149
0.691444
0.516754
0.487093
0.432857
0.489081
0.594739
0.479413
0.521493
0.366265
0.57339
0.565739
0.449248
0.363028
0.444829
0.409812
0.568153
0.690021
0.748114
0.579522
0.430229
0.4938
0.72854
0.655999
0.533844
0.45758
0.541426
0.29508
0.469467
0.455872
0.543224
0.638124
0.50806
0.507222
0.332345
0.432383
0.632386
0.470053
0.596595
0.559453
0.543518
0.502376
0.493671
0.48359
0.581892
0.55693
0.335687
0.619974
0.484257
0.309105
0.468229
0.386253
0.354924
0.61574
0.528982
0.339039
0.461736
0.478724
0.640481
0.610234
0.47421
0.438066
0.336094
0.446412
0.543344
0.644908
0.337867
0.417728
0.279607
0.565716
0.49937
0.301102
0.717661
0.544689
0.396267
0.455749
0.463393
0.602174
0.591795
0.597347
0.500876
0.572699
0.523939
0.640468
0.493891
0.486979
0.455565
0.417147
0.548708
0.378044
0.498327
0.392764
0.411795
0.442434
0.465716
0.488684
0.658234
0.51317
0.530097
0.684378
0.483579
0.501988
0.453172
0.510047
0.443974
0.444122
0.628792
0.454033
0.59636
0.729693
0.621592
0.397596
0.472623
0.431539
0.704467
0.352902
0.478592
0.340101
0.492394
0.418373
0.440799
0.591786
0.539694
0.478797
0.330963
0.527964
0.512321
0.465915
0.680186
0.647585
0.466291
0.458451
0.551875
0.617142
0.557941
0.438851
0.474444
0.477524
0.481174
0.637274
0.441875
0.538055
0.471439
0.481656
0.372255
0.473812
0.735685
0.535953
0.471421
0.443092
0.46208
0.446943
0.480901
0.517673
0.432795
0.53327
0.39635
0.469322
0.50773
0.538655
0.524719
0.481729
0.566525
0.534524
0.705425
0.557902
0.590794
0.595551
0.652829
0.468767
0.537998
0.484914
0.38434
0.439547
0.502953
0.474339
0.380516
0.496258
0.482459
0.587274
0.380555
0.495437
0.553081
0.591851
0.648606
0.636003
0.541671
0.583526
0.553333
0.602942
0.412698
0.485621
0.285258
0.718273
0.716039
0.559228
0.49336
0.575537
0.433366
0.352247
0.454512
0.409843
0.630848
0.630597
0.596319
0.606276
0.470363
0.522916
0.375976
0.375256
0.550987
0.473373
0.374792
0.524212
0.347046
0.435454
0.500043
0.530734
0.478535
0.452907
0.392874
0.673126
0.394259
0.562289
0.422986
0.400079
0.567579
0.41484
0.507858
0.521953
0.499157
0.453701
0.726335
0.581955
0.390653
0.595761
0.403381
0.61626
0.597842
0.555719
0.424885
0.537919
0.591152
0.413199
0.498397
0.380176
0.346162
0.562064
0.407728
0.610587
0.456117
0.494349
0.516361
0.578132
0.603065
0.459493
0.656675
0.581288
0.543746
0.602882
0.398983
0.545787
0.460874
0.325925
0.426447
0.376612
0.300029
0.523235
0.548945
0.599521
0.556859
0.440729
0.671006
0.533193
0.598858
0.561739
0.485947
0.633869
0.500492
0.466546
0.400407
0.430133
0.440005
0.523972
0.400456
0.416271
0.550736
0.462013
0.452542
0.49842
0.339333
0.327708
0.489534
0.488502
0.477773
0.48478
0.464149
0.416723
0.645622
0.510834
0.459125
0.58418
0.64352
0.544174
0.425465
0.502944
0.518375
0.693615
0.377172
0.571701
0.535322
0.662903
0.402896
0.310892
0.300992
0.45468
0.461933
0.631997
0.487199
0.507172
0.514085
0.641462
0.423676
0.480101
0.589884
0.680481
0.523008
0.444567
0.539736
0.477689
0.470456
0.444945
0.407571
0.442552
0.455909
0.48912
0.356593
0.453055
0.644686
0.586671
0.531801
0.492049
0.578506
0.392882
0.675929
0.462421
0.367415
0.529748
0.522529
0.562008
0.578034
0.543427
0.571929
0.624967
0.542991
0.420868
0.512827
0.337118
0.610968
0.426622
0.484341
0.5085
0.626272
0.534131
0.480313
0.437237
0.571437
0.514066
0.379772
0.424521
0.525829
0.505573
0.444405
0.601349
0.587808
0.334557
0.455999
0.603415
0.577506
0.556421
0.573781
0.38133
0.481817
0.488968
0.473669
0.359145
0.522722
0.664432
0.388423
0.554914
0.724626
0.567907
0.499777
0.352826
0.425874
0.342717
0.540608
0.567215
0.624183
0.431538
0.447273
0.46454
0.565239
0.4854
0.45924
0.710191
0.378245
0.610927
0.495201
0.582791
0.431728
0.539504
0.641875
0.549419
0.427463
0.490305
0.473717
0.320956
0.469882
0.462424
0.578836
0.507572
0.442881
0.629608
0.498384
0.57011
0.495472
0.524387
0.49378
0.61394
0.682235
0.486682
0.638107
0.397608
0.624094
0.515237
0.385091
0.329411
0.549433
0.598512
0.501081
0.500794
0.445124
0.514958
0.552484
0.456252
0.491574
0.780867
0.423142
0.525206
0.4754
0.587283
0.593184
0.442086
0.467901
0.405726
0.242873
0.556665
0.627026
0.555778
0.552065
0.487433
0.62504
0.515858
0.447862
0.396614
0.52366
0.52177
0.610118
0.666189
0.612928
0.635943
0.476474
0.430079
0.599658
0.483494
0.395617
0.468419
0.575777
0.439595
0.559515
0.495638
0.516462
0.515842
0.502377
0.374841
0.452467
0.631669
0.486165
0.466767
0.530591
0.370073
0.299456
0.272378
0.520743
0.505232
0.378553
0.553931
0.447629
0.65288
0.516697
0.620136
0.519573
0.532556
0.559349
0.536812
0.49656
0.244166
0.690463
0.575217
0.384069
0.549531
0.596752
0.536029
0.358855
0.412926
0.453968
0.487702
0.627319
0.592853
0.411238
0.533744
0.586659
0.590594
0.556546
0.374211
0.703532
0.549375
0.728459
0.552511
0.544469
0.561235
0.596263
0.379394
0.48684
0.57699
0.462656
0.501761
0.50867
0.527962
0.450229
0.334748
0.600164
0.556418
0.414961
0.301282
0.659314
0.614946
0.586989
0.524109
0.528496
0.433285
0.470973
0.391078
0.498504
0.464396
0.445369
0.465219
0.550981
0.40985
0.481976
0.336981
0.529765
0.487886
0.464159
0.416726
0.526171
0.345774
0.514165
0.541392
0.632781
0.431403
0.54699
0.520008
0.464835
0.627291
0.45028
0.468518
0.46786
0.613491
0.446799
0.585172
0.624683
0.564167
0.427993
0.49349
0.544523
0.695863
0.354249
0.530631
0.561396
0.473811
0.499449
0.384733
0.488564
0.44586
0.574472
0.485612
0.470328
0.411928
0.596314
0.52896
0.341982
0.350135
0.476527
0.464981
0.353256
0.409071
0.584727
0.408175
0.53015
0.638924
0.499929
0.525763
0.544551
0.572483
0.59451
0.338043
0.430584
0.480299
0.60264
0.514712
0.531157
0.412593
0.407026
0.577019
0.577715
0.503752
0.434885
0.516339
0.400732
0.55355
0.48605
0.415603
0.538005
0.412518
0.523178
0.410737
0.652348
0.587156
0.63604
0.355094
0.389814
0.443973
0.348922
0.450611
0.504107
0.429596
0.572168
0.485225
0.442367
0.537523
0.30597
0.366858
0.432061
0.64031
0.586496
0.370047
0.628218
0.469323
0.421513
0.412101
0.574807
0.562416
0.394674
0.451437
0.503564
0.513227
0.424674
0.451521
0.538121
0.544022
0.547521
0.479621
0.690805
0.487325
0.647178
0.610395
0.33403
0.49984
0.691885
0.480054
0.497709
0.545462
0.640487
0.487688
0.588669
0.472444
0.465136
0.466071
0.447566
0.373087
0.493754
0.445086
0.653326
0.452567
0.607683
0.506652
0.354704
0.546841
0.636988
0.480848
0.453021
0.617808
0.57788
0.258695
0.479741
0.217224
0.4138
0.497839
0.507021
0.349116
0.453699
0.573163
0.398945
0.573746
0.4081
0.575138
0.355646
0.584442
0.405551
0.48449
0.522084
0.351912
0.609125
0.552577
0.427753
0.468911
0.524618
0.5926
0.393139
0.541439
0.499178
0.537599
0.38327
0.660915
0.49108
0.546943
0.508245
0.555059
0.448436
0.443803
0.565144
0.553483
0.466613
0.341898
0.485256
0.4173
0.501224
0.370555
0.695106
0.670308
0.495523
0.432934
0.419282
0.532608
0.638114
0.433037
0.547588
0.495808
0.198902
0.482893
0.5586
0.492192
0.498227
0.452113
0.53621
0.5986
0.54618
0.547775
0.435295
0.478961
0.34612
0.413381
0.547171
0.307754
0.488434
0.41141
0.48501
0.329941
0.367625
0.404793
0.553957
0.401197
0.637847
0.578366
0.49019
0.515527
0.479017
0.44221
0.44771
0.565669
0.577689
0.434495
0.681179
0.494958
0.433893
0.49228
0.517649
0.587567
0.587178
0.484479
0.629561
0.607397
0.512123
0.60199
0.715922
0.534087
0.46562
0.575752
0.568106
0.557968
0.475261
0.544302
0.641244
0.484013
0.440185
0.41817
0.571706
0.358147
0.672786
0.589213
0.575718
0.567552
0.541703
0.608819
0.533669
0.479876
0.383547
0.509636
0.309206
0.274563
0.432855
0.57131
0.471755
0.382761
0.576788
0.431468
0.485615
0.490582
0.573124
0.518966
0.398319
0.773755
0.677127
0.537228
0.505491
0.419994
0.604899
0.551247
0.48894
0.458678
0.417869
0.432627
0.519282
0.655747
0.645086
0.592814
0.583911
0.644958
0.36702
0.585456
0.545649
0.55497
0.466619
0.384588
0.556971
0.554971
0.610381
0.446164
0.649205
0.379874
0.454238
0.636185
0.285643
0.509352
0.476102
0.2595
0.512049
0.363313
0.418905
0.549109
0.457556
0.539645
0.585059
0.476593
0.433479
0.658379
0.455239
0.620068
0.447136
0.489684
0.511445
0.476849
0.392243
0.431399
0.626351
0.43379
0.597029
0.565062
0.43793
0.509035
0.505727
0.557724
0.460434
0.354721
0.438632
0.490069
0.489785
0.560928
0.520435
0.57967
0.343507
0.426972
0.486116
0.631489
0.532333
0.366906
0.468141
0.485997
0.492667
0.291891
0.338311
0.448598
0.516104
0.662851
0.622095
0.472286
0.494243
0.432644
0.42282
0.528776
0.554072
0.497737
0.587647
0.441617
0.49121
0.455161
0.416749
0.468078
0.615348
0.711297
0.261679
0.504885
0.504249
0.614849
0.378427
0.556155
0.619696
0.487109
0.695199
0.340168
0.470823
0.498419
0.624481
0.724896
0.717266
0.390517
0.493493
0.570484
0.486649
0.470223
0.486649
0.520163
0.337895
0.500722
0.588196
0.519352
0.533933
0.49246
0.382707
0.556001
0.694372
0.546458
0.415665
0.503492
0.380752
0.628647
0.435879
0.410692
0.424029
0.554585
0.536023
0.322072
0.635949
0.639702
0.477111
0.624024
0.653036
0.421017
0.527254
0.601856
0.443921
0.582038
0.46458
0.555167
0.46778
0.513329
0.58872
0.457637
0.403684
0.417035
0.554812
0.460508
0.577696
0.514423
0.588478
0.62733
0.396565
0.541256
0.559793
0.550841
0.553928
0.51665
0.588771
0.641095
0.606924
0.446796
0.424434
0.587273
0.528197
0.575732
0.584067
0.483869
0.420262
0.421135
0.558776
0.575225
0.53625
0.633876
0.586022
0.510686
0.5831
0.39586
0.459307
0.515906
0.490257
0.421461
0.489745
0.374145
0.509001
0.553647
0.453763
0.574633
0.46455
0.446652
0.555727
0.423424
0.515105
0.402864
0.503791
0.625369
0.579054
0.58234
0.541833
0.534191
0.573559
0.529182
0.499849
0.63086
0.464808
0.459761
0.619708
0.628805
0.362219
0.333556
0.582719
0.417739
0.595938
0.478188
0.409981
0.646173
0.698987
0.465962
0.526002
0.30598
0.672457
0.440059
0.570651
0.620637
0.644171
0.564263
0.413977
0.452068
0.338275
0.520918
0.573016
0.529279
0.555236
0.40757
0.549198
0.565272
0.518784
0.583547
0.399525
0.566995
0.478322
0.49349
0.424198
0.456375
0.362406
0.445663
0.69793
0.508741
0.360903
0.548613
0.491682
0.578269
0.570459
0.510555
0.526118
0.518303
0.469968
0.58164
0.667585
0.617752
0.499739
0.470031
0.621979
0.462978
0.500094
0.588503
0.601355
0.697933
0.52218
0.489062
0.63271
0.593539
0.655779
0.518863
0.547862
0.450605
0.425962
0.481481
0.537912
0.648861
0.392429
0.513369
0.475282
0.517957
0.642457
0.486134
0.400862
0.344569
0.500352
0.521027
0.543346
0.343018
0.483379
0.452828
0.482331
0.305111
0.416153
0.50609
0.586329
0.508185
0.472508
0.44749
0.451333
0.498599
0.445893
0.553811
0.535144
0.481234
0.456379
0.285868
0.427165
0.533817
0.384388
0.584455
0.512926
0.528166
0.478289
0.405193
0.587123
0.678759
0.41503
0.584933
0.338478
0.552276
0.400021
0.483135
0.474275
0.460076
0.574499
0.667445
0.67195
0.518826
0.455641
0.413465
0.63964
0.502808
0.46674
0.564491
0.537132
0.624677
0.421751
0.447773
0.453186
0.469767
0.41059
0.469644
0.554735
0.472272
0.588572
0.512627
0.617989
0.459964
0.50541
0.433439
0.521026
0.307344
0.416236
0.611547
0.521942
0.425438
0.599125
0.523773
0.566211
0.579711
0.460652
0.421166
0.461395
0.465864
0.543017
0.560179
0.526914
0.386548
0.453332
0.590962
0.571082
0.56033
0.617673
0.53135
0.467162
0.457504
0.619545
0.555922
0.494738
0.395639
0.414439
0.60529
0.482208
0.541035
0.519174
0.571525
0.530746
0.45052
0.556777
0.441471
0.419613
0.45134
0.394658
0.480409
0.687226
0.595126
0.545884
0.414364
0.551924
0.635261
0.510385
0.620113
0.480906
0.465186
0.414951
0.357723
0.635342
0.518534
0.367916
0.581249
0.714183
0.470195
0.676449
0.43899
0.388756
0.490757
0.481417
0.525487
0.464719
0.395004
0.446798
0.473216
0.527511
0.588455
0.497666
0.372742
0.521969
0.554206
0.532805
0.485841
0.486279
0.435616
0.445018
0.466909
0.405006
0.458665
0.364255
0.633742
0.465433
0.401073
0.695702
0.529554
0.596018
0.353591
0.457002
0.393899
0.535264
0.632105
0.425817
0.510904
0.423858
0.587518
0.790967
0.629062
0.632452
0.523635
0.557416
0.447537
0.33201
0.471561
0.4874
0.539802
0.483133
0.6824
0.567038
0.436132
0.565364
0.48834
0.469778
0.51231
0.58696
0.645464
0.345075
0.532661
0.510158
0.509932
0.392731
0.571318
0.496527
0.612453
0.490341
0.486393
0.421469
0.584231
0.323351
0.647532
0.526525
0.450885
0.524223
0.318087
0.47263
0.549089
0.459278
0.568935
0.52701
0.533975
0.308785
0.451755
0.660947
0.533627
0.567917
0.485344
0.45516
0.470275
0.553206
0.309355
0.304086
0.50606
0.631185
0.435591
0.579888
0.58455
0.492916
0.477808
0.561512
0.42745
0.680141
0.466714
0.653701
0.409235
0.325823
0.557697
0.615349
0.270725
0.503888
0.514515
0.486157
0.445874
0.489982
0.403039
0.545043
0.464372
0.617119
0.554875
0.553323
0.555894
0.467105
0.461483
0.530195
0.620147
0.470674
0.535198
0.47758
0.440113
0.496271
0.524338
0.615942
0.60421
0.489498
0.495353
0.512176
0.566331
0.482215
0.595779
0.575268
0.411029
0.522361
0.487495
0.564882
0.704396
0.582576
0.490624
0.602609
0.599447
0.487722
0.504135
0.395141
0.528123
0.558472
0.370045
0.473129
0.450291
0.400111
0.523843
0.419073
0.543421
0.572782
0.524598
0.402053
0.504872
0.561401
0.583945
0.556719
0.402026
0.620506
0.513944
0.538415
0.443783
0.601355
0.489606
0.455898
0.460198
0.475583
0.472624
0.427614
0.465348
0.451804
0.568657
0.527044
0.541769
0.638533
0.691288
0.577135
0.523108
0.338856
0.481552
0.423411
0.364907
0.569316
0.582726
0.559824
0.48171
0.377485
0.495829
0.601012
0.591981
0.489755
0.542098
0.389087
0.450586
0.552893
0.434445
0.29267
0.561889
0.53993
0.610721
0.600383
0.454781
0.67302
0.607363
0.63055
0.564241
0.472889
0.5528
0.673398
0.402327
0.376562
0.435768
0.551563
0.514755
0.472072
0.554471
0.529263
0.507513
0.480886
0.378286
0.419995
0.391252
0.575815
0.454535
0.537194
0.329445
0.554215
0.568572
0.501756
0.589624
0.493302
0.416258
0.364939
0.485261
0.49645
0.573662
0.424609
0.659142
0.696357
0.549604
0.307389
0.497383
0.413014
0.482443
0.458764
0.476489
0.57143
0.593291
0.427745
0.434172
0.66609
0.533626
0.75221
0.517888
0.416178
0.46603
0.345604
0.603372
0.587616
0.592602
0.555152
0.388699
0.564983
0.496332
0.406349
0.657705
0.538441
0.486542
0.36794
0.469864
0.527814
0.340252
0.466208
0.47201
0.297978
0.507128
0.546857
0.540573
0.326789
0.596448
0.427363
0.451277
0.468767
0.490288
0.502144
0.536521
0.614819
0.527935
0.557485
0.528973
0.580293
0.482301
0.422636
0.403141
0.560699
0.299891
0.528067
0.415026
0.576453
0.501664
0.461384
0.603181
0.485043
0.442916
0.405928
0.552838
0.471042
0.506075
0.716639
0.338
0.431415
0.351098
0.632269
0.34471
0.355625
0.473928
0.342573
0.541964
0.357038
0.524268
0.323652
0.705047
0.544184
0.309677
0.424109
0.409307
0.627464
0.363823
0.529278
0.600723
0.338899
0.682455
0.450239
0.612841
0.499575
0.631487
0.578939
0.537982
0.401458
0.407324
0.420204
0.573887
0.477282
0.580386
0.456015
0.455239
0.514247
0.378519
0.616907
0.442802
0.324306
0.367812
0.329904
0.381176
0.515819
0.464075
0.281943
0.649473
0.518425
0.559053
0.58224
0.517481
0.594994
0.571204
0.526611
0.583163
0.731533
0.431663
0.46129
0.405639
0.527991
0.491798
0.513286
0.461068
0.519916
0.48954
0.498903
0.537113
0.442937
0.337438
0.441531
0.544985
0.40911
0.396206
0.424377
0.46632
0.496156
0.473271
0.573322
0.765431
0.557701
0.436638
0.409629
0.68576
0.544593
0.560152
0.431753
0.512628
0.784473
0.417046
0.480035
0.422682
0.298758
0.5144
0.507604
0.453691
0.543243
0.511967
0.525321
0.716652
0.440564
0.594565
0.508152
0.435424
0.52979
0.46804
0.44488
0.537412
0.590433
0.724567
0.582586
0.532082
0.505231
0.473855
0.461885
0.80239
0.408038
0.46259
0.458409
0.497476
0.420234
0.305237
0.540575
0.353251
0.411073
0.325102
0.523206
0.280807
0.424426
0.555342
0.441093
0.550844
0.396405
0.575374
0.286141
0.465585
0.24539
0.458947
0.446242
0.647949
0.448003
0.585881
0.453576
0.491026
0.521616
0.620303
0.594552
0.499166
0.416002
0.483951
0.553163
0.515296
0.373776
0.553926
0.554005
0.467349
0.351292
0.490043
0.440811
0.379967
0.298713
0.647706
0.470819
0.485938
0.379988
0.558029
0.424876
0.535079
0.570499
0.457698
0.427657
0.436588
0.402184
0.426844
0.541974
0.584163
0.432962
0.743988
0.445623
0.60144
0.499332
0.3929
0.618775
0.608622
0.368028
0.556989
0.564452
0.549435
0.634655
0.612621
0.354153
0.530816
0.424281
0.583558
0.535223
0.416039
0.430939
0.544474
0.556087
0.57526
0.390095
0.562297
0.360023
0.53574
0.5101
0.439893
0.467655
0.487282
0.295725
0.377424
0.412886
0.386715
0.378892
0.492436
0.51653
0.468526
0.328726
0.440579
0.476423
0.50702
0.745133
0.454584
0.422329
0.488684
0.447077
0.569947
0.528491
0.541698
0.548822
0.531532
0.4962
0.532819
0.474388
0.37607
0.513291
0.480161
0.492526
0.461364
0.667019
0.643652
0.461557
0.463721
0.531262
0.44324
0.655407
0.690977
0.46858
0.718211
0.599265
0.459222
0.382148
0.579255
0.475266
0.457129
0.422135
0.718183
0.365665
0.472572
0.295619
0.528508
0.382986
0.481993
0.548679
0.453371
0.693663
0.503767
0.283808
0.515549
0.573733
0.592588
0.545347
0.697625
0.342144
0.502686
0.550157
0.528603
0.399308
0.473461
0.560289
0.496609
0.355534
0.49191
0.488925
0.645532
0.466012
0.561993
0.500416
0.626796
0.496067
0.561866
0.509755
0.465701
0.422404
0.395712
0.506373
0.465057
0.433128
0.447646
0.421657
0.507136
0.521326
0.52098
0.529135
0.528219
0.574054
0.496907
0.410799
0.428325
0.440576
0.372433
0.442575
0.441968
0.420767
0.338195
0.446461
0.434071
0.44659
0.532546
0.626408
0.498479
0.436608
0.359098
0.549544
0.424736
0.185523
0.480702
0.453856
0.462135
0.407752
0.403574
0.658005
0.44828
0.686095
0.441139
0.318443
0.482719
0.38358
0.597855
0.323585
0.414453
0.458582
0.439145
0.634255
0.27545
0.480382
0.414282
0.674215
0.53052
0.574319
0.674886
0.64408
0.527245
0.532759
0.482465
0.47647
0.517896
0.510102
0.424225
0.369773
0.38857
0.477113
0.557119
0.532442
0.469065
0.641855
0.575935
0.439237
0.510268
0.651584
0.551974
0.445422
0.404154
0.571936
0.714647
0.524387
0.484725
0.496827
0.349123
0.488748
0.486543
0.37447
0.458932
0.524482
0.550764
0.541983
0.493183
0.512201
0.55688
0.443062
0.463891
0.429183
0.721634
0.56024
0.479641
0.52033
0.544886
0.525289
0.597611
0.495734
0.695463
0.578339
0.446777
0.757075
0.418309
0.428327
0.400878
0.574617
0.507563
0.524423
0.580512
0.531059
0.528418
0.580101
0.539519
0.418083
0.583957
0.598576
0.541581
0.515933
0.511401
0.530321
0.358746
0.505903
0.655494
0.450457
0.424389
0.360146
0.405051
0.575794
0.548867
0.522743
0.491944
0.448375
0.556935
0.440508
0.540108
0.494368
0.531765
0.52152
0.615429
0.424207
0.551175
0.493934
0.465628
0.471908
0.377492
0.30712
0.352584
0.378512
0.413199
0.461733
0.467772
0.406648
0.560368
0.474851
0.28481
0.530227
0.522593
0.480819
0.441369
0.475323
0.463962
0.638013
0.555993
0.395321
0.490377
0.456225
0.573641
0.44544
0.544313
0.478943
0.497075
0.37878
0.50487
0.449288
0.399458
0.518064
0.460794
0.457937
0.426846
0.464286
0.474877
0.415883
0.487509
0.585497
0.583964
0.614392
0.588326
0.485995
0.37956
0.629085
0.516746
0.388231
0.289803
0.594572
0.380124
0.566751
0.33438
0.620622
0.602493
0.655535
0.549702
0.640354
0.542136
0.807142
0.382476
0.375508
0.531585
0.414064
0.62557
0.573335
0.554971
0.40976
0.520851
0.614223
0.565918
0.548859
0.579458
0.508679
0.412467
0.423033
0.670763
0.49682
0.47378
0.501117
0.407042
0.433076
0.426681
0.389023
0.601663
0.48332
0.64834
0.587101
0.304375
0.481178
0.324723
0.379547
0.618085
0.584797
0.472673
0.52257
0.477252
0.444907
0.596812
0.405004
0.418848
0.439497
0.39069
0.337099
0.402589
0.549999
0.354926
0.580283
0.437941
0.34839
0.34335
0.562665
0.451167
0.434147
0.461425
0.53213
0.47648
0.40452
0.529539
0.580884
0.681139
0.461147
0.487015
0.532337
0.535104
0.550521
0.450969
0.513255
0.611657
0.505392
0.357441
0.441139
0.456175
0.498693
0.600496
0.438805
0.486003
0.541113
0.548268
0.2452
0.585187
0.547995
0.553217
0.523495
0.533596
0.470721
0.487135
0.574537
0.560719
0.532336
0.619724
0.445773
0.540254
0.426641
0.522856
0.48279
0.442338
0.634547
0.520893
0.402644
0.636079
0.38101
0.320742
0.375188
0.585819
0.500391
0.443583
0.48063
0.610347
0.397606
0.443515
0.568597
0.475047
0.387007
0.536612
0.376
0.562772
0.56039
0.377198
0.468028
0.619987
0.580147
0.606399
0.548644
0.600527
0.513033
0.361346
0.543965
0.730094
0.514591
0.471635
0.393959
0.390384
0.543811
0.383001
0.494908
0.672536
0.732103
0.436361
0.617132
0.575363
0.550226
0.493742
0.479489
0.424609
0.41132
0.54083
0.494193
0.365258
0.517746
0.509201
0.60255
0.429712
0.603937
0.449533
0.504203
0.610408
0.547032
0.650435
0.639544
0.566266
0.411561
0.535748
0.416964
0.568102
0.464015
0.486507
0.383644
0.338946
0.63762
0.522004
0.520625
0.470982
0.547226
0.437673
0.399934
0.501598
0.348693
0.635829
0.47355
0.506826
0.506727
0.59853
0.471055
0.521231
0.579639
0.640151
0.464828
0.619082
0.549025
0.340519
0.318674
0.492436
0.4169
0.497738
0.367808
0.437523
0.662359
0.65314
0.485168
0.311627
0.394354
0.529039
0.471017
0.548416
0.456716
0.583274
0.559882
0.620474
0.536089
0.522816
0.470854
0.613557
0.492954
0.531959
0.634346
0.427888
0.580478
0.458931
0.610419
0.547563
0.435425
0.76803
0.670815
0.519961
0.519929
0.502664
0.348869
0.56279
0.462441
0.517968
0.568523
0.467212
0.490681
0.429941
0.445655
0.691255
0.468997
0.391344
0.512013
0.538518
0.447023
0.542848
0.444037
0.292929
0.496085
0.501246
0.585917
0.531124
0.454318
0.534796
0.638234
0.459789
0.52101
0.539036
0.540579
0.426074
0.535194
0.564729
0.508596
0.524993
0.54306
0.462836
0.492869
0.578475
0.503286
0.59973
0.409171
0.486557
0.398911
0.459114
0.446583
0.451935
0.418906
0.48542
0.492027
0.454914
0.442148
0.436727
0.516803
0.606573
0.401002
0.603507
0.552736
0.433713
0.621272
0.412826
0.64258
0.449971
0.529805
0.47587
0.481356
0.443258
0.590562
0.649968
0.472322
0.360433
0.474508
0.574559
0.503321
0.495946
0.488183
0.503834
0.50627
0.491938
0.480385
0.497064
0.39459
0.433072
0.515894
0.540907
0.480417
0.470156
0.349699
0.566258
0.455439
0.532399
0.554755
0.385511
0.476269
0.388909
0.550783
0.414359
0.527274
0.495851
0.451186
0.555553
0.540805
0.416434
0.58968
0.31031
0.436837
0.5267
0.307764
0.646372
0.501015
0.420849
0.578692
0.589938
0.352173
0.305642
0.413133
0.522059
0.457397
0.424174
0.636243
0.448271
0.534748
0.375117
0.645403
0.573616
0.540787
0.594298
0.552405
0.453391
0.27208
0.541261
0.483403
0.40334
0.616884
0.484254
0.454475
0.341192
0.57526
0.60285
0.660176
0.494806
0.622865
0.428191
0.506982
0.650423
0.725748
0.416639
0.393084
0.52781
0.420451
0.4034
0.680483
0.557387
0.455807
0.408434
0.424902
0.59767
0.449802
0.567795
0.423543
0.36968
0.44695
0.4393
0.510263
0.398239
0.468617
0.48219
0.572253
0.538328
0.330793
0.536273
0.581855
0.428019
0.460822
0.526779
0.331682
0.447713
0.476658
0.596947
0.630716
0.478744
0.499198
0.321177
0.363623
0.542661
0.350336
0.377306
0.335023
0.565805
0.546355
0.557399
0.415012
0.652052
0.328353
0.372195
0.471739
0.559902
0.578397
0.355151
0.621397
0.468352
0.552139
0.697783
0.545495
0.479289
0.415679
0.548817
0.319831
0.642416
0.706457
0.48541
0.46909
0.601987
0.345014
0.615507
0.505565
0.452955
0.606483
0.596179
0.52997
0.457347
0.517705
0.453542
0.566912
0.41004
0.477892
0.565683
0.677068
0.456331
0.507792
0.420757
0.332664
0.452005
0.614349
0.488226
0.162392
0.519889
0.414871
0.641992
0.666425
0.495138
0.496758
0.549928
0.471707
0.464809
0.395873
0.595149
0.442254
0.495535
0.458661
0.620075
0.578716
0.406411
0.410172
0.485186
0.435973
0.582476
0.482148
0.510102
0.557099
0.537458
0.562394
0.615428
0.466525
0.422723
0.608661
0.609576
0.484787
0.442672
0.427312
0.465563
0.421763
0.675085
0.549072
0.408552
0.374847
0.508209
0.441194
0.585709
0.403024
0.394659
0.577397
0.41569
0.567355
0.585491
0.543979
0.515915
0.522896
0.546087
0.492524
0.581488
0.416632
0.468751
0.556659
0.540481
0.490511
0.585237
0.332348
0.436024
0.50821
0.645674
0.578246
0.58646
0.518785
0.268654
0.424657
0.350576
0.439916
0.380517
0.286683
0.475736
0.487938
0.550176
0.55917
0.432488
0.501441
0.589061
0.628098
0.540028
0.499699
0.424086
0.665092
0.562665
0.386764
0.564798
0.578755
0.408221
0.656554
0.574163
0.578561
0.485078
0.373824
0.515703
0.564085
0.675377
0.600424
0.588023
0.484356
0.55763
0.40579
0.470981
0.619176
0.462816
0.545134
0.596118
0.41626
0.57379
0.408331
0.517161
0.575093
0.578634
0.437061
0.394768
0.500432
0.464344
0.477234
0.522908
0.555398
0.588037
0.378332
0.712595
0.626169
0.58865
0.570769
0.311932
0.367254
0.502862
0.346941
0.37975
0.628446
0.424775
0.441157
0.543367
0.471486
0.499665
0.348166
0.459293
0.36659
0.567875
0.539534
0.558996
0.315964
0.375747
0.631665
0.500102
0.583475
0.44621
0.628766
0.5567
0.316705
0.652495
0.608615
0.470703
0.629607
0.564156
0.538505
0.649495
0.671039
0.435415
0.503275
0.533367
0.636479
0.381598
0.596861
0.469546
0.387241
0.540221
0.473353
0.417878
0.623569
0.539068
0.473049
0.376527
0.41499
0.294375
0.533542
0.454328
0.523355
0.338022
0.46541
0.529698
0.561031
0.523431
0.516604
0.424322
0.708719
0.585605
0.569158
0.483078
0.574424
0.531579
0.506384
0.689967
0.507126
0.413301
0.458245
0.563094
0.585735
0.485742
0.577118
0.560015
0.485935
0.378837
0.515711
0.588066
0.484572
0.61262
0.373412
0.352545
0.593242
0.560704
0.446889
0.488926
0.619816
0.518046
0.665279
0.51355
0.438601
0.654695
0.409859
0.490519
0.406938
0.438037
0.412591
0.350807
0.59802
0.481803
0.397499
0.512882
0.326764
0.530896
0.473333
0.542405
0.527602
0.416883
0.505535
0.35187
0.500079
0.619767
0.590034
0.479312
0.570195
0.447439
0.520943
0.398501
0.522428
0.494999
0.488742
0.501337
0.439444
0.471907
0.365092
0.456391
0.443502
0.585701
0.424923
0.585892
0.465604
0.646824
0.425997
0.51667
0.475479
0.409855
0.510664
0.648899
0.487499
0.492239
0.51406
0.649734
0.314692
0.51238
0.457544
0.517233
0.574997
0.56476
0.37567
0.673227
0.461004
0.4005
0.469558
0.532083
0.466378
0.607597
0.499037
0.355609
0.419265
0.585809
0.520461
0.642579
0.604968
0.486985
0.446648
0.714703
0.367219
0.542391
0.449913
0.449092
0.45942
0.424359
0.348694
0.470584
0.574244
0.390395
0.412801
0.455562
0.412009
0.233649
0.491871
0.512186
0.455301
0.714406
0.516102
0.49023
0.499318
0.573092
0.337913
0.437011
0.644457
0.526018
0.577678
0.354162
0.389698
0.420903
0.606232
0.423303
0.472363
0.67997
0.641363
0.456921
0.381861
0.584215
0.455051
0.494072
0.532067
0.553215
0.48273
0.498785
0.509003
0.350629
0.395396
0.432337
0.417532
0.496312
0.439902
0.458856
0.532806
0.591781
0.572322
0.40696
0.319224
0.5665
0.503788
0.44847
0.611717
0.528279
0.447752
0.368462
0.561171
0.551841
0.402122
0.589255
0.627869
0.465389
0.619306
0.474172
0.563837
0.495801
0.511668
0.375221
0.457014
0.508854
0.509484
0.502106
0.517213
0.631647
0.53298
0.478267
0.465852
0.470213
0.459591
0.312937
0.448479
0.53603
0.362086
0.656461
0.221131
0.570995
0.562771
0.319437
0.468627
0.611134
0.593465
0.524486
0.494883
0.555167
0.570528
0.522767
0.382412
0.404769
0.488704
0.445615
0.450179
0.519208
0.307108
0.374979
0.446007
0.377768
0.345201
0.504595
0.491785
0.469185
0.42612
0.52713
0.45674
0.528086
0.499292
0.420815
0.566072
0.414208
0.643759
0.522345
0.559285
0.280955
0.398179
0.361132
0.494577
0.505633
0.58303
0.49325
0.452682
0.55448
0.375026
0.51173
0.425584
0.431395
0.563322
0.523101
0.382568
0.510049
0.56161
0.568387
0.488089
0.474841
0.369721
0.430032
0.402978
0.496939
0.372897
0.404525
0.432538
0.347445
0.436436
0.433754
0.592108
0.500475
0.397907
0.47642
0.442708
0.504764
0.478712
0.464113
0.50641
0.403138
0.531263
0.52494
0.403105
0.555035
0.407599
0.570863
0.557384
0.467983
0.579784
0.433202
0.506251
0.469764
0.561966
0.594035
0.495458
0.553748
0.578505
0.499497
0.584243
0.505691
0.392117
0.454277
0.685319
0.571027
0.350491
0.384887
0.448956
0.44752
0.429401
0.522544
0.557074
0.488882
0.544829
0.294828
0.525253
0.580757
0.476179
0.428499
0.617619
0.701268
0.587167
0.454203
0.661604
0.304066
0.450526
0.56702
0.606584
0.462654
0.577177
0.335136
0.502458
0.490492
0.520053
0.46217
0.481237
0.7022
0.467317
0.596971
0.506766
0.506943
0.459201
0.548019
0.714715
0.625877
0.457269
0.497774
0.497017
0.401292
0.664411
0.625682
0.491961
0.415904
0.53842
0.436751
0.523171
0.666489
0.561521
0.455954
0.487744
0.636872
0.522774
0.586948
0.525853
0.391039
0.539777
0.546918
0.411128
0.457929
0.590657
0.677607
0.483199
0.405245
0.646831
0.495894
0.400777
0.400412
0.591598
0.485554
0.525711
0.632568
0.479099
0.445113
0.355463
0.520289
0.432763
0.495001
0.403507
0.555493
0.501858
0.410484
0.58415
0.534787
0.489304
0.485127
0.590342
0.705269
0.533448
0.442838
0.460042
0.502595
0.571013
0.404815
0.608768
0.484908
0.527972
0.581003
0.562953
0.366993
0.47965
0.393929
0.460811
0.534803
0.390842
0.456117
0.394385
0.471307
0.591318
0.510492
0.548545
0.550351
0.561575
0.406529
0.649685
0.456047
0.598261
0.623151
0.568928
0.460954
0.398193
0.362664
0.431663
0.447112
0.344462
0.528303
0.567285
0.479772
0.497609
0.361248
0.490028
0.344432
0.589417
0.551245
0.333807
0.533598
0.38638
0.548241
0.471042
0.520428
0.534452
0.490743
0.327439
0.582245
0.516191
0.629873
0.461747
0.337657
0.545972
0.466378
0.411546
0.436799
0.298451
0.431148
0.513147
0.695028
0.41
0.62805
0.685707
0.386131
0.512376
0.621195
0.426721
0.611949
0.452396
0.587018
0.69804
0.541033
0.420939
0.464838
0.588646
0.259797
0.459124
0.427847
0.522408
0.405358
0.729042
0.659761
0.53609
0.550071
0.430941
0.460636
0.584906
0.683533
0.518318
0.518648
0.539969
0.68861
0.406883
0.472909
0.423976
0.53383
0.5929
0.455667
0.488532
0.605258
0.590933
0.540537
0.468549
0.476759
0.470571
0.436669
0.456147
0.468331
0.616226
0.357063
0.618578
0.467965
0.453631
0.552492
0.441669
0.493287
0.28119
0.640819
0.612337
0.645001
0.413891
0.574727
0.660769
0.554946
0.391975
0.379197
0.464863
0.657352
0.426144
0.253338
0.576585
0.312664
0.545564
0.469451
0.361914
0.689092
0.384502
0.415496
0.55308
0.357811
0.487927
0.415411
0.493827
0.583534
0.535966
0.625012
0.515485
0.492942
0.281606
0.439481
0.513631
0.579263
0.465609
0.46174
0.502189
0.552034
0.417087
0.669285
0.603814
0.566918
0.567749
0.480324
0.592468
0.471159
0.50236
0.458365
0.636102
0.576107
0.337472
0.40767
0.49441
0.518976
0.565018
0.500268
0.608631
0.401812
0.216908
0.63851
0.477428
0.596405
0.501281
0.395428
0.344888
0.579682
0.630601
0.488436
0.433724
0.614877
0.506324
0.530201
0.438795
0.419578
0.544381
0.463783
0.453082
0.562512
0.420273
0.527437
0.730305
0.406731
0.582083
0.407733
0.595371
0.467615
0.424253
0.527957
0.495903
0.679922
0.534514
0.482008
0.64512
0.468869
0.62086
0.562314
0.538357
0.496025
0.595026
0.443544
0.43256
0.601578
0.433428
0.572213
0.560129
0.590303
0.556073
0.475502
0.505482
0.509363
0.558476
0.540964
0.504791
0.341839
0.601137
0.432002
0.336313
0.590667
0.505698
0.492342
0.65084
0.75346
0.72638
0.455958
0.54876
0.389445
0.459881
0.417232
0.542282
0.455547
0.426417
0.429374
0.648422
0.439429
0.399121
0.387431
0.440347
0.543082
0.47857
0.415495
0.741721
0.67132
0.403708
0.515984
0.48074
0.655344
0.359985
0.452174
0.527545
0.592306
0.590068
0.523426
0.620768
0.407583
0.631984
0.555834
0.245965
0.347261
0.704123
0.369312
0.560744
0.484093
0.426028
0.395403
0.568415
0.471012
0.50845
0.408398
0.424029
0.302016
0.565671
0.595596
0.513694
0.44105
0.697621
0.530865
0.580096
0.355295
0.55887
0.42891
0.47418
0.540041
0.476077
0.24594
0.494982
0.448106
0.495031
0.455727
0.436619
0.437546
0.432943
0.368308
0.393508
0.427188
0.581174
0.371876
0.481869
0.500289
0.448131
0.466682
0.417647
0.322409
0.551573
0.52305
0.447982
0.640373
0.464118
0.6339
0.365405
0.504967
0.485266
0.545433
0.440977
0.510809
0.557777
0.437938
0.59459
0.472595
0.365798
0.491937
0.77771
0.557734
0.546628
0.4132
0.575862
0.471132
0.417578
0.603395
0.545183
0.538692
0.563889
0.451471
0.47941
0.461861
0.453216
0.384111
0.460693
0.416356
0.536702
0.5519
0.479659
0.543958
0.566228
0.341124
0.417185
0.637065
0.501906
0.489391
0.462363
0.64146
0.603474
0.546569
0.398181
0.503551
0.393733
0.660781
0.518465
0.664094
0.451712
0.582515
0.646667
0.551224
0.537808
0.568169
0.509106
0.551366
0.572625
0.427634
0.572312
0.337408
0.485817
0.29879
0.586144
0.50928
0.620731
0.44511
0.581387
0.452881
0.525226
0.460783
0.452569
0.449052
0.478508
0.531126
0.613767
0.46511
0.598425
0.534253
0.447189
0.337202
0.543141
0.683335
0.571389
0.402548
0.465668
0.496986
0.437948
0.466404
0.599258
0.648666
0.522539
0.489372
0.446191
0.4842
0.508278
0.356455
0.412019
0.609862
0.566344
0.540035
0.371873
0.6417
0.520826
0.494752
0.474947
0.5701
0.541842
0.623008
0.48783
0.431824
0.342961
0.525644
0.44687
0.495096
0.566014
0.503082
0.434294
0.451534
0.618417
0.498032
0.412342
0.572045
0.385134
0.47162
0.444182
0.42206
0.46946
0.580605
0.599942
0.344788
0.523839
0.574109
0.590698
0.509428
0.513938
0.554068
0.592789
0.48457
0.516266
0.444415
0.619375
0.635294
0.48161
0.589753
0.565683
0.355772
0.503652
0.455094
0.498899
0.437421
0.414104
0.323982
0.483225
0.435989
0.582762
0.493145
0.425121
0.639193
0.53291
0.537552
0.493305
0.649827
0.38952
0.470578
0.51261
0.487544
0.459746
0.549728
0.650316
0.475793
0.60222
0.379171
0.508131
0.418659
0.473709
0.43611
0.60249
0.385664
0.648702
0.498792
0.560424
0.510842
0.489557
0.479752
0.577715
0.575693
0.501837
0.568657
0.380656
0.583912
0.441514
0.664906
0.40221
0.449041
0.547744
0.530909
0.527919
0.504512
0.556964
0.422774
0.486446
0.4088
0.41106
0.55588
0.554156
0.656696
0.504419
0.43863
0.512672
0.520995
0.42169
0.558423
0.442886
0.337176
0.400121
0.429699
0.658423
0.406921
0.507364
0.314676
0.476093
0.434608
0.457668
0.603161
0.490398
0.52421
0.596421
0.58865
0.563683
0.552274
0.46503
0.503653
0.363073
0.395986
0.515153
0.378
0.469844
0.533559
0.473333
0.359659
0.656419
0.5475
0.46412
0.588361
0.470718
0.44958
0.481786
0.538138
0.48711
0.609599
0.557785
0.445624
0.377745
0.508349
0.503124
0.416789
0.427598
0.448426
0.511858
0.555528
0.36105
0.544847
0.593946
0.483317
0.667411
0.480709
0.562724
0.419942
0.507261
0.551377
0.634319
0.471068
0.551079
0.534026
0.503313
0.619207
0.446119
0.407578
0.641026
0.540427
0.527031
0.511412
0.519818
0.569921
0.480271
0.369471
0.498827
0.515334
0.341863
0.619686
0.513603
0.567539
0.352602
0.576915
0.39412
0.584309
0.514338
0.420878
0.592699
0.323159
0.385494
0.438844
0.335365
0.475347
0.523501
0.46612
0.617253
0.503877
0.52639
0.455661
0.344647
0.51407
0.445274
0.471395
0.483308
0.486078
0.534022
0.438173
0.604767
0.274505
0.471921
0.594488
0.529285
0.531043
0.539696
0.482422
0.546216
0.431863
0.648741
0.47255
0.549549
0.592242
0.517994
0.55981
0.55842
0.426696
0.462376
0.579626
0.499429
0.4637
0.401281
0.581876
0.609628
0.549804
0.615109
0.463526
0.376065
0.378792
0.472384
0.499108
0.459817
0.457268
0.519516
0.621419
0.459464
0.56886
0.669813
0.393166
0.550991
0.524995
0.447857
0.573526
0.598136
0.391015
0.539919
0.421881
0.559243
0.452124
0.470585
0.594278
0.523681
0.434508
0.570339
0.576421
0.492967
0.322696
0.418329
0.660324
0.478711
0.415035
0.539121
0.509982
0.52158
0.634945
0.401748
0.574757
0.542472
0.46636
0.713897
0.597396
0.619142
0.507597
0.523621
0.626939
0.538552
0.438627
0.535477
0.385011
0.507241
0.572537
0.317538
0.647291
0.609042
0.512735
0.520243
0.490242
0.381521
0.463236
0.447593
0.316437
0.53952
0.340155
0.515723
0.610144
0.606229
0.508301
0.503425
0.388058
0.619252
0.61756
0.543703
0.3984
0.461149
0.439529
0.525004
0.384852
0.620966
0.605644
0.365271
0.470091
0.525316
0.523834
0.391521
0.426962
0.684581
0.601503
0.502156
0.49362
0.581855
0.428431
0.508773
0.45224
0.389266
0.673963
0.648744
0.629177
0.528355
0.528644
0.529399
0.487751
0.498212
0.571217
0.509137
0.473104
0.377122
0.467718
0.540363
0.531851
0.560468
0.510147
0.393644
0.667548
0.529708
0.578003
0.45204
0.506253
0.554249
0.456724
0.509065
0.634773
0.410081
0.472898
0.723294
0.537429
0.556066
0.606832
0.477148
0.5955
0.540808
0.418914
0.456912
0.426737
0.520058
0.676918
0.5156
0.330663
0.646637
0.597245
0.399779
0.468638
0.451909
0.613824
0.516019
0.445938
0.469839
0.464211
0.482162
0.476397
0.561723
0.633189
0.553122
0.598442
0.581705
0.619958
0.530481
0.574611
0.48022
0.395787
0.359654
0.544955
0.374544
0.494779
0.687943
0.417974
0.422645
0.43118
0.501335
0.571055
0.618588
0.462445
0.677405
0.495625
0.584751
0.518061
0.486246
0.460538
0.468157
0.589901
0.440861
0.480482
0.455247
0.530662
0.442996
