0.330361
0.381523
0.526056
0.792591
0.206341
0.775269
0.524674
0.287144
0.497275
0.119557
0.640251
0.147237
0.373637
0.71781
0.434002
0.753161
0.902247
0.0688126
0.320808
0.700014
0.483125
0.611213
0.25354
0.703482
0.331185
0.354402
0.507598
0.346282
0.673077
0.668591
0.776954
0.713479
0.505228
0.401442
0.656299
0.0469247
0.809942
0.258153
0.322149
0.506101
0.0521937
0.526404
0.33906
0.454677
0.580519
0.247124
0.50539
0.899123
0.731203
0.826563
0.516299
0.287761
0.485745
0.354685
0.46
0.335643
0.457346
0.539414
0.776519
0.372715
0.782967
0.685833
0.796518
0.41971
0.673276
0.54393
0.341025
0.778287
0.423575
0.118021
0.601181
0.878946
0.114604
0.675552
0.630399
0.462262
0.532871
0.212448
0.76962
0.376056
0.515963
0.526765
0.189621
0.85311
0.479052
0.821897
0.472623
0.591083
0.804621
0.405147
0.26871
0.288324
0.578175
0.566969
0.55087
0.496288
0.328525
0.620765
0.855753
0.231316
0.481989
0.852604
0.135483
0.245541
0.165635
0.774794
0.459207
0.688758
0.795497
0.596763
0.291285
0.600075
0.561435
0.721224
0.436338
0.750236
0.971135
0.34314
0.479648
0.812509
0.541495
0.873546
0.664682
0.172093
0.526434
0.929782
0.637785
0.390985
0.245954
0.528278
0.353395
0.427336
0.632042
0.385494
0.671374
0.665307
0.532805
0.377218
0.291374
0.643486
0.61699
0.225902
0.157395
0.57697
0.396848
0.880283
0.329018
0.350233
0.438055
0.321047
0.554035
0.614924
0.7512
0.17083
0.390508
0.458796
0.660129
0.506393
0.21456
0.318977
0.61822
0.165314
0.313479
0.394831
0.494428
0.609107
0.502008
0.772694
0.276741
0.549168
0.312959
0.30679
0.441455
0.0615121
0.801592
0.507677
0.412469
0.310785
0.366453
0.271589
0.585565
0.27356
0.227681
0.74109
0.318438
0.495465
0.317039
0.419466
0.588016
0.436222
0.822237
0.868324
0.692378
0.351205
0.491366
0.399908
0.425387
0.427655
0.541582
0.632646
0.577897
0.538219
0.62941
0.610508
0.920228
0.494032
0.328371
0.393743
0.496322
0.574045
0.922877
0.110648
0.110824
0.376903
0.56564
0.417002
0.816096
0.186127
0.459123
0.141861
0.506938
0.558964
0.209819
0.605432
0.406601
0.743741
0.367469
0.676767
0.278429
0.800113
0.399563
0.596074
0.623275
0.441144
0.46478
0.418437
0.923592
0.635653
0.837299
0.142799
0.670904
0.403816
0.697185
0.672084
0.464121
0.508545
0.740346
0.207352
0.391967
0.889674
0.674823
0.510936
0.713548
0.707554
0.158491
0.680522
0.526894
0.257132
0.596471
0.658172
0.666052
0.283189
0.454902
0.65532
0.493139
0.37188
0.360948
0.506804
0.552498
0.613293
0.747233
0.174028
0.229912
0.624261
0.662155
0.699369
0.110593
0.790174
0.605822
0.371002
0.655468
0.229117
0.364639
0.689308
0.616025
0.501133
0.305837
0.433103
0.783818
0.479984
0.456545
0.705919
0.221459
0.574293
0.430254
0.799631
0.547737
0.6295
0.376836
0.0447371
0.650281
0.361565
0.620538
0.523629
0.87495
0.567918
0.513659
0.605238
0.791941
0.630663
0.271909
0.716449
0.564359
0.471584
0.170721
0.59773
0.745791
0.138024
0.470059
0.497437
0.509206
0.593262
0.798571
0.841303
0.360279
0.554504
0.466197
0.370624
0.314022
0.86618
0.787631
0.574728
0.314382
0.415739
0.487308
0.450294
0.852258
0.493673
0.619889
0.702164
0.28815
0.769041
0.178479
0.457298
0.311463
0.196291
0.676095
0.395553
0.769236
0.688694
0.474196
0.408008
0.772883
0.788263
0.495357
0.475588
0.542285
0.33154
0.195453
0.417757
0.872365
0.755171
0.284
0.493107
0.408067
0.204722
0.669582
0.540667
0.589426
0.504725
0.470575
0.43282
0.67921
0.817458
0.669656
0.567727
0.71138
0.462512
0.603876
0.461202
0.499428
0.888725
0.470343
0.704992
0.519383
0.184582
0.390856
0.640475
0.533111
0.782727
0.317101
0.553795
0.743278
0.658761
0.67131
0.530509
0.57214
0.844017
0.605566
0.814823
0.332113
0.466558
0.626198
0.100552
0.606829
0.304157
0.568031
0.637956
0.587213
0.477547
0.516487
0.372639
0.407841
0.431786
0.76387
0.039726
0.70467
0.248082
0.249386
0.718573
0.165973
0.0979669
0.670801
0.310282
0.77413
0.29625
0.568849
0.732341
0.73667
0.428695
0.673848
0.831728
0.280765
0.424907
0.667217
0.0998478
0.0361604
0.216441
0.748886
0.229719
0.65728
0.764687
0.514884
0.387834
0.636067
0.762595
0.637639
0.780175
0.432853
0.708862
0.704849
0.673865
0.603387
0.822707
0.811012
0.493007
0.525871
0.411918
0.60904
0.439254
0.632703
0.326368
0.51762
0.294713
0.227338
0.523727
0.14328
0.646804
0.517513
0.543643
0.714411
0.231728
0.421838
0.831189
0.437765
0.425235
0.507536
0.369895
0.676226
0.616401
0.592912
0.479227
0.709946
0.282178
0.598886
0.400907
0.581207
0.537475
0.659743
0.44299
0.636666
0.267609
0.803985
0.470151
0.368895
0.656941
0.192011
0.423163
0.522448
0.509595
0.448076
0.320094
0.66792
0.215148
0.549797
0.336242
0.0607981
0.544234
0.539238
0.579418
0.0901365
0.666036
0.495407
0.571656
0.485401
0.361652
0.758745
0.218012
0.188097
0.364375
0.324005
0.687609
0.408081
0.0899468
0.618677
0.651633
0.872726
0.226876
0.559909
0.217521
0.640411
0.238944
0.333635
0.168092
0.588073
0.789058
0.765442
0.258934
0.295834
0.425638
0.453437
0.346854
0.540025
0.579744
0.509205
0.0167692
0.469177
0.503208
0.303689
0.643916
0.275847
0.235047
0.540648
0.472801
0.790438
0.515458
0.781079
0.81385
0.411425
0.77375
0.217818
0.35323
0.64971
0.398586
0.550289
0.840871
0.803093
0.455928
0.235152
0.0662222
0.890126
0.352137
0.689396
0.550822
0.460915
0.646693
0.698194
0.7813
0.265694
0.301017
0.830623
0.575933
0.500292
0.606953
0.592117
0.322447
0.460898
0.370448
0.343342
0.344246
0.428781
0.133037
0.190909
0.546817
0.468951
0.295746
0.106175
0.265569
0.564987
0.467079
0.454117
0.380903
0.625553
0.188773
0.415087
0.285839
0.386418
0.400026
0.458006
0.186061
0.59505
0.582969
0.574343
0.481768
0.603163
0.489145
0.408028
0.625251
0.605858
0.678812
0.717193
0.36765
0.754281
0.311914
0.279453
0.702874
0.732027
0.711597
0.40318
0.0861965
0.12376
0.678161
0.133056
0.149578
0.517831
0.363407
0.53892
0.655284
0.772949
0.722326
0.652729
0.323913
0.742239
0.141142
0.669258
0.44248
0.486299
0.797734
0.451884
0.302706
0.120161
0.142496
0.185651
0.539237
0.927325
0.594737
0.695537
0.332024
0.737337
0.631737
0.498663
0.706607
0.801641
0.404613
0.58494
0.810626
0.515738
0.847189
0.721452
0.564372
0.32395
0.451086
0.751634
0.477738
0.506368
0.46227
0.411109
0.695458
0.785868
0.211358
0.1078
0.477066
0.306323
0.621972
0.914744
0.837504
0.52145
0.148505
0.199792
0.468896
0.397002
0.476655
0.367176
0.333465
0.0672933
0.277138
0.611706
0.962169
0.20033
0.63503
0.387112
0.513123
0.814104
0.48418
0.465885
0.5384
0.649879
0.458213
0.518685
0.677385
0.446588
0.526651
0.567216
0.639314
0.573745
0.116704
0.965231
0.357233
0.968542
0.628332
0.2381
0.590086
0.686087
0.332197
0.162179
0.519212
0.61004
0.0971703
0.390977
0.530043
0.48416
0.726065
0.23592
0.389324
0.413559
0.385327
0.385267
0.422721
0.347763
0.196423
0.395546
0.567205
0.29594
0.513714
0.715619
0.81713
0.637937
0.245617
0.30432
0.602462
0.383062
0.782911
0.578324
0.532131
0.591817
0.18004
0.477758
0.205041
0.414081
0.692342
0.362783
0.435764
0.810497
0.104125
0.2552
0.261506
0.51214
0.489565
0.614898
0.491445
0.636784
0.630416
0.891738
0.329098
0.118395
0.271578
0.519261
0.742861
0.219732
0.727566
0.317384
0.279454
0.386257
0.55999
0.447018
0.909476
0.562799
0.628156
0.110349
0.263859
0.832709
0.771953
0.616277
0.264501
0.352544
0.218205
0.231305
0.171908
0.543574
0.508715
0.411948
0.467212
0.364696
0.330239
0.565513
0.255444
0.229625
0.583679
0.411877
0.521488
0.744507
0.361802
0.319684
0.589667
0.430388
0.711833
0.66615
0.532445
0.458237
0.141284
0.820451
0.543262
0.66253
0.282442
0.276456
0.433039
0.712658
0.462934
0.261333
0.429446
0.809706
0.636855
0.322363
0.352519
0.639459
0.21294
0.445049
0.509793
0.550726
0.773324
0.181403
0.798595
0.541405
0.508448
0.568084
0.522718
0.622939
0.400696
0.289821
0.325205
0.497152
0.771398
0.59435
0.408496
0.717686
0.262851
0.390877
0.857754
0.621569
0.659041
0.764845
0.902684
0.804718
0.655782
0.317579
0.347697
0.27846
0.773034
0.290168
0.669834
0.682437
0.55916
0.356699
0.428339
0.542547
0.568959
0.772773
0.649359
0.550843
0.304288
0.740981
0.243739
0.707603
0.388172
0.405832
0.285434
0.404066
0.700299
0.31638
0.622578
0.637597
0.533827
0.495585
0.3128
0.539348
0.540488
0.43124
0.768874
0.257733
0.812975
0.354052
0.770363
0.479354
0.410643
0.594263
0.141419
0.482256
0.466597
0.608981
0.914439
0.604698
0.721247
0.448151
0.693814
0.875904
0.409456
0.477907
0.703539
0.293531
0.385445
0.605801
0.646967
0.345873
0.201631
0.0531995
0.526558
0.365107
0.564624
0.395922
0.465946
0.161176
0.673623
0.644966
0.346253
0.624157
0.403504
0.0649506
0.713044
0.596274
0.126897
0.728698
0.429876
0.802984
0.676606
0.482139
0.448948
0.495841
0.531739
0.544525
0.838835
0.69813
0.767962
0.394696
0.853874
0.557553
0.644301
0.394954
0.849272
0.298501
0.405968
0.779847
0.240545
0.62977
0.464714
0.187975
0.475422
0.201819
0.575224
0.340696
0.630899
0.82098
0.458136
0.772396
0.267625
0.116287
0.527258
0.192762
0.568379
0.217893
0.460619
0.612294
0.556875
0.74432
0.312004
0.288058
0.337711
0.509044
0.691661
0.347454
0.317781
0.345247
0.2519
0.623604
0.26401
0.810797
0.795326
0.786663
0.821802
0.273834
0.280496
0.28123
0.763118
0.492611
0.331802
0.380743
0.752648
0.791511
0.567432
0.345559
0.315037
0.798452
0.641273
0.222203
0.455713
0.447182
0.351671
0.247033
0.532327
0.561218
0.50198
0.618362
0.493412
0.324495
0.404862
0.576865
0.495352
0.307061
0.504351
0.784849
0.678305
0.452429
0.546698
0.420797
0.526254
0.546479
0.0630632
0.706326
0.75588
0.676102
0.134155
0.758518
0.573509
0.549038
0.488924
0.211335
0.408865
0.284645
0.446486
0.475643
0.378966
0.39863
0.542443
0.808118
0.754951
0.69304
0.387835
0.0351093
0.599226
0.626105
0.390963
0.328311
0.509799
0.474786
0.42936
0.854875
0.553239
0.716188
0.391236
0.925367
0.487202
0.542265
0.212725
0.438786
0.768008
0.285521
0.619313
0.474589
0.608287
0.271699
0.236854
0.307503
0.494246
0.72874
0.569615
0.921655
0.591614
0.36955
0.549802
0.776336
0.863897
0.62943
0.445084
0.126502
0.496067
0.777259
0.367634
0.126894
0.361365
0.732857
0.460256
0.749442
0.288406
0.911182
0.54218
0.719396
0.280344
0.777338
0.579163
0.7264
0.607337
0.534618
0.29954
0.592539
0.83812
0.48113
0.609916
0.880123
0.396011
0.558778
0.171219
0.597787
0.619211
0.481713
0.577856
0.714265
0.574785
0.569595
0.539761
0.114956
0.52024
0.524336
0.299141
0.437202
0.426163
0.377232
0.220761
0.895977
0.367892
0.196711
0.576651
0.262454
0.363747
0.885176
0.503129
0.583708
0.381848
0.506723
0.440084
0.532602
0.257118
0.575782
0.569484
0.452663
0.654564
0.600027
0.352109
0.71356
0.484485
0.409151
0.718541
0.418552
0.819769
0.414425
0.302466
0.806088
0.384997
0.432208
0.811389
0.863482
0.58156
0.56787
0.711877
0.72141
0.282591
0.394868
0.363503
0.823715
0.775968
0.777001
0.0676475
0.667825
0.753248
0.170147
0.204405
0.586846
0.136869
0.603062
0.21283
0.595175
0.807523
0.775114
0.126803
0.245283
0.438113
0.822094
0.710831
0.744053
0.160248
0.789539
0.447126
0.7529
0.183758
0.716266
0.207331
0.346617
0.259254
0.469125
0.899304
0.531733
0.51826
0.583225
0.711392
0.525895
0.245013
0.350198
0.283669
0.675611
0.528524
0.760337
0.717629
0.44045
0.513054
0.642717
0.792869
0.797575
0.609664
0.4607
0.591326
0.221281
0.551045
0.708504
0.436652
0.567976
0.566366
0.717794
0.138363
0.747835
0.222399
0.42154
0.487404
0.490124
0.621717
0.235653
0.78183
0.810005
0.668298
0.707224
0.868311
0.460355
0.505384
0.441425
0.767211
0.202992
0.499994
0.557462
0.406029
0.659401
0.293009
0.537206
0.318002
0.801902
0.953272
0.318455
0.369725
0.321934
0.668704
0.34801
0.163649
0.662948
0.676938
0.548077
0.718375
0.431153
0.782514
0.262759
0.86167
0.698153
0.327229
0.739695
0.478182
0.385306
0.374727
0.565171
0.835844
0.470397
0.639993
0.709334
0.672005
0.683
0.338903
0.451402
0.552342
0.155713
0.652537
0.443035
0.222656
0.174188
0.395501
0.531349
0.755665
0.219692
0.747
0.201298
0.751957
0.423709
0.0479776
0.610453
0.686284
0.354866
0.68714
0.67748
0.697419
0.734248
0.493224
0.548905
0.201827
0.725965
0.320402
0.507025
0.668421
0.375592
0.658235
0.495121
0.223724
0.5699
0.617145
0.424394
0.463774
0.567069
0.534864
0.290346
0.431152
0.697364
0.718901
0.364578
0.672528
0.260026
0.484552
0.341295
0.124177
0.442915
0.667544
0.806067
0.279913
0.267235
0.684908
0.757671
0.67796
0.610423
0.48724
0.652149
0.700275
0.286102
0.389999
0.551458
0.509897
0.46075
0.291058
0.447411
0.658899
0.362539
0.176242
0.194853
0.481584
0.288549
0.584108
0.726323
0.34457
0.342397
0.845771
0.833721
0.657456
0.135037
0.4351
0.290779
0.754777
0.857316
0.159142
0.453435
0.342009
0.183641
0.188169
0.713459
0.655403
0.391873
0.0692587
0.293991
0.817445
0.385376
0.886872
0.86391
0.576806
0.478909
0.628403
0.311258
0.703639
0.360832
0.582215
0.254193
0.76814
0.569897
0.240225
0.481256
0.362299
0.625648
0.696582
0.500997
0.531816
0.627247
0.428586
0.244311
0.267182
0.186351
0.615454
0.201073
0.359949
0.485391
0.295122
0.385998
0.762255
0.553432
0.678784
0.516882
0.294696
0.527561
0.837395
0.651706
0.629668
0.218521
0.743906
0.769316
0.434338
0.225101
0.299528
0.391734
0.889422
0.642568
0.491849
0.334376
0.506996
0.586214
0.727171
0.533777
0.752589
0.301868
0.64894
0.640686
0.433835
0.560999
0.398705
0.679676
0.649989
0.338832
0.795557
0.564701
0.303665
0.449665
0.304521
0.623311
0.258162
0.364366
0.433925
0.0205067
0.180776
0.3608
0.84629
0.586519
0.444549
0.458738
0.486813
0.541063
0.66791
0.766551
0.428063
0.469894
0.553719
0.417803
0.399014
0.647789
0.146231
0.701616
0.611102
0.415359
0.456551
0.79147
0.513491
0.305344
0.614174
0.652899
0.504302
0.477385
0.284221
0.761274
0.894047
0.258491
0.547046
0.186722
0.0620832
0.699723
0.768881
0.403936
0.766405
0.54792
0.699251
0.360458
0.461631
0.394524
0.612901
0.387791
0.74958
0.501894
0.271019
0.465459
0.731356
0.920739
0.308558
0.648941
0.549395
0.500608
0.861514
0.148164
0.802451
0.758649
0.330025
0.594031
0.786043
0.310118
0.63019
0.456251
0.655413
0.177421
0.619565
0.376499
0.62755
0.782735
0.588277
0.856719
0.233421
0.792551
0.289781
0.293199
0.401021
0.720745
0.442267
0.272759
0.294426
0.310082
0.963803
0.348254
0.85355
0.200332
0.411278
0.686307
0.373837
0.754452
0.675298
0.53102
0.734655
0.152583
0.440168
0.353146
0.529684
0.476874
0.750162
0.355039
0.87213
0.49845
0.730283
0.177424
0.542122
0.241099
0.591782
0.204854
0.413175
0.634542
0.509695
0.792481
0.739154
0.183449
0.79173
0.537554
0.40268
0.566612
0.464827
0.39484
0.620458
0.443995
0.487782
0.485939
0.870555
0.487644
0.255327
0.378256
0.45117
0.765748
0.391115
0.410166
0.599955
0.597374
0.534066
0.314684
0.497531
0.358747
0.40458
0.444756
0.248296
0.460156
0.894144
0.329041
0.576239
0.325913
0.753901
0.587842
0.492924
0.198025
0.164764
0.414654
0.589406
0.447544
0.553703
0.379521
0.873325
0.315843
0.477869
0.736246
0.216983
0.621329
0.23022
0.216201
0.501733
0.455402
0.527397
0.467351
0.438528
0.254754
0.222568
0.847801
0.81403
0.375353
0.943043
0.209027
0.556199
0.40678
0.884462
0.104692
0.5328
0.95384
0.700394
0.536741
0.390841
0.475653
0.508241
0.401253
0.514416
0.510722
0.48932
0.722306
0.823043
0.729745
0.393093
0.5629
0.652035
0.746236
0.462488
0.677739
0.851041
0.978274
0.379329
0.523494
0.50638
0.593006
0.785884
0.667917
0.337345
0.678804
0.270614
0.439971
0.836177
0.778245
0.413203
0.338915
0.615952
0.778381
0.565996
0.27109
0.700123
0.393041
0.506001
0.60888
0.632043
0.585183
0.423637
0.867169
0.802268
0.265601
0.421462
0.468338
0.786017
0.467574
0.278101
0.617673
0.252674
0.43532
0.189683
0.736798
0.653747
0.177411
0.533084
0.703554
0.415241
0.52456
0.402319
0.322527
0.254932
0.0945092
0.251461
0.501182
0.514551
0.305003
0.934492
0.532378
0.541423
0.689111
0.264517
0.684784
0.67364
0.755467
0.42182
0.478539
0.777388
0.499255
0.622246
0.574228
0.554537
0.408047
0.414454
0.629081
0.483205
0.419912
0.306589
0.775048
0.773465
0.279457
0.629984
0.549182
0.114946
0.600762
0.629488
0.657586
0.262585
0.684464
0.727107
0.379895
0.651333
0.24949
0.737622
0.222113
0.750134
0.228266
0.521912
0.101347
0.26004
0.63747
0.145722
0.396813
0.530854
0.774704
0.0686736
0.627228
0.715215
0.604726
0.220308
0.315508
0.198581
0.687181
0.527021
0.277466
0.738097
0.361027
0.535754
0.121987
0.512858
0.639159
0.737356
0.675935
0.432609
0.38
0.524537
0.347827
0.57147
0.291109
0.426403
0.120102
0.487787
0.683143
0.343548
0.410573
0.460748
0.130796
0.464755
0.469462
0.81894
0.310598
0.878349
0.279156
0.555542
0.773767
0.598305
0.0996546
0.319397
0.775568
0.307239
0.353417
0.640719
0.520916
0.575419
0.469122
0.894733
0.799254
0.647011
0.604627
0.526078
0.470007
0.591744
0.345198
0.451332
0.123187
0.702275
0.0238589
0.326539
0.478031
0.474513
0.236491
0.511177
0.695815
0.340219
0.425099
0.579496
0.771258
0.528232
0.57844
0.624735
0.53025
0.512683
0.149975
0.371204
0.499877
0.463613
0.218927
0.753809
0.530021
0.447426
0.220959
0.144067
0.534092
0.331641
0.750804
0.79624
0.579722
0.430455
0.489945
0.356719
0.79854
0.384632
0.738224
0.424327
0.697428
0.601293
0.329051
0.168755
0.441924
0.286183
0.883645
0.408844
0.545756
0.183064
0.910542
0.822002
0.138718
0.59186
0.68238
0.600528
0.598439
0.569266
0.622731
0.390191
0.819829
0.422521
0.111577
0.240908
0.259297
0.689106
0.66875
0.568917
0.629097
0.252139
0.900494
0.774365
0.73047
0.0732804
0.395046
0.677759
0.402485
0.232
0.428942
0.333276
0.426804
0.542062
0.396503
0.546427
0.466864
0.473156
0.300791
0.568138
0.733239
0.437585
0.445036
0.45682
0.555243
0.209005
0.639386
0.49453
0.902104
0.322188
0.288555
0.812873
0.635334
0.259867
0.65177
0.528804
0.387175
0.564697
0.367163
0.71005
0.448322
0.721447
0.508575
0.884362
0.411367
0.73653
0.493466
0.576382
0.55471
0.79904
0.0864715
0.500413
0.56496
0.239478
0.543867
0.556909
0.184129
0.709371
0.620028
0.67507
0.731203
0.587063
0.207723
0.313399
0.685964
0.571929
0.309882
0.574669
0.136193
0.761333
0.341241
0.411236
0.377701
0.211686
0.434076
0.291186
0.819893
0.566959
0.472978
0.465335
0.0878419
0.295065
0.509449
0.61962
0.325172
0.404544
0.507837
0.716965
0.690278
0.221028
0.549948
0.227225
0.401734
0.384972
0.176416
0.213355
0.426998
0.189182
0.468736
0.886464
0.521814
0.206717
0.276597
0.761966
0.815993
0.866741
0.670981
0.443555
0.504521
0.717954
0.254246
0.33128
0.44125
0.576261
0.384189
0.194491
0.54569
0.585362
0.1699
0.570016
0.921694
0.425984
0.772957
0.840401
0.45014
0.491496
0.598315
0.616615
0.355963
0.304699
0.385036
0.694139
0.363186
0.282593
0.507748
0.37089
0.539888
0.662968
0.475557
0.309964
0.298302
0.488693
0.665854
0.399709
0.253553
0.502609
0.75631
0.708187
0.257796
0.637956
0.619066
0.648581
0.414809
0.496311
0.616951
0.366675
0.743385
0.787032
0.292339
0.631033
0.396121
0.159238
0.864998
0.151061
0.45353
0.189382
0.756129
0.267638
0.301616
0.494524
0.531509
0.355565
0.464416
0.523406
0.707484
0.546584
0.501212
0.534511
0.289308
0.526273
0.191455
0.602263
0.712121
0.177639
0.718707
0.699617
0.530631
0.238768
0.428171
0.487256
0.254361
0.411416
0.470691
0.396707
0.651073
0.501981
0.75936
0.426655
0.141808
0.195781
0.153168
0.778835
0.586711
0.46014
0.145395
0.541835
0.311634
0.841299
0.572754
0.0882504
0.15127
0.56468
0.474539
0.682605
0.585348
0.367596
0.219338
0.504515
0.22022
0.888012
0.380159
0.873596
0.418932
0.702492
0.577061
0.919636
0.308666
0.251006
0.619707
0.7736
0.695211
0.4058
0.77051
0.562068
0.589916
0.336064
0.312334
0.569709
0.605335
0.589655
0.342988
0.39147
0.401594
0.457678
0.332038
0.728152
0.166243
0.707254
0.463742
0.68609
0.28618
0.662321
0.653189
0.523698
0.920994
0.881876
0.361014
0.244646
0.112849
0.829561
0.445329
0.769491
0.368835
0.448061
0.777807
0.624594
0.827477
0.446279
0.714118
0.169208
0.171871
0.376825
0.247223
0.338637
0.377709
0.225846
0.785286
0.213398
0.185234
0.756781
0.484261
0.431368
0.859937
0.744155
0.428492
0.541894
0.357604
0.50304
0.190941
0.357917
0.435086
0.264367
0.417938
0.194156
0.548969
0.465777
0.571637
0.586461
0.560069
0.422258
0.826634
0.669436
0.312499
0.610325
0.855488
0.346508
0.581795
0.444035
0.351175
0.218626
0.687403
0.440679
0.622765
0.444788
0.240594
0.0684931
0.463917
0.289676
0.549648
0.838285
0.232064
0.570653
0.129951
0.845401
0.689413
0.548448
0.567414
0.487981
0.645214
0.512863
0.659404
0.481979
0.301995
0.396886
0.808166
0.0629798
0.446752
0.209607
0.567496
0.409342
0.741377
0.410374
0.5442
0.340754
0.354865
0.553663
0.0316504
0.240802
0.543146
0.616158
0.303562
0.921705
0.520653
0.37456
0.921843
0.793872
0.0810208
0.534712
0.213201
0.722492
0.412603
0.0196058
0.24495
0.347887
0.917755
0.405913
0.181228
0.415895
0.58314
0.455683
0.826647
0.809078
0.56156
0.521909
0.465163
0.489081
0.114136
0.813659
0.277724
0.455001
0.424911
0.588548
0.673053
0.592158
0.538243
0.797303
0.291707
0.430184
0.782636
0.537252
0.244308
0.348887
0.53294
0.378577
0.320653
0.664871
0.526131
0.209197
0.457169
0.301425
0.684153
0.701189
0.675985
0.388734
0.510607
0.333693
0.509642
0.160978
0.616331
0.114256
0.601266
0.411436
0.292216
0.72262
0.220813
0.536235
0.285856
0.257984
0.863755
0.341907
0.551957
0.602805
0.399381
0.311465
0.234654
0.623218
0.91165
0.418224
0.503219
0.508218
0.42632
0.346139
0.600888
0.506743
0.143873
0.619952
0.579838
0.653853
0.598509
0.16797
0.683606
0.284219
0.339283
0.734844
0.201553
0.713175
0.78024
0.331229
0.858218
0.422608
0.79218
0.0517482
0.413728
0.421004
0.409452
0.61222
0.13968
0.153985
0.200995
0.351618
0.198212
0.423719
0.405578
0.213794
0.690255
0.232601
0.357017
0.368494
0.752225
0.298647
0.525884
0.650762
0.568733
0.697068
0.680053
0.392324
0.532124
0.664516
0.71716
0.488101
0.0179777
0.559549
0.147878
0.185516
0.358954
0.804851
0.00965606
0.603809
0.587681
0.343828
0.166371
0.885073
0.882624
0.72618
0.500124
0.648299
0.389195
0.894125
0.427183
0.562209
0.701612
0.572937
0.470849
0.872204
0.27932
0.376545
0.299845
0.611306
0.435057
0.320916
0.691539
0.494452
0.269925
0.895022
0.305168
0.640092
0.544124
0.671183
0.450953
0.282517
0.460268
0.643649
0.216813
0.532919
0.199503
0.566283
0.365142
0.51669
0.288903
0.51725
0.337918
0.359003
0.491936
0.750653
0.509171
0.510261
0.402035
0.602084
0.49964
0.297516
0.282626
0.297085
0.419208
0.857492
0.435212
0.468552
0.828506
0.7514
0.990425
0.521143
0.511846
0.0812335
0.505217
0.687781
0.329427
0.821774
0.612652
0.705382
0.467538
0.852091
0.209041
0.493955
0.331269
0.314808
0.77644
0.555265
0.625016
0.450985
0.426816
0.514279
0.841846
0.452951
0.617468
0.308637
0.433577
0.147004
0.725568
0.488439
0.859207
0.462373
0.282964
0.420646
0.510096
0.662412
0.160685
0.399448
0.686103
0.708505
0.355849
0.745972
0.347657
0.396688
0.271962
0.437732
0.794501
0.551551
0.4969
0.640253
0.722673
0.581476
0.571097
0.720353
0.28702
0.593843
0.601805
0.402565
0.847359
0.538319
0.317521
0.687231
0.502165
0.490921
0.269986
0.48085
0.314445
0.711045
0.879436
0.596238
0.310243
0.4982
0.382062
0.862158
0.381006
0.644697
0.476924
0.539051
0.646815
0.425119
0.582834
0.569571
0.638267
0.582861
0.604022
0.399629
0.330583
0.66863
0.466659
0.187702
0.114282
0.85528
0.426616
0.177191
0.212569
0.497903
0.762093
0.838624
0.856335
0.227632
0.453052
0.0955721
0.703471
0.262137
0.312674
0.530121
0.539968
0.385333
0.774313
0.420833
0.726067
0.693335
0.650732
0.298119
0.651484
0.723253
0.670668
0.908992
0.139544
0.475922
0.461075
0.565197
0.790814
0.613214
0.381634
0.305763
0.682621
0.255095
0.23146
0.637018
0.641622
0.821145
0.336156
0.320172
0.482356
0.755755
0.386695
0.258591
0.155524
0.745775
0.639859
0.493917
0.675487
0.683919
0.703262
0.652213
0.497283
0.650727
0.616261
0.888366
0.189213
0.582475
0.301335
0.458979
0.797878
0.561897
0.69881
0.511048
0.728261
0.813156
0.51106
0.505729
0.262301
0.502002
0.470632
0.403529
0.515132
0.836615
0.409985
0.319315
0.678969
0.234141
0.148856
0.312529
0.3304
0.462461
0.328502
0.81005
0.37762
0.686283
0.310394
0.366177
0.399926
0.741152
0.12018
0.546226
0.182573
0.728529
0.15605
0.677265
0.675876
0.6696
0.493876
0.541571
0.40822
0.475031
0.609839
0.795372
0.558414
0.382378
0.204472
0.477521
0.443635
0.282451
0.0503794
0.429749
0.604941
0.500391
0.399147
0.782178
0.473167
0.616821
0.971247
0.364826
0.273757
0.808901
0.416029
0.487836
0.37989
0.460694
0.867154
0.490224
0.749028
0.436763
0.332122
0.788946
0.378799
0.432442
0.642833
0.367139
0.893917
0.208768
0.557368
0.222394
0.426604
0.289598
0.341507
0.752984
0.878774
0.342944
0.271736
0.391969
0.455024
0.488105
0.489809
0.506153
0.531242
0.664715
0.502196
0.658896
0.474435
0.469337
0.856031
0.792793
0.455166
0.509772
0.136464
0.220309
0.594753
0.346794
0.418585
0.517441
0.465176
0.487541
0.170392
0.497537
0.510431
0.66432
0.841535
0.399431
0.383815
0.77713
0.485865
0.256079
0.496448
0.897731
0.254089
0.61691
0.748095
0.627607
0.456107
0.379146
0.462143
0.371728
0.630922
0.440368
0.472351
0.234513
0.675238
0.71664
0.109806
0.263967
0.570203
0.777537
0.514265
0.664459
0.608987
0.431448
0.244863
0.868163
0.7662
0.551553
0.590946
0.499705
0.463413
0.764928
0.784561
0.788101
0.473342
0.834228
0.491928
0.374576
0.568525
0.643454
0.511999
0.234432
0.758612
0.656341
0.535966
0.575602
0.0736647
0.547909
0.622412
0.596124
0.339143
0.916797
0.718513
0.87725
0.751537
0.567981
0.608555
0.458452
0.301894
0.812538
0.596737
0.785137
0.707751
0.563157
0.532077
0.239386
0.502285
0.211083
0.458969
0.858576
0.792762
0.852282
0.727757
0.116278
0.938655
0.38757
0.325446
0.784351
0.513074
0.85355
0.487473
0.914688
0.399434
0.548174
0.827227
0.873585
0.738588
0.596819
0.770789
0.631261
0.679887
0.561779
0.510162
0.653575
0.502969
0.530106
0.489018
0.2625
0.665314
0.821772
0.610782
0.726485
0.193902
0.542151
0.409659
0.611328
0.577591
0.659845
0.350986
0.566741
0.430119
0.122925
0.72806
0.743305
0.681898
0.233672
0.298407
0.429041
0.922066
0.583944
0.353195
0.764383
0.750542
0.310333
0.83932
0.538821
0.113091
0.260277
0.454431
0.592064
0.580728
0.367374
0.810983
0.737073
0.398018
0.616118
0.316154
0.391844
0.363163
0.43336
0.840267
0.251385
0.715999
0.675795
0.547127
0.850814
0.198362
0.589814
0.935466
0.265075
0.314497
0.202103
0.191469
0.460294
0.557537
0.556396
0.378153
0.456293
0.981294
0.543808
0.78811
0.479378
0.48494
0.281223
0.461963
0.678972
0.541392
0.574236
0.425613
0.25126
0.338537
0.45818
0.625172
0.957501
0.415676
0.142789
0.339235
0.544216
0.865882
0.893111
0.52395
0.466988
0.538222
0.461275
0.0970908
0.089124
0.412082
0.640769
0.0931631
0.671
0.429129
0.346935
0.42231
0.485388
0.556703
0.334376
0.641602
0.288646
0.219732
0.744031
0.698054
0.147147
0.476521
0.629708
0.028504
0.262878
0.42709
0.44587
0.702267
0.461645
0.330962
0.685534
0.468255
0.401894
0.27462
0.439144
0.119043
0.331629
0.467138
0.602326
0.510135
0.365505
0.355735
0.292467
0.373472
0.773655
0.741326
0.741082
0.739991
0.668354
0.93739
0.510964
0.336854
0.744185
0.753784
0.344158
0.250707
0.871847
0.700387
0.778808
0.949149
0.865334
0.293769
0.379977
0.428347
0.636693
0.213324
0.511568
0.80553
0.722154
0.791635
0.0334874
0.600852
0.3079
0.437062
0.640252
0.753936
0.903324
0.574889
0.264249
0.596151
0.704126
0.556586
0.548902
0.550475
0.457128
0.225073
0.354021
0.756583
0.28325
0.437128
0.587645
0.619566
0.434582
0.332354
0.365729
0.45648
0.356036
0.501442
0.583043
0.465697
0.691606
0.944693
0.435682
0.669814
0.519767
0.32509
0.267643
0.283665
0.622096
0.00846945
0.320914
0.134749
0.483727
0.24662
0.550589
0.314175
0.493778
0.597435
0.623533
0.16201
0.458407
0.289512
0.551167
0.491685
0.558729
0.226873
0.613944
0.633915
0.780296
0.692774
0.317175
0.431349
0.610423
0.549839
0.574821
0.240958
0.444155
0.847045
0.149974
0.301958
0.659189
0.232355
0.587714
0.502818
0.714629
0.433095
0.458111
0.631735
0.397948
0.804431
0.184147
0.620665
0.489083
0.559596
0.061369
0.59387
0.630118
0.283801
0.783106
0.707638
0.583532
0.69703
0.867148
0.818668
0.331538
0.369226
0.336765
0.944378
0.613541
0.204617
0.341022
0.779173
0.518313
0.500263
0.60635
0.206479
0.641975
0.747136
0.193368
0.297169
0.0924365
0.58036
0.489999
0.210737
0.265463
0.398513
0.203928
0.716404
0.337068
0.160154
0.324502
0.22708
0.311466
0.229052
0.606195
0.289933
0.233353
0.377851
0.582792
0.903041
0.317807
0.173184
0.453478
0.328445
0.27064
0.453563
0.389059
0.747653
0.466553
0.474605
0.38854
0.656449
0.421991
0.534474
0.273375
0.32165
0.144115
0.505688
0.738668
0.423202
0.456842
0.187707
0.0876871
0.680836
0.299444
0.75803
0.858063
0.81524
0.762705
0.337775
0.505066
0.619506
0.2722
0.301026
0.639418
0.717404
0.347765
0.445491
0.524083
0.760786
0.262761
0.505324
0.61656
0.369225
0.196279
0.225198
0.900186
0.540779
0.615959
0.328059
0.58003
0.563537
0.148615
0.697212
0.425955
0.633382
0.590409
0.45672
0.627483
0.434217
0.477835
0.372343
0.482109
0.862644
0.285307
0.608544
0.570766
0.379894
0.334684
0.36537
0.781136
0.649564
0.396578
0.78229
0.621576
0.670535
0.732859
0.234349
0.725431
0.540172
0.474241
0.759297
0.777543
0.783755
0.746441
0.342619
0.301808
0.361794
0.852868
0.650667
0.33064
0.517746
0.591358
0.540399
0.434265
0.554358
0.427022
0.787482
0.41977
0.427691
0.762754
0.46283
0.216873
0.723635
0.443533
0.750898
0.549426
0.632533
0.400144
0.741353
0.448667
0.463265
0.482495
0.839022
0.49629
0.538992
0.552227
0.425291
0.892423
0.492469
0.798861
0.267419
0.525643
0.0296824
0.513232
0.410507
0.679174
0.656299
0.196514
0.400142
0.839465
0.662222
0.402671
0.672024
0.78036
0.335324
0.606671
0.308156
0.678104
0.426204
0.160376
0.0974689
0.46948
0.811604
0.542516
0.952025
0.497376
0.604897
0.628696
0.718227
0.695121
0.137841
0.601932
0.785748
0.642988
0.78857
0.893723
0.135171
0.287233
0.556586
0.190197
0.0786061
0.444146
0.586288
0.0574295
0.935849
0.418542
0.516355
0.634523
0.251904
0.648229
0.583082
0.612591
0.9
0.242952
0.33156
0.362328
0.527482
0.618399
0.589349
0.592359
0.790277
0.632838
0.533103
0.315094
0.68487
0.216032
0.229362
0.666377
0.525051
0.437075
0.456523
0.269695
0.723952
0.789832
0.915774
0.355298
0.530164
0.681712
0.114566
0.239077
0.230036
0.693514
0.25697
0.535588
0.566517
0.63513
0.401052
0.624153
0.738178
0.75392
0.444172
0.406483
0.330364
0.65959
0.672921
0.7888
0.39366
0.611462
0.165142
0.590991
0.623185
0.271029
0.257323
0.229818
0.205475
0.354741
0.591375
0.542786
0.888009
0.828979
0.430632
0.513744
0.689716
0.371234
0.985659
0.430899
0.409077
0.278493
0.416263
0.652378
0.699722
0.335928
0.476862
0.67406
0.471699
0.865947
0.448157
0.588911
0.239874
0.25976
0.548837
0.296575
0.779202
0.750593
0.44682
0.466525
0.559903
0.51975
0.290314
0.277609
0.423824
0.433737
0.354782
0.851328
0.826597
0.292696
0.452645
0.0657585
0.708441
0.927425
0.67836
0.0815236
0.669767
0.314311
0.862296
0.930775
0.616005
0.584497
0.782585
0.414666
0.899367
0.885675
0.734942
0.324327
0.22355
0.511902
0.486192
0.644892
0.690619
0.548875
0.438056
0.921663
0.857666
0.489136
0.503517
0.361994
0.534039
0.353707
0.24885
0.51607
0.788294
0.313679
0.280212
0.524217
0.24723
0.137323
0.654459
0.437976
0.257728
0.495314
0.269614
0.51665
0.345312
0.738688
0.741236
0.670599
0.641704
0.721196
0.196679
0.367087
0.566878
0.569728
0.220033
0.83399
0.539429
0.513545
0.85633
0.291238
0.352333
0.465043
0.134339
0.709375
0.58946
0.501849
0.493109
0.239156
0.571508
0.732057
0.298158
0.975641
0.808266
0.731433
0.809
0.61476
0.797418
0.823487
0.5105
0.329866
0.748394
0.430289
0.646301
0.840331
0.423025
0.553997
0.0933583
0.663747
0.773066
0.156029
0.392422
0.437854
0.41791
0.282917
0.300039
0.467824
0.244125
0.244839
0.153481
0.29908
0.5217
0.484908
0.640742
0.635349
0.920178
0.484314
0.74357
0.316179
0.671147
0.630429
0.672238
0.337695
0.361817
0.432041
0.536577
0.544873
0.457716
0.297903
0.298546
0.643176
0.640799
0.30181
0.227425
0.571905
0.912569
0.93945
0.129461
0.551144
0.650056
0.839328
0.549615
0.758738
0.415823
0.222047
0.443821
0.613245
0.311409
0.60931
0.495939
0.533342
0.526938
0.366012
0.804393
0.313714
0.477862
0.61582
0.589244
0.901955
0.533133
0.402681
0.371232
0.380571
0.827348
0.67774
0.750118
0.352688
0.512692
0.773136
0.460411
0.199605
0.0448155
0.481243
0.308379
0.822858
0.210031
0.189884
0.394987
0.503014
0.589506
0.231139
0.205231
0.401904
0.51942
0.683347
0.69507
0.504579
0.344321
0.322976
0.432976
0.441782
0.37421
0.255039
0.65389
0.653247
0.444143
0.457769
0.759146
0.746709
0.338461
0.559314
0.846719
0.676993
0.579983
0.621224
0.781932
0.514116
0.697837
0.535543
0.619525
0.588846
0.575836
0.349349
0.863792
0.698709
0.346634
0.412618
0.604248
0.326947
0.535116
0.20231
0.490102
0.471492
0.267841
0.507631
0.807553
0.700511
0.353546
0.368414
0.0997393
0.445643
0.903081
0.740635
0.319948
0.313574
0.895375
0.820098
0.934452
0.841101
0.209326
0.787328
0.692143
0.638405
0.12981
0.443793
0.453915
0.75976
0.699251
0.291559
0.525507
0.410439
0.524512
0.565539
0.863326
0.743123
0.762109
0.559526
0.823528
0.516627
0.493066
0.794226
0.800432
0.784313
0.561995
0.657533
0.651121
0.549069
0.193261
0.604341
0.728848
0.466292
0.810381
0.335188
0.64868
0.6958
0.473093
0.0800894
0.584555
0.898187
0.209792
0.19592
0.44774
0.640613
0.761338
0.242767
0.222443
0.621581
0.865499
0.536675
0.535119
0.14379
0.699583
0.383261
0.709781
0.158649
0.462103
0.27869
0.112432
0.475616
0.812582
0.321552
0.513483
0.874017
0.501895
0.411194
0.497834
0.37455
0.513831
0.515097
0.628051
0.322217
0.401844
0.369934
0.116875
0.201931
0.243205
0.437954
0.691061
0.752612
0.746117
0.272381
0.629344
0.465088
0.533562
0.652547
0.633084
0.443664
0.490985
0.431508
0.238971
0.380743
0.803175
0.495921
0.40889
0.538429
0.418993
0.57
0.232872
0.650558
0.670867
0.302382
0.356839
0.55314
0.63928
0.656789
0.297593
0.120728
0.590725
0.0843862
0.733319
0.230767
0.930913
0.287769
0.658653
0.497478
0.103276
0.593555
0.469099
0.411419
0.226114
0.532576
0.590442
0.790335
0.499984
0.683694
0.694491
0.591471
0.53025
0.169315
0.343357
0.655073
0.197955
0.397685
0.580179
0.343279
0.575479
0.229094
0.535047
0.308183
0.621731
0.20014
0.540604
0.767373
0.504894
0.77225
0.552648
0.184747
0.389021
0.277665
0.346764
0.648993
0.884077
0.81814
0.512876
0.511603
0.597282
0.328646
0.195318
0.490847
0.336913
0.850372
0.326859
0.467667
0.507988
0.264394
0.280866
0.59396
0.602544
0.319348
0.41658
0.603283
0.425493
0.743554
0.418271
0.358502
0.310346
0.563995
0.629801
0.690488
0.567337
0.461636
0.761912
0.476451
0.269798
0.574572
0.400357
0.676054
0.722892
0.617548
0.16873
0.687988
0.572113
0.518398
0.200682
0.409194
0.497208
0.479006
0.751952
0.273481
0.800519
0.45041
0.833445
0.815795
0.936939
0.468699
0.172362
0.452938
0.646053
0.630403
0.609173
0.691065
0.335224
0.693076
0.213995
0.864813
0.225747
0.368836
0.456737
0.78246
0.0124034
0.335637
0.191132
0.796025
0.400088
0.823078
0.513575
0.834769
0.369431
0.336606
0.233467
0.335077
0.38661
0.665969
0.742523
0.269235
0.510874
0.780845
0.496324
0.620149
0.466513
0.548565
0.622133
0.668582
0.734367
0.415907
0.342799
0.854024
0.581171
0.278959
0.457356
0.739822
0.18339
0.722082
0.544693
0.257751
0.615405
0.639029
0.357456
0.426728
0.46026
0.456324
0.549133
0.634894
0.664405
0.261008
0.428041
0.343836
0.496197
0.0919282
0.35773
0.71825
0.581163
0.485739
0.224076
0.203851
0.475345
0.575839
0.565162
0.47092
0.601301
0.624501
0.510758
0.410344
0.10963
0.325455
0.604066
0.513598
0.842171
0.546266
0.879127
0.487603
0.561309
0.386813
0.743087
0.349952
0.473087
0.512278
0.763293
0.519516
0.810119
0.676024
0.384992
0.061977
0.353588
0.679814
0.406144
0.269365
0.26186
0.225836
0.211699
0.647201
0.43658
0.197019
0.320414
0.152402
0.395324
0.859201
0.723106
0.1696
0.733257
0.310671
0.291996
0.233087
0.744421
0.711715
0.716596
0.396119
0.63666
0.908763
0.972356
0.918846
0.512388
0.524811
0.254087
0.590655
0.400748
0.419783
0.106939
0.522259
0.61495
0.131582
0.163512
0.637395
0.571874
0.490543
0.446439
0.363509
0.449318
0.557102
0.62159
0.665363
0.669517
0.364462
0.387794
0.585003
0.685883
0.655126
0.36478
0.846078
0.413161
0.382153
0.89181
0.350024
0.379497
0.203044
0.575272
0.536165
0.292195
0.526207
0.224251
0.597288
0.697206
0.376954
0.488915
0.436829
0.775699
0.432037
0.567308
0.523284
0.559313
0.52875
0.271934
0.442034
0.459003
0.786662
0.548295
0.464276
0.490647
0.687072
0.713326
0.847293
0.443885
0.537306
0.732457
0.349837
0.478914
0.20402
0.279801
0.590913
0.749288
0.331688
0.626766
0.399788
0.636997
0.469492
0.580151
0.199599
0.549432
0.611873
0.24158
0.236425
0.466093
0.615015
0.785913
0.110272
0.536188
0.283568
0.757032
0.583898
0.516552
0.628969
0.555213
0.539982
0.702599
0.382723
0.341041
0.226633
0.243293
0.305049
0.506649
0.575799
0.344417
0.161334
0.665795
0.39865
0.352684
0.44586
0.79011
0.156537
0.576535
0.514299
0.669612
0.775674
0.437739
0.243513
0.301378
0.618211
0.161182
0.669219
0.61102
0.741899
0.698536
0.759101
0.587422
0.475084
0.444763
0.561015
0.461963
0.10329
0.0446962
0.42292
0.489226
0.608187
0.200218
0.313232
0.686986
0.419284
0.376839
0.477323
0.569048
0.533179
0.171771
0.747904
0.45528
0.624786
0.343849
0.284075
0.868977
0.419435
0.618951
0.345864
0.832469
0.614314
0.372859
0.418081
0.0476635
0.0322269
0.656748
0.0793708
0.499004
0.460183
0.268811
0.469372
0.442096
0.269873
0.188791
0.538913
0.542043
0.436593
0.180466
0.475213
0.601307
0.467737
0.230424
0.776092
0.867698
0.5215
0.229755
0.404215
0.338874
0.640945
0.418539
0.284435
0.78051
0.0481542
0.601325
0.614324
0.351091
0.337696
0.505055
0.540025
0.27704
0.678157
0.88917
0.206563
0.4477
0.775053
0.130925
0.523822
0.60045
0.367937
0.497219
0.696395
0.442033
0.429065
0.677518
0.647548
0.602937
0.500506
0.390745
0.4246
0.747463
0.751123
0.492279
0.505008
0.462907
0.354372
0.495492
0.629515
0.727021
0.182405
0.785536
0.370729
0.803765
0.581488
0.541371
0.602535
0.34307
0.638291
0.49531
0.367789
0.761184
0.866105
0.647619
0.34874
0.653894
0.634627
0.417032
0.226708
0.54574
0.436413
0.946279
0.174519
0.704094
0.727709
0.395022
0.0572798
0.547779
0.600835
0.540898
0.624076
0.355653
0.439863
0.872606
0.555218
0.531404
0.480861
0.597292
0.18669
0.60655
0.34249
0.597756
0.565492
0.464436
0.612284
0.863274
0.69659
0.443799
0.468468
0.781127
0.424224
0.531246
0.586719
0.414209
0.347349
0.277787
0.725763
0.503348
0.501032
0.375321
0.905289
0.421278
0.742639
0.504787
0.484144
0.668469
0.363683
0.118438
0.716331
0.739313
0.40525
0.244515
0.506862
0.800419
0.486932
0.20333
0.109023
0.111099
0.16623
0.299617
0.399184
0.479355
0.427438
0.606707
0.134781
0.284998
0.356027
0.38395
0.245637
0.714787
0.386601
0.469516
0.728331
0.84278
0.719508
0.66654
0.607854
0.552335
0.583232
0.691319
0.700297
0.534533
0.976733
0.678088
0.554891
0.71101
0.8579
0.535643
0.473207
0.417533
0.451356
0.126896
0.397886
0.547886
0.430848
0.293204
0.232781
0.0959372
0.688518
0.671101
0.300941
0.64704
0.235347
0.549862
0.666377
0.358187
0.484134
0.694071
0.940103
0.829636
0.24837
0.106188
0.460467
0.508991
0.747418
0.629861
0.382307
0.382021
0.740443
0.595519
0.729024
0.692758
0.618539
0.385583
0.356172
0.798719
0.866577
0.847369
0.544696
0.505366
0.763282
0.407585
0.586517
0.337194
0.520123
0.543082
0.744629
0.691137
0.766583
0.438294
0.364471
0.681247
0.871456
0.710598
0.682829
0.221883
0.546814
0.510612
0.525052
0.50994
0.513335
0.605195
0.600934
0.554918
0.212703
0.72674
0.504096
0.26891
0.134841
0.523103
0.289268
0.366892
0.284745
0.368294
0.646401
0.440943
0.645741
0.594853
0.710044
0.560335
0.702999
0.384598
0.436977
0.612704
0.673179
0.605227
0.254619
0.339781
0.54313
0.806025
0.327252
0.634473
0.352546
0.386712
0.306637
0.654338
0.362585
0.629264
0.828135
0.669781
0.83442
0.333295
0.282969
0.303606
0.598766
0.721383
0.541798
0.431806
0.429446
0.581513
0.824308
0.50378
0.44108
0.289568
0.804049
0.903423
0.813028
0.905603
0.307291
0.71085
0.598742
0.463407
0.60918
0.337758
0.71171
0.373639
0.35004
0.497743
0.386209
0.536606
0.48916
0.836146
0.493125
0.311538
0.482975
0.282304
0.548107
0.414992
0.519045
0.800348
0.581379
0.121791
0.656795
0.702978
0.745543
0.317701
0.620492
0.55592
0.119753
0.503816
0.259484
0.939072
0.625665
0.27841
0.335233
0.443588
0.802594
0.622792
0.314231
0.272476
0.896352
0.493489
0.240403
0.175526
0.798266
0.773852
0.530131
0.687706
0.3279
0.0639616
0.177586
0.753395
0.685048
0.588518
0.377545
0.807162
0.603593
0.678128
0.467457
0.745027
0.321842
0.330244
0.35999
0.958459
0.441018
0.281745
0.281891
0.216628
0.575566
0.325948
0.654443
0.170715
0.406014
0.28263
0.345425
0.61737
0.827123
0.080399
0.791921
0.396672
0.341119
0.836555
0.637934
0.413254
0.177801
0.620348
0.550229
0.757513
0.330392
0.261327
0.770408
0.267112
0.777984
0.615266
0.730728
0.607275
0.622494
0.625906
0.705693
0.561633
0.200066
0.321569
0.491025
0.713698
0.433887
0.0614522
0.496087
0.0622716
0.777415
0.897205
0.405436
0.852423
0.554044
0.841175
0.709646
0.516934
0.831285
0.633479
0.425114
0.611377
0.674529
0.77585
0.717095
0.489301
0.707541
0.650982
0.409703
0.202252
0.36383
0.471883
0.511205
0.722669
0.545071
0.606517
0.402409
0.575935
0.109823
0.49881
0.230518
0.831189
0.197763
0.457877
0.320344
0.138761
0.851736
0.513083
0.559286
0.615362
0.231926
0.333369
0.73204
0.366483
0.423486
0.385033
0.175518
0.798689
0.421017
0.552934
0.393987
0.612815
0.330274
0.375887
0.418986
0.48233
0.659568
0.847774
0.218081
0.409428
0.780303
0.411706
0.351082
0.614664
0.218168
0.325321
0.841857
0.554283
0.893499
0.501116
0.378399
0.272603
0.761388
0.226454
0.973382
0.785163
0.509111
0.343721
0.611899
0.551567
0.550523
0.521824
0.682677
0.835291
0.0140569
0.676065
0.633556
0.860957
0.75302
0.394164
0.811548
0.667893
0.113906
0.402007
0.842351
0.922039
0.780472
0.153462
0.673702
0.686604
0.468354
0.554408
0.551478
0.26508
0.577049
0.131872
0.217021
0.718571
0.113081
0.634986
0.508648
0.522637
0.78025
0.60523
0.81987
0.567136
0.0898558
0.879217
0.51137
0.315858
0.675835
0.288065
0.893307
0.430976
0.206777
0.493166
0.289068
0.530679
0.36883
0.448963
0.461087
0.486576
0.350505
0.40911
0.823929
0.280789
0.592466
0.693175
0.389313
0.930901
0.272375
0.606842
0.782336
0.854229
0.576935
0.459328
0.437629
0.281151
0.770268
0.547521
0.228781
0.440522
0.399835
0.777133
0.303817
0.228474
0.688097
0.766939
0.29412
0.435187
0.740179
0.832942
0.333674
0.342504
0.654807
0.675102
0.470045
0.618521
0.457843
0.390051
0.568058
0.423605
0.484743
0.608968
0.701658
0.505524
0.920331
0.61061
0.798955
0.7997
0.661276
0.685244
0.450014
0.663847
0.498725
0.82602
0.30646
0.36455
0.32555
0.500108
0.896505
0.296625
0.654706
0.302693
0.948542
0.654364
0.692239
0.222721
0.960972
0.38708
0.540504
0.550044
0.775467
0.259613
0.314173
0.629422
0.305407
0.701769
0.533676
0.2176
0.340749
0.86893
0.11772
0.125467
0.495129
0.449349
0.628564
0.628091
0.380518
0.741956
0.130794
0.301191
0.489302
0.39173
0.606316
0.493403
0.533161
0.408027
0.325368
0.569472
0.63268
0.204502
0.405357
0.860271
0.771133
0.387552
0.496358
0.431368
0.32044
0.383499
0.614162
0.832578
0.71679
0.232987
0.598762
0.416802
0.507995
0.494387
0.508228
0.617144
0.514138
0.686249
0.464928
0.24717
0.737638
0.562137
0.553104
0.439873
0.428358
0.249473
0.323821
0.76675
0.353927
0.397272
0.295366
0.379142
0.344999
0.465965
0.54417
0.189784
0.579648
0.655751
0.5634
0.663295
0.340696
0.708239
0.523359
0.710107
0.624254
0.429378
0.399883
0.479128
0.497299
0.770009
0.143961
0.0202037
0.496659
0.663594
0.647818
0.338232
0.131284
0.559011
0.719752
0.28656
0.694235
0.699546
0.612017
0.548074
0.610325
0.687526
0.353123
0.628189
0.439921
0.737289
0.217896
0.834691
0.428897
0.757492
0.625731
0.645211
0.639297
0.51702
0.589455
0.663863
0.714787
0.637062
0.544281
0.54435
0.229495
0.515183
0.468334
0.307662
0.338389
0.525498
0.663309
0.408232
0.0918499
0.452365
0.395791
0.703219
0.79666
0.103264
0.306846
0.655359
0.700124
0.409818
0.0795105
0.150616
0.5436
0.564209
0.810824
0.737629
0.676222
0.351505
0.367095
0.896759
0.439155
0.326695
0.708124
0.122283
0.425235
0.348537
0.74812
0.652113
0.488384
0.220558
0.278109
0.105146
0.521719
0.30288
0.806626
0.587174
0.0428072
0.44678
0.382549
0.502045
0.51906
0.467204
0.545937
0.855549
0.135764
0.10673
0.509788
0.265281
0.853813
0.557743
0.50765
0.690531
0.123698
0.0978746
0.449043
0.572011
0.516888
0.757059
0.606707
0.622021
0.805214
0.172801
0.5167
0.431441
0.663453
0.403565
0.604395
0.360703
0.189796
0.458462
0.256495
0.857693
0.333438
0.664693
0.641163
0.396316
0.588062
0.732489
0.53544
0.15521
0.454503
0.490579
0.75113
0.356922
0.695423
0.753469
0.457375
0.863595
0.299358
0.645144
0.280159
0.67603
0.341024
0.442041
0.516033
0.408746
0.5693
0.611439
0.629365
0.614458
0.573849
0.70971
0.409464
0.507162
0.775848
0.16813
0.245943
0.683807
0.757854
0.732234
0.437731
0.870304
0.592345
0.93401
0.78318
0.518421
0.34801
0.464462
0.405714
0.255872
0.34741
0.177393
0.851538
0.242707
0.51913
0.693513
0.95293
0.412886
0.33211
0.687282
0.782673
0.380693
0.31935
0.427151
0.232227
0.467442
0.0927228
0.503178
0.828265
0.354696
0.520154
0.914244
0.359221
0.296011
0.380978
0.800406
0.715544
0.619979
0.834789
0.594178
0.554372
0.933167
0.433639
0.727834
0.481376
0.482264
0.176986
0.272097
0.399555
0.560612
0.753305
0.494859
0.506791
0.144988
0.631816
0.316858
0.13101
0.124375
0.562311
0.504536
0.173822
0.533163
0.810598
0.178552
0.390543
0.12706
0.601601
0.829729
0.566539
0.440733
0.761705
0.522494
0.356857
0.642016
0.446439
0.829141
0.638142
0.548276
0.609155
0.776532
0.678877
0.596311
0.510849
0.700132
0.265995
0.357963
0.590861
0.388568
0.632965
0.369372
0.912645
0.765158
0.616477
0.592607
0.668417
0.0911578
0.425873
0.754179
0.870936
0.288747
0.24152
0.605717
0.880285
0.970063
0.565334
0.827886
0.307973
0.621853
0.328712
0.349398
0.610274
0.633634
0.720146
0.778732
0.827217
0.470483
0.526836
0.447
0.443169
0.279904
0.491641
0.736132
0.239509
0.585471
0.268735
0.417369
0.779399
0.458252
0.5184
0.650815
0.3092
0.170262
0.513351
0.597589
0.380611
0.822531
0.3361
0.271889
0.392137
0.803591
0.328836
0.311085
0.518028
0.172521
0.414356
0.767699
0.63736
0.673934
0.738608
0.32796
0.895461
0.58059
0.792447
0.537361
0.424406
0.422596
0.752211
0.164448
0.518864
0.40043
0.235791
0.759851
0.708073
0.392318
0.50287
0.268344
0.684286
0.454756
0.335047
0.227505
0.442535
0.578278
0.41361
0.637311
0.256112
0.698825
0.469716
0.510832
0.756679
0.578361
0.813814
0.416904
0.407464
0.156673
0.558127
0.501492
0.552532
0.839563
0.928096
0.0252217
0.49463
0.926917
0.515665
0.380323
0.198667
0.497428
0.159363
0.351037
0.737403
0.055027
0.843135
0.557296
0.490446
0.10536
0.58794
0.0722873
0.377208
0.568915
0.267121
0.630267
0.548989
0.550715
0.608637
0.141807
0.484881
0.474739
0.854225
0.4094
0.330739
0.454535
0.62763
0.487166
0.0899801
0.509781
0.521058
0.554145
0.419494
0.351789
0.74103
0.471496
0.303515
0.449283
0.36186
0.869633
0.772788
0.449018
0.317015
0.662182
0.605946
0.264112
0.715616
0.309373
0.594492
0.756244
0.40341
0.454282
0.472355
0.926133
0.394554
0.231126
0.505507
0.390021
0.382568
0.0955692
0.506635
0.158152
0.495893
0.452822
0.184436
0.3445
0.295452
0.160047
0.256601
0.425329
0.718721
0.155404
0.650094
0.527394
0.256775
0.516836
0.881878
0.464913
0.107868
0.67947
0.357741
0.857706
0.383083
0.841298
0.846445
0.651177
0.646665
0.76259
0.280911
0.222099
0.65565
0.215257
0.307718
0.492444
0.120448
0.26417
0.650712
0.586785
0.640064
0.363228
0.874039
0.0570611
0.672688
0.424743
0.524475
0.561808
0.484377
0.571488
0.402442
0.625205
0.475635
0.706551
0.355614
0.714592
0.617691
0.336893
0.508589
0.863392
0.937319
0.262315
0.736591
0.429633
0.571069
0.292307
0.460729
0.318574
0.366825
0.579037
0.486849
0.611207
0.342621
0.455513
0.62957
0.528677
0.519677
0.843741
0.257592
0.525973
0.728665
0.348485
0.665936
0.0464839
0.445231
0.0779983
0.325278
0.582343
0.542825
0.533902
0.578074
0.173712
0.55795
0.588143
0.74572
0.843491
0.144939
0.115769
0.380504
0.702175
0.854422
0.77802
0.540649
0.570888
0.701665
0.751023
0.486272
0.458902
0.698009
0.371169
0.588623
0.595217
0.100643
0.719006
0.514485
0.452078
0.0930006
0.589302
0.392162
0.311568
0.440098
0.595667
0.685009
0.414704
0.870138
0.833952
0.392975
0.595767
0.515767
0.579381
0.472196
0.542822
0.205395
0.418181
0.507157
0.438731
0.226999
0.515253
0.689523
0.725202
0.393889
0.395196
0.0522328
0.595702
0.823936
0.664782
0.177006
0.561363
0.300783
0.530779
0.737922
0.547265
0.417618
0.267762
0.263286
0.464791
0.911075
0.466382
0.392502
0.568996
0.674917
0.443294
0.674234
0.648244
0.400134
0.619773
0.596633
0.706634
0.620151
0.476786
0.559973
0.788007
0.646867
0.370107
0.396542
0.453642
0.465265
0.539812
0.312183
0.663978
0.611383
0.574294
0.268413
0.928039
0.39045
0.389709
0.843555
0.572464
0.499036
0.461543
0.505886
0.345374
0.697083
0.595784
0.501295
0.80855
0.632725
0.452951
0.702518
0.584711
0.754844
0.339011
0.786515
0.514927
0.455309
0.453021
0.501093
0.64452
0.664913
0.33208
0.0514297
0.694052
0.584037
0.159975
0.781653
0.28532
0.561093
0.406695
0.346192
0.680506
0.838849
0.441742
0.460121
0.655977
0.470754
0.314976
0.587273
0.37044
0.166424
0.324496
0.569403
0.200513
0.657466
0.791845
0.219248
0.504973
0.881868
0.640612
0.294825
0.14231
0.367196
0.425278
0.541863
0.304416
0.649888
0.382935
0.135798
0.34258
0.899943
0.381297
0.874263
0.750209
0.627358
0.312201
0.36558
0.82998
0.428688
0.530559
0.22825
0.311431
0.689125
0.864531
0.460999
0.298241
0.487539
0.52345
0.16245
0.412771
0.15895
0.405828
0.174034
0.868694
0.550928
0.860525
0.48927
0.440823
0.467447
0.379987
0.417107
0.414557
0.625761
0.505192
0.5065
0.585591
0.658898
0.397771
0.633978
0.243877
0.278375
0.585507
0.425459
0.81407
0.668825
0.813241
0.828104
0.937971
0.518184
0.231953
0.667547
0.272788
0.294185
0.834604
0.420349
0.642279
0.459892
0.59808
0.201076
0.416171
0.778064
0.216366
0.607911
0.60647
0.686148
0.610884
0.590263
0.157618
0.930759
0.079655
0.396348
0.270696
0.232509
0.497797
0.428259
0.340156
0.209097
0.407592
0.976575
0.69487
0.616594
0.637162
0.326077
0.323543
0.675892
0.26259
0.618697
0.627821
0.333311
0.279066
0.629312
0.484715
0.261402
0.272449
0.254581
0.513235
0.738008
0.683417
0.534514
0.928422
0.74866
0.432125
0.421005
0.729221
0.739455
0.722128
0.7771
0.204957
0.904556
0.268048
0.735291
0.358411
0.724502
0.492287
0.562666
0.831832
0.678553
0.411861
0.575274
0.285438
0.63631
0.487187
0.413588
0.41629
0.890898
0.130469
0.6355
0.418691
0.628017
0.372096
0.602782
0.675516
0.832211
0.359243
0.531516
0.33321
0.21372
0.411639
0.846492
0.151431
0.69633
0.785291
0.624128
0.1316
0.838648
0.595659
0.42799
0.416944
0.768278
0.527643
0.73551
0.31983
0.790394
0.510448
0.424059
0.570531
0.789236
0.461235
0.929029
0.494813
0.373096
0.502208
0.706134
0.816017
0.420389
0.731574
0.524669
0.140614
0.766421
0.679629
0.387975
0.424442
0.227527
0.50694
0.521925
0.830188
0.491248
0.802447
0.391747
0.37488
0.608275
0.515024
0.602042
0.129503
0.403909
0.102871
0.804392
0.471088
0.583815
0.910857
0.881474
0.500932
0.640875
0.586734
0.196142
0.730866
0.377
0.522914
0.58844
0.502792
0.435752
0.361274
0.0730861
0.844982
0.698705
0.524271
0.334451
0.581891
0.730464
0.536379
0.135628
0.50257
0.664317
0.575682
0.152682
0.755979
0.502514
0.246216
0.514737
0.379847
0.762218
0.487454
0.475062
0.482957
0.730166
0.338077
0.657854
0.589039
0.796153
0.446998
0.219967
0.513738
0.417453
0.775347
0.536332
0.384385
0.223339
0.358931
0.662378
0.525612
0.600874
0.801458
0.346279
0.422096
0.810214
0.344595
0.258381
0.833022
0.75965
0.911701
0.374696
0.371148
0.527681
0.447882
0.5959
0.472589
0.551427
0.679772
0.702761
0.671777
0.607725
0.594229
0.643512
0.95929
0.295283
0.485938
0.418152
0.238551
0.18329
0.349662
0.469243
0.510657
0.623935
0.693684
0.508277
0.404907
0.433281
0.526766
0.601205
0.535855
0.727008
0.321715
0.606292
0.406003
0.65456
0.184449
0.701951
0.68654
0.607235
0.25821
0.261766
0.196792
0.182834
0.568389
0.728433
0.266358
0.771482
0.564171
0.907891
0.402162
0.584278
0.539017
0.249427
0.295952
0.77846
0.412768
0.697095
0.696039
0.539802
0.533937
0.0922988
0.530374
0.564997
0.711545
0.376934
0.406318
0.343801
0.111633
0.491001
0.225758
0.472752
0.454356
0.878153
0.642499
0.439302
0.623361
0.407155
0.452134
0.397246
0.34992
0.786769
0.7429
0.911345
0.0600798
0.696112
0.749266
0.481079
0.273857
0.872069
0.338335
0.360506
0.621312
0.789856
0.422376
0.773214
0.0910873
0.84239
0.329108
0.57841
0.552803
0.568625
0.774638
0.276196
0.395467
0.500555
0.572222
0.447129
0.299849
0.593133
0.573319
0.803191
0.713536
0.470844
0.575668
0.484325
0.523183
0.36926
0.546428
0.566714
0.719248
0.169373
0.496661
0.456031
0.524274
0.317089
0.206767
0.420913
0.506571
0.189756
0.240717
0.47892
0.626934
0.61616
0.300245
0.179308
0.46681
0.775926
0.458425
0.533959
0.0620937
0.598826
0.675333
0.429826
0.317555
0.553988
0.236806
0.813317
0.402627
0.363574
0.870543
0.269042
0.830109
0.694981
0.282127
0.822395
0.595102
0.280194
0.21679
0.377474
0.802274
0.18042
0.891037
0.158858
0.635332
0.55867
0.251532
0.857821
0.323381
0.842505
0.506919
0.390549
0.934593
0.553664
0.741544
0.758016
0.378427
0.350852
0.658314
0.454147
0.423399
0.476472
0.611216
0.200969
0.838195
0.317639
0.576305
0.496462
0.439693
0.686326
0.573238
0.542867
0.382244
0.693036
0.287728
0.58022
0.448346
0.732918
0.758558
0.481929
0.401627
0.622787
0.48109
0.67624
0.138822
0.822016
0.642477
0.539458
0.428227
0.439833
0.442065
0.863844
0.447891
0.376053
0.563767
0.335095
0.137571
0.461835
0.355448
0.161413
0.0542774
0.861562
0.633676
0.0781296
0.472015
0.266489
0.770435
0.408933
0.392092
0.555332
0.331709
0.696757
0.43116
0.616493
0.526114
0.624421
0.729947
0.421159
0.585039
0.527144
0.576378
0.206046
0.43403
0.256101
0.362621
0.769066
0.628449
0.484185
0.796327
0.400764
0.514707
0.252216
0.462141
0.368871
0.441657
0.635827
0.380329
0.642867
0.585006
0.370327
0.135166
0.189975
0.560912
0.602828
0.446479
0.693536
0.493174
0.148002
0.233551
0.439248
0.0617345
0.705832
0.271369
0.384293
0.29849
0.456752
0.464948
0.568881
0.509671
0.281638
0.5683
0.5493
0.692355
0.561091
0.35034
0.426084
0.175942
0.590527
0.260851
0.810426
0.957712
0.604603
0.575371
0.716514
0.81486
0.23653
0.298685
0.886992
0.763682
0.444883
0.282347
0.453284
0.799887
0.522514
0.562472
0.10203
0.0922618
0.259234
0.349794
0.563454
0.415213
0.661952
0.404789
0.256963
0.593997
0.842981
0.206425
0.323864
0.59972
0.769264
0.37389
0.546563
0.669469
0.522302
0.226427
0.798188
0.440225
0.550591
0.167206
0.186069
0.573496
0.603419
0.2529
0.44708
0.210856
0.616886
0.361463
0.422334
0.338911
0.780059
0.296359
0.583299
0.755445
0.341198
0.466277
0.60089
0.316797
0.421023
0.455155
0.34367
0.509825
0.182012
0.348118
0.460781
0.630048
0.159774
0.604697
0.349777
0.460882
0.394541
0.571511
0.329072
0.337139
0.707892
0.402343
0.729235
0.839254
0.551817
0.70434
0.386877
0.602975
0.814281
0.154845
0.669455
0.342549
0.797484
0.134147
0.678799
0.173695
0.79201
0.595218
0.175732
0.185957
0.252151
0.442289
0.53766
0.452305
0.534647
0.6159
0.205571
0.777123
0.495185
0.382828
0.596378
0.472019
0.443977
0.505097
0.3511
0.81217
0.543814
0.51304
0.558889
0.564178
0.190969
0.233171
0.741455
0.589734
0.751427
0.522405
0.401964
0.517619
0.731868
0.835948
0.837012
0.339896
0.546935
0.306954
0.679824
0.526389
0.501295
0.441833
0.78734
0.364878
0.437069
0.335866
0.603399
0.722646
0.704216
0.489593
0.524746
0.288383
0.693495
0.357162
0.566131
0.0916513
0.628669
0.683692
0.265297
0.210455
0.646621
0.489393
0.28818
0.565715
0.901119
0.734048
0.0891824
0.564726
0.507963
0.746187
0.250912
0.59397
0.606305
0.427089
0.772299
0.474934
0.142951
0.540534
0.0935524
0.484851
0.693478
0.574983
0.0409328
0.407586
0.716058
0.215681
0.143862
0.818154
0.590879
0.889918
0.421408
0.417636
0.630106
0.149512
0.75473
0.723555
0.450351
0.830305
0.356585
0.284051
0.181645
0.479295
0.118546
0.822449
0.443951
0.465777
0.261082
0.332153
0.854269
0.493654
0.231232
0.130004
0.534438
0.407868
0.68708
0.7396
0.171745
0.238668
0.677807
0.21429
0.641513
0.353236
0.272616
0.622883
0.532834
0.384941
0.411358
0.409364
0.625689
0.786309
0.644208
0.201215
0.449676
0.902544
0.197297
0.879186
0.511657
0.388238
0.445704
0.334692
0.611609
0.590688
0.394774
0.329238
0.373037
0.699009
0.665234
0.733596
0.696316
0.509012
0.247128
0.662726
0.300373
0.579621
0.932121
0.635706
0.350142
0.357351
0.853236
0.378234
0.374259
0.521175
0.455648
0.748519
0.759496
0.350874
0.491658
0.50571
0.565469
0.347766
0.277538
0.253221
0.735175
0.137451
0.469428
0.377659
0.483957
0.360051
0.510036
0.16731
0.731513
0.304135
0.167391
0.532409
0.898616
0.466365
0.731458
0.862739
0.222218
0.0196303
0.453933
0.546342
0.449664
0.348256
0.711083
0.536443
0.354769
0.859619
0.63901
0.591944
0.475523
0.707325
0.635276
0.930138
0.805255
0.361831
0.640324
0.518572
0.376084
0.640238
0.506693
0.596267
0.755534
0.857712
0.533534
0.252792
0.434225
0.188786
0.388469
0.506955
0.41457
0.627597
0.658382
0.815174
0.517445
0.611867
0.665241
0.30286
0.505842
0.426226
0.452593
0.750421
0.581513
0.42627
0.492903
0.478797
0.142695
0.425507
0.68544
0.267697
0.397984
0.263136
0.608945
0.302997
0.513498
0.121391
0.762839
0.388043
0.427474
0.586954
0.675273
0.266886
0.798495
0.751723
0.77585
0.395739
0.260556
0.824002
0.825367
0.362259
0.240222
0.771971
0.464471
0.390502
0.548163
0.947065
0.587663
0.482716
0.789362
0.435672
0.768576
0.237387
0.843365
0.563345
0.857034
0.746252
0.747914
0.526507
0.137896
0.711272
0.7764
0.552406
0.586233
0.535845
0.331549
0.78885
0.772909
0.63279
0.484827
0.301052
0.369191
0.554961
0.57304
0.603682
0.468504
0.792598
0.220689
0.582
0.588029
0.694805
0.488617
0.456747
0.232315
0.460849
0.556548
0.623226
0.295671
0.510226
0.429151
0.24581
0.349577
0.778745
0.612269
0.914865
0.505923
0.601141
0.0380149
0.473906
0.5664
0.329041
0.724438
0.800525
0.562899
0.696341
0.237519
0.875455
0.563317
0.182385
0.480277
0.39991
0.261672
0.736576
0.165781
0.5221
0.391
0.716359
0.537938
0.409615
0.392011
0.753778
0.485906
0.455172
0.540002
0.504102
0.655049
0.32896
0.877102
0.343298
0.489369
0.891632
0.316406
0.569387
0.347385
0.657762
0.679104
0.526042
0.415448
0.550373
0.195265
0.305026
0.599541
0.612898
0.643427
0.297371
0.408604
0.645768
0.323697
0.351486
0.549489
0.91054
0.453612
0.659643
0.535674
0.595317
0.345505
0.732583
0.568874
0.660944
0.368677
0.935276
0.284754
0.48829
0.219218
0.545123
0.160949
0.422662
0.414806
0.157198
0.467644
0.362226
0.701407
0.499386
0.0980032
0.463048
0.703266
0.333572
0.447737
0.334173
0.667165
0.607307
0.720177
0.771945
0.546414
0.383657
0.615215
0.63353
0.439609
0.315236
0.817516
0.375414
0.543676
0.541687
0.531444
0.0833903
0.300306
0.378163
0.517165
0.496392
0.809372
0.525651
0.164427
0.577229
0.352471
0.772256
0.597553
0.609146
0.514265
0.767828
0.137196
0.597842
0.408825
0.442625
0.651463
0.434404
0.412699
0.503972
0.411023
0.325385
0.575989
0.183146
0.519852
0.422026
0.527212
0.518018
0.325316
0.381407
0.707286
0.945256
0.418292
0.768113
0.662495
0.33917
0.916084
0.75574
0.395822
0.372567
0.677921
0.513402
0.920571
0.188265
0.434835
0.463125
0.17973
0.358191
0.52277
0.769843
0.889066
0.470278
0.489796
0.476455
0.631446
0.421646
0.805333
0.622219
0.674459
0.609844
0.731316
0.483497
0.50289
0.702208
0.122278
0.751695
0.45217
0.526668
0.50334
0.513979
0.598436
0.365609
0.732147
0.328162
0.205371
0.547712
0.382811
0.483915
0.547533
0.220922
0.696941
0.718256
0.324395
0.553019
0.528904
0.204037
0.64887
0.844539
0.669454
0.0559296
0.738613
0.15205
0.763931
0.399217
0.457933
0.508101
0.748234
0.722437
0.252657
0.687424
0.807826
0.285748
0.789862
0.707254
0.822048
0.282632
0.758865
0.362918
0.588056
0.753364
0.309455
0.588116
0.325719
0.924428
0.497821
0.792612
0.546857
0.198867
0.380213
0.568319
0.329221
0.448314
0.538867
0.768051
0.367655
0.558246
0.844283
0.449507
0.381899
0.353788
0.652455
0.540301
0.54255
0.58415
0.405196
0.318171
0.533687
0.569598
0.74623
0.413768
0.702743
0.415606
0.285254
0.531678
0.455207
0.374649
0.536698
0.448669
0.633775
0.486843
0.329456
0.586385
0.0786217
0.556462
0.628374
0.0690093
0.397457
0.8221
0.727831
0.164713
0.681109
0.354058
0.172266
0.372961
0.482361
0.263304
0.528047
0.158045
0.332841
0.732137
0.775589
0.442503
0.404757
0.677472
0.610193
0.462329
0.131341
0.533433
0.83457
0.44921
0.681857
0.690738
0.79558
0.343262
0.144092
0.556123
0.462222
0.853051
0.0992548
0.495856
0.761456
0.667935
0.481267
0.603148
0.682968
0.491089
0.694424
0.780068
0.433508
0.799798
0.420473
0.550344
0.0659847
0.352941
0.378164
0.820209
0.528012
0.453835
0.50536
0.480242
0.469139
0.839887
0.615848
0.291923
0.41553
0.308823
0.539986
0.428416
0.0653965
0.804488
0.0903779
0.839863
0.477999
0.17354
0.400812
0.289258
0.32358
0.667609
0.268683
0.455756
0.131121
0.503803
0.588198
0.428047
0.615341
0.909694
0.293674
0.711203
0.683893
0.567218
0.439269
0.546199
0.620233
0.233201
0.623509
0.392085
0.207188
0.552501
0.424045
0.346557
0.700755
0.693037
0.84004
0.581469
0.583227
0.420261
0.446686
0.545614
0.419233
0.0919018
0.548331
0.737858
0.407849
0.29211
0.573749
0.779527
0.368437
0.437386
0.289121
0.815691
0.417431
0.674979
0.611314
0.450809
0.48778
0.757719
0.886086
0.474946
0.11234
0.817512
0.452866
0.562571
0.53699
0.573035
0.649805
0.426735
0.748803
0.49542
0.619805
0.587182
0.399139
0.319027
0.360284
0.461756
0.371045
0.522658
0.416453
0.916234
0.384876
0.519872
0.449919
0.208486
0.5556
0.285315
0.121447
0.438679
0.709767
0.507296
0.308776
0.167978
0.539648
0.595075
0.63737
0.794014
0.816604
0.48266
0.634059
0.572153
0.405257
0.659145
0.520524
0.847387
0.214558
0.718939
0.245641
0.612445
0.491417
0.463498
0.812695
0.433509
0.507048
0.199458
0.28954
0.585692
0.205727
0.366338
0.0967968
0.416235
0.280218
0.49029
0.251201
0.504128
0.407611
0.698628
0.698272
0.610691
0.523874
0.643152
0.200476
0.716368
0.534952
0.668587
0.454112
0.614834
0.256767
0.425705
0.190161
0.586251
0.146003
0.36701
0.471384
0.597302
0.528107
0.676121
0.729979
0.776425
0.548455
0.670294
0.297136
0.588439
0.467159
0.578785
0.757873
0.183533
0.687542
0.838045
0.921547
0.321376
0.552818
0.158026
0.530489
0.571896
0.465055
0.602141
0.536214
0.170027
0.775032
0.286728
0.854726
0.452551
0.661132
0.54412
0.96943
0.730889
0.359934
0.506722
0.582223
0.254528
0.630715
0.557782
0.220351
0.595514
0.730584
0.457806
0.288662
0.335237
0.446534
0.693862
0.513903
0.360529
0.375173
0.712297
0.559757
0.37684
0.660503
0.683665
0.298324
0.422084
0.794572
0.311962
0.805813
0.215489
0.355399
0.438524
0.607206
0.601594
0.201108
0.304232
0.526721
0.650296
0.658693
0.321972
0.707911
0.649655
0.640431
0.57454
0.449268
0.778915
0.390425
0.491488
0.458245
0.675014
0.708352
0.771694
0.458634
0.406613
0.516975
0.606695
0.293253
0.545458
0.53453
0.623131
0.24596
0.575698
0.582632
0.2009
0.264016
0.807502
0.204872
0.436945
0.59385
0.762187
0.290803
0.512825
0.0503344
0.171753
0.294541
0.587553
0.721686
0.286587
0.406772
0.575427
0.369148
0.610822
0.683422
0.781882
0.612639
0.485652
0.153858
0.858671
0.200595
0.616659
0.325942
0.402948
0.244239
0.692015
0.774858
0.263134
0.753572
0.664187
0.647108
0.2277
0.644387
0.0685494
0.430648
0.261309
0.592661
0.428114
0.236637
0.81601
0.694679
0.344339
0.607818
0.483497
0.348322
0.299784
0.513069
0.86768
0.602924
0.499141
0.207217
0.545147
0.932202
0.250964
0.529708
0.844335
0.46672
0.443205
0.485277
0.412531
0.679452
0.0914204
0.594297
0.6531
0.849976
0.239332
0.519996
0.603622
0.339917
0.667172
0.374286
0.188896
0.294244
0.914042
0.37346
0.521049
0.840084
0.546295
0.659565
0.532276
0.186742
0.404728
0.622764
0.714016
0.737644
0.239148
0.454553
0.599642
0.406942
0.689675
0.431225
0.366041
0.790577
0.499897
0.571496
0.542726
0.173597
0.64781
0.831746
0.805406
0.562589
0.256215
0.396867
0.194228
0.51408
0.695068
0.394217
0.335185
0.486824
0.214028
0.502741
0.356454
0.277917
0.744242
0.448826
0.679727
0.809687
0.684191
0.275006
0.229862
0.616383
0.535193
0.537148
0.844473
0.836675
0.177951
0.7303
0.778364
0.850035
0.382299
0.262895
0.685971
0.402086
0.818099
0.693546
0.328281
0.146058
0.386014
0.214202
0.488975
0.484478
0.612658
0.507952
0.697803
0.427312
0.655416
0.629315
0.347503
0.889755
0.638003
0.449361
0.653853
0.434927
0.588611
0.477567
0.646715
0.423754
0.678275
0.516818
0.493216
0.366347
0.757875
0.627511
0.442508
0.476214
0.867969
0.271241
0.0448027
0.510692
0.446415
0.774087
0.0356804
0.937991
0.384576
0.394048
0.389942
0.303298
0.383602
0.796694
0.537559
0.8734
0.238144
0.637648
0.597559
0.72133
0.725579
0.720047
0.223954
0.369565
0.704638
0.839634
0.771122
0.442335
0.328097
0.449697
0.474313
0.484642
0.449975
0.672587
0.204234
0.187603
0.858466
0.454074
0.592968
0.716789
0.891609
0.301342
0.441739
0.672222
0.29349
0.564949
0.309326
0.415774
0.344537
0.619604
0.543222
0.583697
0.350267
0.568169
0.753892
0.559077
0.498607
0.73778
0.345779
0.511011
0.396718
0.756563
0.207002
0.314369
0.273996
0.393913
0.522926
0.245991
0.88874
0.616863
0.417132
0.810247
0.101742
0.459579
0.236525
0.378877
0.880829
0.822556
0.785661
0.537094
0.176193
0.71264
0.178607
0.609943
0.15708
0.704496
0.714968
0.29994
0.726262
0.548706
0.799961
0.199066
0.529411
0.371193
0.416732
0.645198
0.352353
0.303203
0.522361
0.475105
0.849907
0.650622
0.477309
0.683161
0.475831
0.855903
0.231318
0.326971
0.784145
0.525451
0.477073
0.728114
0.447923
0.689808
0.346218
0.598263
0.892383
0.233541
0.960575
0.177957
0.364918
0.576245
0.764733
0.307339
0.565484
0.705615
0.554418
0.5552
0.136531
0.558071
0.478369
0.614705
0.362453
0.511953
0.529703
0.63121
0.354327
0.40283
0.156038
0.459594
0.796458
0.489996
0.10594
0.55559
0.507066
0.197772
0.492516
0.787605
0.616212
0.724738
0.793279
0.912555
0.58984
0.758585
0.618674
0.291289
0.129599
0.55377
0.0699529
0.626184
0.653896
0.523724
0.370348
0.585541
0.116397
0.768863
0.191797
0.636431
0.343993
0.60621
0.712728
0.739687
0.877001
0.685951
0.930725
0.267752
0.470197
0.674777
0.117141
0.588134
0.464
0.75541
0.539037
0.712248
0.660967
0.336235
0.187096
0.741459
0.643493
0.38448
0.736427
0.549169
0.144416
0.690936
0.330483
0.719813
0.633013
0.643732
0.516576
0.722684
0.20462
0.233205
0.274772
0.630513
0.162943
0.529442
0.0701989
0.399771
0.359854
0.768616
0.222126
0.811703
0.40829
0.453736
0.621417
0.630108
0.309626
0.519995
0.44126
0.363947
0.837692
0.634413
0.474345
0.729845
0.697379
0.594013
0.592962
0.491643
0.526544
0.556284
0.566747
0.311124
0.235751
0.480247
0.586113
0.576123
0.481102
0.175926
0.827655
0.879229
0.241254
0.754601
0.76112
0.402321
0.520457
0.541725
0.135817
0.419239
0.625251
0.658928
0.197596
0.460874
0.263237
0.501062
0.675846
0.394051
0.388108
0.228762
0.443198
0.247545
0.765926
0.66655
0.488952
0.575665
0.663395
0.141017
0.960474
0.481827
0.359667
0.313167
0.515132
0.631586
0.859011
0.453529
0.588606
0.666624
0.732427
0.378176
0.423681
0.388236
0.442108
0.408321
0.316923
0.910856
0.803396
0.235701
0.52892
0.193238
0.414687
0.470464
0.667047
0.436892
0.936504
0.417844
0.587993
0.298454
0.526748
0.774406
0.480572
0.694661
0.539916
0.454198
0.777628
0.68565
0.773853
0.149653
0.909117
0.504339
0.598392
0.501655
0.646721
0.256662
0.226003
0.397662
0.403664
0.649467
0.185385
0.436364
0.34163
0.809938
0.734674
0.491836
0.500026
0.342385
0.50175
0.579725
0.901047
0.725336
0.564912
0.372488
0.697343
0.483856
0.487934
0.230292
0.417325
0.279046
0.499348
0.50865
0.226457
0.138758
0.556534
0.673461
0.361135
0.510512
0.461012
0.398604
0.505069
0.649712
0.49209
0.840808
0.36633
0.563235
0.70182
0.681007
0.576532
0.310522
0.564984
0.790971
0.271887
0.421326
0.603612
0.528487
0.829157
0.521307
0.906333
0.683933
0.717803
0.463685
0.638613
0.495589
0.29292
0.347204
0.190741
0.420592
0.591824
0.257686
0.536191
0.492934
0.810434
0.402495
0.173778
0.619483
0.623881
0.514234
0.702791
0.559479
0.379059
0.482067
0.631089
0.102545
0.425097
0.626073
0.441918
0.604747
0.461036
0.362044
0.745972
0.561782
0.268259
0.711231
0.521041
0.292902
0.558508
0.691498
0.492324
0.578717
0.406613
0.0834534
0.6323
0.240544
0.350314
0.397087
0.559826
0.168504
0.227873
0.571525
0.793885
0.700103
0.687422
0.522519
0.368237
0.520565
0.540297
0.609333
0.738959
0.400699
0.243877
0.424697
0.21767
0.107645
0.287729
0.518569
0.839014
0.218348
0.12015
0.748432
0.621739
0.335145
0.490468
0.905923
0.108521
0.847398
0.695749
0.601594
0.370431
0.402614
0.208841
0.596658
0.337749
0.645044
0.527968
0.35258
0.369598
0.549271
0.326354
0.526437
0.400646
0.820831
0.593664
0.471967
0.803933
0.855447
0.449304
0.51328
0.784626
0.642989
0.170921
0.340236
0.170305
0.271792
0.719716
0.331513
0.389172
0.8335
0.657476
0.443429
0.228332
0.548156
0.838487
0.509607
0.640102
0.323749
0.122803
0.878622
0.415067
0.733997
0.595609
0.273758
0.466389
0.542657
0.390696
0.0910928
0.770666
0.422193
0.204351
0.559101
0.186398
0.409153
0.449258
0.765045
0.921921
0.408148
0.736263
0.0104202
0.350433
0.700865
0.485154
0.789776
0.670532
0.436044
0.453895
0.394244
0.58645
0.470918
0.339004
0.723161
0.732978
0.704134
0.338089
0.844182
0.495815
0.684686
0.678794
0.674323
0.178894
0.300944
0.606727
0.3614
0.146
0.248402
0.188184
0.527369
0.614787
0.244251
0.521812
0.492086
0.207061
0.601488
0.566579
0.428063
0.660009
0.294726
0.281753
0.603799
0.278804
0.544472
0.637842
0.45532
0.761826
0.716107
0.295728
0.682574
0.45549
0.474387
0.364532
0.399382
0.896482
0.153782
0.637003
0.572643
0.674968
0.199507
0.564523
0.568562
0.20312
0.803652
0.472085
0.580667
0.399108
0.505308
0.126901
0.046429
0.597443
0.543159
0.762571
0.36634
0.672404
0.143521
0.523999
0.821302
0.411982
0.696336
0.536588
0.0412504
0.605632
0.416165
0.416446
0.20994
0.609853
0.604777
0.526683
0.897862
0.331422
0.526412
0.648119
0.497293
0.618877
0.676384
0.471037
0.190504
0.478639
0.368182
0.92785
0.714192
0.332931
0.583772
0.374896
0.390231
0.212433
0.426334
0.494786
0.474855
0.827415
0.784208
0.529075
0.335443
0.886836
0.959322
0.56426
0.796081
0.335707
0.532961
0.582416
0.700124
0.356788
0.136202
0.351056
0.820009
0.533469
0.561931
0.465078
0.701591
0.496457
0.799853
0.466947
0.36232
0.677703
0.595439
0.459538
0.469609
0.470737
0.528307
0.489364
0.707745
0.64741
0.375047
0.716158
0.498773
0.806788
0.666032
0.498097
0.574772
0.432736
0.365293
0.510222
0.606001
0.312513
0.497074
0.876876
0.67141
0.619482
0.312198
0.537294
0.315041
0.388814
0.731916
0.676725
0.763897
0.415846
0.326446
0.543782
0.589848
0.282543
0.47993
0.337962
0.180221
0.768285
0.663081
0.0895893
0.338716
0.826988
0.379303
0.567708
0.670332
0.11335
0.369627
0.739708
0.611037
0.716784
0.556307
0.669798
0.0449112
0.312396
0.474479
0.481657
0.90856
0.364133
0.585789
0.623951
0.514592
0.31602
0.38746
0.165611
0.533028
0.383181
0.124761
0.211092
0.151486
0.605111
0.684412
0.264121
0.392071
0.249463
0.390955
0.481679
0.3949
0.455389
0.447685
0.248287
0.185216
0.181252
0.158227
0.363935
0.523119
0.572306
0.334423
0.377254
0.391909
0.789728
0.940681
0.208842
0.513132
0.643177
0.544498
0.697921
0.483408
0.5448
0.537389
0.568775
0.710164
0.353432
0.359981
0.551727
0.280433
0.603491
0.60958
0.50666
0.728904
0.913846
0.428021
0.385395
0.378436
0.0477441
0.962179
0.732518
0.508295
0.645633
0.459009
0.662499
0.0623801
0.0785215
0.701561
0.364282
0.441765
0.670279
0.511895
0.172743
0.632889
0.713085
0.441404
0.609754
0.504771
0.250983
0.538543
0.535818
0.565656
0.532319
0.728514
0.666577
0.801531
0.332584
0.358994
0.696713
0.925972
0.524985
0.360493
0.637107
0.452826
0.326853
0.239509
0.709356
0.46026
0.575763
0.767126
0.255045
0.746733
0.69002
0.745273
0.605463
0.786487
0.14398
0.62737
0.220714
0.474182
0.339406
0.53963
0.145464
0.605326
0.17988
0.393809
0.441855
0.371194
0.956054
0.801731
0.248383
0.353945
0.825315
0.396455
0.476818
0.589691
0.720208
0.434458
0.397554
0.224299
0.445747
0.197771
0.47701
0.618736
0.0265385
0.73451
0.319035
0.467798
0.540404
0.870788
0.425501
0.578099
0.725973
0.196525
0.229607
0.908227
0.0775098
0.372196
0.468634
0.306001
0.441015
0.623104
0.451227
0.584796
0.301413
0.682276
0.637533
0.662934
0.00142735
0.212626
0.188807
0.447184
0.558534
0.383558
0.256383
0.473408
0.0471438
0.79671
0.768204
0.524471
0.688972
0.850069
0.834344
0.527523
0.345302
0.399224
0.63129
0.489813
0.530672
0.719057
0.737988
0.0642255
0.868255
0.788691
0.384969
0.542748
0.0830082
0.317058
0.441128
0.65813
0.679448
0.695981
0.201034
0.531002
0.376667
0.712182
0.148913
0.431778
0.674029
0.369169
0.363725
0.233674
0.596709
0.564499
0.593067
0.01522
0.721077
0.137412
0.761864
0.227674
0.505671
0.446394
0.295146
0.174772
0.754303
0.655747
0.622449
0.259281
0.713603
0.804765
0.594683
0.0328521
0.358129
0.502665
0.782579
0.542712
0.841894
0.236943
0.739111
0.800746
0.395993
0.302346
0.29658
0.407564
0.627775
0.252213
0.332313
0.94619
0.727765
0.543428
0.675215
0.717005
0.516374
0.690798
0.438707
0.717648
0.563155
0.266177
0.553845
0.478595
0.787193
0.472191
0.139709
0.447145
0.497978
0.289956
0.586424
0.569614
0.26188
0.344713
0.339471
0.553543
0.780157
0.152831
0.862198
0.498754
0.140179
0.808157
0.616763
0.668137
0.352339
0.435231
0.141981
0.626075
0.510928
0.381413
0.419864
0.304432
0.717989
0.6395
0.210892
0.263085
0.584982
0.386931
0.401359
0.493989
0.67786
0.29724
0.644415
0.574815
0.696932
0.423905
0.189687
0.81021
0.983685
0.476314
0.284672
0.205783
0.6225
0.702064
0.894349
0.701937
0.45599
0.359377
0.223767
0.551699
0.258478
0.407913
0.641617
0.55874
0.612884
0.565816
0.591096
0.598802
0.712103
0.775344
0.437652
0.429772
0.356724
0.388979
0.441474
0.2527
0.346717
0.532443
0.155872
0.318058
0.265502
0.620551
0.540979
0.578586
0.330605
0.396415
0.44548
0.972105
0.535852
0.633978
0.34737
0.3747
0.235889
0.788464
0.857996
0.596697
0.62454
0.398783
0.48196
0.500929
0.734338
0.440528
0.48869
0.404756
0.135319
0.597682
0.489823
0.884402
0.436975
0.565727
0.429777
0.432142
0.498012
0.51834
0.1852
0.623959
0.424368
0.264414
0.832257
0.537268
0.486718
0.891678
0.37899
0.115384
0.514462
0.337694
0.373278
0.507405
0.623996
0.348578
0.785197
0.619246
0.314832
0.680286
0.425877
0.193548
0.51791
0.166869
0.4032
0.693265
0.606246
0.424607
0.228008
0.595728
0.678817
0.48048
0.672736
0.411034
0.60439
0.507956
0.347692
0.82063
0.862759
0.122619
0.698458
0.289005
0.646652
0.334666
0.741204
0.33341
0.488347
0.274867
0.340952
0.3436
0.850819
0.705094
0.701138
0.425567
0.674003
0.594044
0.47108
0.200321
0.292583
0.683348
0.491248
0.320761
0.942437
0.488747
0.184529
0.676739
0.248715
0.575593
0.464926
0.340442
0.639242
0.71741
0.773447
0.261237
0.55279
0.690839
0.464203
0.551174
0.112468
0.479778
0.752018
0.409372
0.610334
0.556072
0.796137
0.815513
0.700058
0.173664
0.732889
0.579752
0.120272
0.2576
0.583475
0.668334
0.572029
0.488862
0.451281
0.431276
0.549549
0.580502
0.78645
0.440471
0.474251
0.510093
0.733693
0.603638
0.407799
0.118046
0.192604
0.551541
0.420725
0.500864
0.708058
0.502948
0.868937
0.52295
0.171495
0.893837
0.88121
0.540102
0.552229
0.514361
0.286554
0.572367
0.491177
0.72916
0.511101
0.183455
0.077668
0.563583
0.649984
0.218459
0.993323
0.520468
0.470403
0.321119
0.445216
0.449125
0.527913
0.796455
0.923862
0.620206
0.878701
0.904078
0.309821
0.367187
0.546426
0.56204
0.716011
0.737207
0.452989
0.210624
0.691093
0.551043
0.448338
0.729974
0.522575
0.604036
0.375239
0.32504
0.366566
0.446806
0.280707
0.685803
0.294388
0.266638
0.936568
0.500308
0.0845364
0.847437
0.257399
0.542541
0.201769
0.418185
0.50491
0.576734
0.393361
0.406889
0.343563
0.714201
0.19588
0.698982
0.863037
0.62835
0.384084
0.456251
0.608923
0.67804
0.506842
0.384314
0.463816
0.508978
0.643265
0.543766
0.396731
0.597407
0.375494
0.382108
0.649588
0.469825
0.712895
0.620605
0.355269
0.477056
0.315679
0.462285
0.38252
0.520485
0.354259
0.294263
0.878786
0.522811
0.703911
0.639674
0.532825
0.205229
0.412633
0.571463
0.504719
0.377441
0.493317
0.632369
0.271721
0.466452
0.579689
0.51243
0.314101
0.904645
0.848716
0.317394
0.115997
0.267143
0.350471
0.218426
0.882007
0.692995
0.499725
0.605567
0.671066
0.644282
0.471836
0.574401
0.824931
0.451733
0.608746
0.657422
0.619376
0.365004
0.679222
0.168656
0.491961
0.470283
0.450728
0.362069
0.501069
0.357427
0.518613
0.811378
0.346624
0.313363
0.701569
0.500874
0.333737
0.588017
0.5506
0.0739231
0.586281
0.423567
0.632036
0.517823
0.618174
0.557352
0.233379
0.270738
0.545952
0.303288
0.504079
0.818459
0.276982
0.586181
0.781597
0.805772
0.933431
0.447869
0.466411
0.519244
0.572925
0.56363
0.297887
0.30527
0.942579
0.701847
0.746228
0.569252
0.553878
0.329448
0.473994
0.458822
0.791666
0.710161
0.433956
0.666038
0.571277
0.862159
0.158352
0.490529
0.733637
0.636217
0.657874
0.387579
0.418922
0.445
0.586991
0.182185
0.585175
0.318669
0.445525
0.462153
0.13902
0.481508
0.574647
0.370321
0.321441
0.538788
0.568753
0.0980315
0.542337
0.632655
0.462962
0.339014
0.783359
0.570317
0.169265
0.79486
0.489336
0.447379
0.622621
0.530313
0.544326
0.683658
0.461585
0.558609
0.479181
0.6584
0.80634
0.494172
0.483223
0.776286
0.810275
0.441953
0.593473
0.315204
0.649542
0.499763
0.6106
0.301259
0.478297
0.83198
0.341596
0.426043
0.615623
0.730029
0.194903
0.165697
0.343397
0.407074
0.454554
0.280862
0.682669
0.481382
0.235635
0.271107
0.879374
0.184875
0.174168
0.126994
0.0685043
0.290383
0.330308
0.367429
0.199128
0.583169
0.584504
0.369522
0.290945
0.409315
0.482074
0.392675
0.456335
0.415599
0.532422
0.968171
0.360131
0.552503
0.394899
0.470048
0.902657
0.244062
0.684102
0.702609
0.399816
0.335252
0.803168
0.234392
0.397331
0.509672
0.764436
0.47803
0.494485
0.827304
0.882582
0.659877
0.666032
0.864161
0.52616
0.342898
0.559178
0.642657
0.289235
0.560768
0.605875
0.623594
0.495585
0.89072
0.528891
0.487643
0.373732
0.437175
0.933442
0.26628
0.54183
0.717732
0.66444
0.589131
0.617243
0.33764
0.472689
0.396734
0.816403
0.608365
0.271645
0.424735
0.33634
0.910452
0.879636
0.0975953
0.610028
0.620367
0.630726
0.176893
0.703523
0.315551
0.600682
0.591344
0.673578
0.241465
0.432776
0.332703
0.630284
0.668907
0.361457
0.633721
0.549992
0.289432
0.52019
0.351387
0.559602
0.691244
0.983048
0.560701
0.464065
0.227432
0.227924
0.321249
0.714731
0.732985
0.322508
0.410911
0.816958
0.566532
0.122461
0.52802
0.851166
0.347291
0.134495
0.545367
0.332331
0.527241
0.43535
0.356447
0.558655
0.583069
0.650938
0.686387
0.400962
0.631959
0.488211
0.447016
0.660139
0.669836
0.67559
0.797585
0.170719
0.90021
0.406063
0.529668
0.254486
0.766287
0.490354
0.72679
0.428776
0.318535
0.415854
0.356401
0.4499
0.944474
0.370243
0.53379
0.322937
0.256911
0.527082
0.65462
0.334882
0.581449
0.503865
0.424757
0.468952
0.503585
0.391359
0.523112
0.733612
0.33025
0.616299
0.215247
0.490681
0.590192
0.137815
0.692526
0.292629
0.342113
0.0912368
0.743625
0.540009
0.579023
0.4812
0.57223
0.445686
0.411779
0.389269
0.656819
0.343366
0.484338
0.399568
0.505415
0.303658
0.717766
0.559187
0.490255
0.321732
0.499574
0.678421
0.654337
0.0163648
0.329497
0.639179
0.463856
0.331003
0.20235
0.618174
0.437545
0.1532
0.653138
0.244793
0.415987
0.569601
0.409117
0.701833
0.441001
0.649431
0.488039
0.140545
0.297208
0.200183
0.351351
0.51975
0.724946
0.36505
0.36564
0.592036
0.145718
0.732348
0.845149
0.248333
0.448386
0.303044
0.34273
0.795474
0.466366
0.713196
0.626112
0.479583
0.233095
0.533971
0.420921
0.681456
0.435099
0.272632
0.521382
0.198347
0.18898
0.873701
0.264217
0.389891
0.350725
0.570272
0.630715
0.704133
0.52271
0.861215
0.886559
0.212947
0.255867
0.690843
0.688459
0.7744
0.65146
0.58332
0.481212
0.302886
0.648978
0.534944
0.778324
0.866163
0.24367
0.393169
0.563871
0.441668
0.209297
0.752035
0.572796
0.652812
0.60867
0.56945
0.60137
0.169195
0.456624
0.762547
0.269098
0.193003
0.357063
0.463127
0.797851
0.567079
0.267776
0.415973
0.393551
0.528514
0.753732
0.178605
0.710287
0.494795
0.171614
0.331825
0.646219
0.507923
0.185354
0.33619
0.365226
0.575107
0.344507
0.970318
0.457717
0.632995
0.164281
0.462727
0.548622
0.225633
0.228111
0.479678
0.430045
0.724648
0.290683
0.0572857
0.940649
0.533431
0.191337
0.366926
0.833338
0.705372
0.594817
0.378769
0.267349
0.269475
0.658383
0.539028
0.330392
0.294983
0.181288
0.502319
0.641008
0.339899
0.124707
0.76128
0.600853
0.41658
0.0971979
0.691404
0.761128
0.470883
0.482815
0.579807
0.536939
0.609576
0.846044
0.632442
0.147863
0.424061
0.579732
0.755042
0.182565
0.746696
0.469239
0.578862
0.579808
0.0393147
0.42805
0.253076
0.587759
0.351795
0.617141
0.451453
0.908005
0.901839
0.492401
0.841732
0.75023
0.315382
0.531453
0.94189
0.418046
0.430349
0.473255
0.338265
0.315974
0.304735
0.360878
0.666315
0.412146
0.683307
0.509903
0.0555324
0.710781
0.665453
0.731903
0.415834
0.683061
0.180036
0.224506
0.49354
0.874535
0.611354
0.49658
0.550812
0.551729
0.0336102
0.529083
0.323215
0.770163
0.499571
0.57919
0.585851
0.640505
0.192376
0.61731
0.709293
0.839126
0.487727
0.34365
0.51231
0.553865
0.587002
0.0630153
0.519195
0.575308
0.370069
0.903559
0.405247
0.638461
0.479914
0.447236
0.96476
0.389197
0.889427
0.296735
0.361665
0.494393
0.314003
0.435709
0.723715
0.434222
0.321887
0.446135
0.81693
0.409572
0.857471
0.728686
0.58776
0.0671172
0.631034
0.329024
0.286237
0.389068
0.441696
0.304932
0.684139
0.614206
0.488652
0.776276
0.578001
0.451285
0.0889923
0.381785
0.817564
0.615456
0.458763
0.32367
0.526044
0.362873
0.327133
0.513165
0.479389
0.718199
0.141861
0.537065
0.287461
0.484226
0.487522
0.247389
0.570883
0.392387
0.576228
0.733332
0.753031
0.897454
0.283876
0.266679
0.887496
0.639245
0.69321
0.518908
0.117049
0.488701
0.468305
0.430233
0.410985
0.365221
0.623317
0.567852
0.653467
0.656682
0.361659
0.142736
0.456278
0.593085
0.650032
0.561277
0.245196
0.319319
0.555014
0.470188
0.219941
0.68206
0.6082
0.210043
0.213469
0.390341
0.579178
0.424916
0.277145
0.728874
0.52387
0.282562
0.494117
0.39774
0.339095
0.341657
0.573983
0.821576
0.792465
0.0596186
0.70765
0.415937
0.110003
0.266573
0.462028
0.818028
0.192168
0.638058
0.170015
0.483551
0.39225
0.281087
0.322002
0.320918
0.52937
0.505231
0.390891
0.178635
0.421615
0.182405
0.32343
0.521187
0.713094
0.306069
0.606421
0.523263
0.63203
0.442606
0.367159
0.58174
0.0552277
0.724648
0.893235
0.389325
0.367569
0.368164
0.257608
0.73331
0.0934813
0.902148
0.91065
0.577436
0.140569
0.381793
0.651633
0.254361
0.23391
0.813045
0.817916
0.2408
0.732786
0.848477
0.830876
0.506894
0.509901
0.521449
0.413389
0.825928
0.436426
0.367564
0.844479
0.70004
0.754483
0.239428
0.542501
0.202076
0.73196
0.452802
0.569031
0.553312
0.982852
0.109216
0.321404
0.151271
0.199567
0.522187
0.232626
0.531385
0.281961
0.631177
0.223164
0.390823
0.461103
0.619502
0.44991
0.822288
0.504084
0.659386
0.573377
0.300165
0.449462
0.289422
0.314988
0.230881
0.0611907
0.386721
0.502085
0.523929
0.802201
0.528052
0.0990674
0.659484
0.117042
0.741326
0.898865
0.623106
0.676311
0.730788
0.0997107
0.847546
0.473855
0.11633
0.41797
0.446187
0.781006
0.05936
0.688579
0.542218
0.950431
0.85469
0.580388
0.392136
0.425399
0.149947
0.604532
0.271711
0.548607
0.411038
0.519702
0.237103
0.877951
0.584224
0.53897
0.393311
0.704916
0.612403
0.418632
0.696712
0.334563
0.545226
0.560279
0.587928
0.424328
0.439688
0.683109
0.395837
0.292182
0.0799057
0.42427
0.473051
0.592939
0.75177
0.400791
0.417711
0.624801
0.39025
0.817477
0.505994
0.766505
0.874105
0.130864
0.104263
0.658728
0.574836
0.580189
0.349287
0.731663
0.473707
0.572025
0.279548
0.543993
0.742709
0.456098
0.370114
0.636744
0.642386
0.655509
0.068152
0.218783
0.42144
0.415426
0.445647
0.489039
0.610102
0.610043
0.480432
0.263754
0.681252
0.598423
0.746175
0.315394
0.510329
0.545597
0.43649
0.443124
0.397089
0.426092
0.667879
0.283008
0.619297
0.602813
0.400733
0.729405
0.0704933
0.425033
0.587154
0.577312
0.490975
0.214972
0.298909
0.108647
0.633178
0.313268
0.608323
0.33381
0.409696
0.529401
0.889485
0.463081
0.654159
0.393929
0.476649
0.920737
0.582274
0.535161
0.761251
0.328028
0.372329
0.303682
0.328498
0.369437
0.491501
0.443925
0.629011
0.819949
0.476348
0.662766
0.450534
0.749304
0.832892
0.370896
0.0992551
0.532515
0.553718
0.673512
0.719825
0.784198
0.456567
0.362646
0.577668
0.697564
0.130925
0.714228
0.396735
0.507171
0.736122
0.318766
0.490367
0.407838
0.226523
0.475317
0.442467
0.750414
0.786388
0.354174
0.490725
0.198343
0.83903
0.184511
0.533143
0.767276
0.451934
0.648986
0.323676
0.283249
0.291509
0.468088
0.442296
0.783238
0.488202
0.332802
0.519358
0.245163
0.354723
0.394947
0.463638
0.272722
0.357145
0.450296
0.587979
0.473685
0.570721
0.250428
0.545989
0.258599
0.559231
0.554972
0.887779
0.650092
0.698746
0.0867369
0.812245
0.431281
0.423717
0.477981
0.837963
0.575054
0.705321
0.596857
0.634244
0.38427
0.279032
0.318852
0.64848
0.636233
0.720414
0.858825
0.43542
0.263029
0.425174
0.705023
0.738521
0.212651
0.38153
0.497239
0.393119
0.624066
0.329983
0.867052
0.515613
0.312705
0.487627
0.808883
0.712445
0.801097
0.971153
0.576368
0.187184
0.742694
0.884714
0.399335
0.143509
0.57516
0.745893
0.492456
0.27648
0.602741
0.505015
0.377432
0.41397
0.44556
0.37007
0.466329
0.514687
0.406987
0.481579
0.654483
0.748729
0.798526
0.188737
0.847184
0.281167
0.624915
0.760196
0.39508
0.148659
0.270437
0.819917
0.339102
0.763652
0.44071
0.630504
0.166404
0.600238
0.602514
0.0535064
0.454674
0.510287
0.527491
0.598169
0.33289
0.387974
0.78383
0.427185
0.112421
0.545399
0.63333
0.51999
0.243126
0.681479
0.779539
0.401202
0.924895
0.220855
0.775899
0.423831
0.255868
0.569081
0.141173
0.553911
0.224324
0.474889
0.342642
0.435237
0.152039
0.209847
0.295903
0.219937
0.372681
0.170287
0.393337
0.232613
0.479586
0.775879
0.811621
0.492842
0.403054
0.183777
0.461927
0.452846
0.878078
0.356783
0.434738
0.51417
0.539189
0.418526
0.654493
0.469243
0.429915
0.498156
0.697552
0.470739
0.640081
0.411604
0.340245
0.96365
0.58502
0.545992
0.392077
0.722067
0.616488
0.70829
0.732402
0.714644
0.705897
0.468867
0.707201
0.979793
0.866248
0.675106
0.655847
0.52366
0.279919
0.329782
0.826047
0.460981
0.775264
0.423442
0.298415
0.700938
0.345735
0.579542
0.280416
0.437173
0.831044
0.515652
0.74271
0.533148
0.680655
0.843539
0.859188
0.601065
0.39566
0.625497
0.575302
0.654593
0.295906
0.373818
0.367542
0.172695
0.685004
0.324806
0.370204
0.743844
0.286615
0.33831
0.533898
0.666998
0.50123
0.668239
0.84348
0.967687
0.583408
0.119087
0.361423
0.24462
0.265228
0.248011
0.475879
0.594267
0.152496
0.791531
0.221003
0.567852
0.396032
0.390473
0.400359
0.697292
0.191121
0.456285
0.482538
0.583575
0.584029
0.666403
0.351376
0.373175
0.365235
0.0958628
0.48145
0.15507
0.50483
0.8869
0.472821
0.392996
0.1363
0.627791
0.617259
0.464595
0.520707
0.756745
0.781468
0.711144
0.72406
0.32616
0.381128
0.608575
0.416434
0.357112
0.582821
0.252538
0.752192
0.283459
0.109227
0.3073
0.716446
0.629492
0.636222
0.400269
0.623673
0.584567
0.25881
0.651004
0.630158
0.532721
0.366109
0.605575
0.672777
0.364777
0.503865
0.804186
0.172338
0.544975
0.416285
0.54199
0.140547
0.423731
0.447225
0.590068
0.505404
0.682606
0.844083
0.725569
0.520633
0.0671389
0.746005
0.377047
0.550524
0.707712
0.7513
0.523045
0.822363
0.348149
0.447249
0.689032
0.414376
0.696285
0.148767
0.469805
0.297929
0.38026
0.33065
0.461523
0.178475
0.638847
0.351444
0.31955
0.180557
0.393633
0.0552291
0.365328
0.59791
0.245416
0.700905
0.247528
0.480539
0.706698
0.406849
0.119769
0.756385
0.126709
0.412089
0.629197
0.386002
0.284905
0.943423
0.717282
0.724436
0.523423
0.341194
0.816209
0.315286
0.558516
0.334711
0.481251
0.267693
0.255502
0.471591
0.331582
0.667811
0.67131
0.69357
0.378981
0.152065
0.56324
0.414628
0.405934
0.320305
0.332057
0.195532
0.511667
0.592731
0.512111
0.722204
0.776659
0.915265
0.940666
0.283589
0.203246
0.393796
0.133189
0.307981
0.671919
0.488536
0.660852
0.755055
0.109993
0.825499
0.471044
0.774118
0.401317
0.482869
0.611225
0.52739
0.77275
0.285851
0.210979
0.940398
0.475149
0.694343
0.346649
0.379847
0.533654
0.29356
0.55749
0.372619
0.674079
0.698527
0.301771
0.467826
0.739245
0.859139
0.535826
0.207129
0.491143
0.303249
0.368571
0.406811
0.651821
0.781061
0.388509
0.0683815
0.867933
0.57485
0.779833
0.222759
0.490925
0.413835
0.738709
0.376377
0.146847
0.484806
0.470391
0.465818
0.52683
0.454884
0.692338
0.34088
0.661282
0.72358
0.0880325
0.284255
0.147904
0.797094
0.550736
0.939272
0.385641
0.728587
0.825943
0.255458
0.323727
0.493916
0.305833
0.674925
0.567022
0.473147
0.748548
0.7709
0.385831
0.383886
0.589649
0.412971
0.260485
0.563299
0.782648
0.271927
0.547945
0.421448
0.250027
0.59033
0.189744
0.189349
0.545708
0.633253
0.587617
0.260953
0.724447
0.596889
0.355183
0.479029
0.183174
0.491034
0.11109
0.640697
0.383821
0.124695
0.811059
0.299151
0.886711
0.312403
0.323298
0.613897
0.518131
0.782042
0.53377
0.552606
0.76521
0.503328
0.724871
0.173452
0.635788
0.269324
0.303056
0.517617
0.240466
0.351676
0.658015
0.317388
0.248583
0.41353
0.518027
0.276091
0.139376
0.602361
0.623141
0.601848
0.314116
0.358259
0.869871
0.277964
0.15456
0.461445
0.288126
0.228502
0.507564
0.206129
0.793126
0.0884004
0.345252
0.826066
0.612071
0.213264
0.494669
0.410448
0.617397
0.364739
0.350355
0.537078
0.505437
0.683175
0.877834
0.713028
0.341385
0.110039
0.485532
0.451264
0.44844
0.348343
0.48717
0.425026
0.451104
0.750123
0.3962
0.130008
0.489561
0.695795
0.688407
0.847667
0.704166
0.580972
0.438307
0.441297
0.0460651
0.452142
0.879514
0.629737
0.801999
0.133362
0.458776
0.871925
0.4284
0.361906
0.847921
0.358723
0.371887
0.501612
0.647468
0.846784
0.510338
0.328404
0.660207
0.682465
0.180696
0.683316
0.632567
0.352099
0.466755
0.464049
0.256138
0.258205
0.502161
0.476939
0.491237
0.659505
0.500902
0.596955
0.418924
0.325899
0.55962
0.484144
0.847447
0.44782
0.483061
0.780714
0.293569
0.20268
0.466058
0.763738
0.728821
0.619404
0.422447
0.354224
0.625198
0.495323
0.583339
0.684101
0.854402
0.60797
0.694241
0.598434
0.389221
0.827625
0.222503
0.0209702
0.525195
0.474724
0.443627
0.536896
0.485229
0.379527
0.607008
0.347472
0.789372
0.589716
0.0886944
0.426987
0.666473
0.534902
0.0207805
0.763258
0.554006
0.695263
0.34411
0.48868
0.376825
0.434845
0.0629546
0.509625
0.315217
0.648332
0.1874
0.417737
0.167075
0.233361
0.431182
0.517505
0.178601
0.638754
0.689748
0.230207
0.362457
0.35232
0.155374
0.935184
0.341812
0.180139
0.633155
0.48509
0.653268
0.532559
0.703765
0.682636
0.211187
0.170375
0.33587
0.432055
0.280453
0.477991
0.38316
0.0793418
0.824265
0.818579
0.10793
0.131081
0.488041
0.389618
0.455247
0.592467
0.250106
0.23538
0.258709
0.590894
0.414303
0.186304
0.390856
0.752282
0.639255
0.483406
0.0783502
