0.378165
0.676189
0.198094
0.0328985
0.535173
0.371809
0.125617
0.756927
0.718949
0.631021
0.963119
0.413967
0.156911
0.880464
0.187869
0.494254
0.610746
0.920851
0.777316
0.661583
0.205895
0.641879
0.685561
0.180336
0.695936
0.843596
0.353703
0.885406
0.243501
0.319223
0.391904
0.424187
0.942943
0.528621
0.333293
0.0530958
0.063496
0.104942
0.981147
0.255885
0.454894
0.966427
0.0913148
0.541197
0.485951
0.54652
0.0981349
0.614847
0.192839
0.422952
0.356811
0.819699
0.565871
0.95335
0.39741
0.372632
0.826227
0.163225
0.330488
0.0529346
0.518097
0.552645
0.583391
0.127032
0.804219
0.379834
0.257175
0.417051
0.697189
0.751719
0.660939
0.490541
0.434761
0.129843
0.993238
0.389362
0.820557
0.990984
0.0958217
0.520097
0.264191
0.929519
0.00577619
0.157461
0.28527
0.736399
0.38734
0.296354
0.368539
0.439428
0.449422
0.62608
0.903527
0.16212
0.670609
0.459544
0.298524
0.393144
0.488027
0.267214
0.668939
0.0134999
0.393717
0.745321
0.363596
0.581057
0.862523
0.264162
0.26533
0.0175834
0.855229
0.23782
0.696264
0.296422
0.852737
0.0426542
0.941915
0.0226643
0.440227
0.168479
0.106289
0.184037
0.239883
0.362373
0.103289
0.800444
0.758317
0.638003
0.115171
0.902604
0.64799
0.659704
0.499803
0.133777
0.564773
0.625178
0.754749
0.420065
0.726477
0.287665
0.253478
0.439934
0.336208
0.0700799
0.719564
0.10688
0.0325727
0.691518
0.11675
0.743793
0.67491
0.680527
0.281007
0.0754296
0.181279
0.388659
0.335921
0.317282
0.331212
0.40949
0.00212751
0.43443
0.852041
0.888955
0.278323
0.740883
0.560998
0.287459
0.735358
0.285445
0.575283
0.396776
0.581792
0.519955
0.775676
0.46763
0.641228
0.38429
0.868461
0.278548
0.997176
0.703063
0.994698
0.953092
0.0345406
0.423307
0.250236
0.859726
0.319191
0.201488
0.475919
0.523999
0.74533
0.861236
0.932905
0.132677
0.838072
0.69852
0.0768505
0.869089
0.375266
0.135547
0.577159
0.412027
0.59405
0.164096
0.390071
0.849683
0.33605
0.937868
0.389761
0.866611
0.378815
0.0548074
0.498805
0.185682
0.874691
0.0162909
0.0537062
0.187249
0.902728
0.281244
0.313912
0.651854
0.421425
0.689081
0.501907
0.417126
0.833651
0.964094
0.881268
0.109073
0.539375
0.912491
0.379434
0.176673
0.512872
0.877381
0.788743
0.368983
0.510949
0.341108
0.185835
0.157372
0.0657224
0.291666
0.854725
0.00187655
0.164287
0.352332
0.548029
0.839042
0.349087
0.682003
0.645374
0.746441
0.923954
0.477332
0.845761
0.902686
0.715107
0.454865
0.0455059
0.166306
0.263441
0.0889874
0.495579
0.766106
0.920001
0.475257
0.09828
0.622194
0.742873
0.543044
0.595807
0.0620335
0.669031
0.739638
0.631547
0.489788
0.633696
0.251928
0.343924
0.708631
0.263256
0.0422494
0.803992
0.852254
0.762978
0.391338
0.659299
0.489767
0.600803
0.92191
0.631922
0.632689
0.653306
0.0979568
0.778168
0.767578
0.385028
0.553264
0.797779
0.305602
0.290133
0.112333
0.234257
0.0923885
0.804033
0.560947
0.594201
0.937844
0.916775
0.85416
0.597415
0.0551289
0.170596
0.987071
0.722695
0.358249
0.138133
0.887911
0.614133
0.74501
0.048714
0.8319
0.843694
0.741572
0.307567
0.644973
0.977773
0.63024
0.242554
0.71451
0.265044
0.816129
0.67719
0.114145
0.852856
0.572185
0.6857
0.264729
0.958653
0.265876
0.110259
0.995533
0.486707
0.0134334
0.743219
0.859544
0.210325
0.696517
0.285131
0.533629
0.763259
0.147814
0.726172
0.256682
0.63548
0.771498
0.263677
0.903515
0.387802
0.0854866
0.517785
0.554962
0.0337314
0.797654
0.0528635
0.619869
0.537936
0.668804
0.122639
0.725521
0.608024
0.151528
0.356584
0.971637
0.274984
0.674729
0.674809
0.709928
0.439248
0.486263
0.0956863
0.955946
0.781598
0.657165
0.978036
0.770685
0.785007
0.645261
0.467494
0.593026
0.575276
0.637621
0.000569794
0.40655
0.761428
0.632657
0.321985
0.849629
0.243997
0.245246
0.909491
0.70957
0.269657
0.851966
0.45015
0.681617
0.959153
0.737306
0.203874
0.542675
0.643898
0.123104
0.010897
0.927115
0.042467
0.598781
0.29331
0.356127
0.425606
0.724283
0.76626
0.939796
0.197537
0.124828
0.467872
0.83808
0.908664
0.879165
0.0504926
0.947613
0.663155
0.532439
0.61776
0.90895
0.653115
0.720912
0.46702
0.155454
0.504527
0.727691
0.285437
0.821255
0.0302669
0.813669
0.188047
0.580922
0.530001
0.872574
0.670193
0.316046
0.0396845
0.798297
0.425018
0.520648
0.904897
0.350461
0.0546819
0.913967
0.12887
0.65302
0.143953
0.39022
0.430526
0.621848
0.785087
0.483492
0.549122
0.420983
0.418057
0.464061
0.665442
0.792089
0.411167
0.230787
0.896322
0.0555281
0.940854
0.762238
0.5875
0.480421
0.879566
0.195131
0.913125
0.270342
0.166471
0.989437
0.329227
0.784643
0.773364
0.210771
0.369268
0.955449
0.299533
0.0270073
0.665542
0.778404
0.502952
0.110533
0.889435
0.831346
0.9255
0.0121913
0.391808
0.0581405
0.077944
0.698484
0.96337
0.562416
0.453156
0.509375
0.50172
0.374244
0.626922
0.708376
0.050637
0.537079
0.734274
0.68637
0.158478
0.336172
0.181442
0.59155
0.682697
0.945956
0.231396
0.754462
0.849214
0.573746
0.402824
0.542464
0.767659
0.650682
0.922977
0.214159
0.821607
0.566987
0.904867
0.671918
0.91835
0.63478
0.76603
0.669264
0.923101
0.624408
0.612726
0.677541
0.552034
0.564406
0.979761
0.130125
0.297144
0.194753
0.197823
0.73803
0.750381
0.160524
0.669547
0.822579
0.0373281
0.839768
0.0407419
0.672108
0.420996
0.695469
0.378951
0.552369
0.859322
0.775653
0.398692
0.655086
0.167073
0.975639
0.0383526
0.64544
0.121932
0.908431
0.491219
0.975426
0.449456
0.658401
0.472122
0.392796
0.112661
0.743529
0.0674577
0.440578
0.115635
0.675121
0.132109
0.774256
0.409574
0.442489
0.680332
0.105891
0.172937
0.893569
0.0436095
0.0186677
0.3403
0.629739
0.367714
0.00229864
0.798391
0.951748
0.080797
0.278837
0.0804483
0.320001
0.727655
0.477962
0.00552209
0.431563
0.632001
0.357644
0.767743
0.541934
0.474439
0.645996
0.128502
0.214536
0.471039
0.0174943
0.154621
0.876229
0.474271
0.244846
0.336881
0.973135
0.219191
0.938494
0.781064
0.206426
0.984081
0.969873
0.759309
0.300084
0.163265
0.861403
0.420878
0.498315
0.353979
0.0241073
0.47243
0.964376
0.388544
0.859656
0.638655
0.37885
0.803535
0.263119
0.601334
0.206508
0.191277
0.0304167
0.691123
0.678095
0.0441738
0.87341
0.0807039
0.846824
0.553744
0.177853
0.715552
0.927793
0.494553
0.0256467
0.241029
0.279639
0.0957618
0.282519
0.169413
0.0777206
0.622938
0.38356
0.311984
0.16218
0.359878
0.708927
0.819428
0.396087
0.550168
0.72624
0.175307
0.781183
0.543342
0.199099
0.224666
0.66279
0.458934
0.256049
0.252256
0.69133
0.858328
0.733101
0.617298
0.344449
0.579689
0.416294
0.27594
0.268526
0.582701
0.30824
0.356129
0.457675
0.560636
0.232284
0.876564
0.307356
0.557029
0.596845
0.712003
0.282163
0.878819
0.316327
0.397875
0.715873
0.389357
0.288211
0.64065
0.977721
0.611487
0.741686
0.165801
0.722221
0.947652
0.703535
0.407546
0.489475
0.361479
0.992465
0.545535
0.806401
0.850654
0.99334
0.450832
0.893019
0.417519
0.135849
0.551035
0.806824
0.611281
0.885096
0.70232
0.536409
0.329879
0.240072
0.511162
0.325134
0.842515
0.54447
0.733112
0.97843
0.994022
0.875947
0.349391
0.664097
0.504146
0.646807
0.549314
0.802677
0.0594116
0.29173
0.399275
0.0821932
0.549536
0.226172
0.634852
0.904556
0.0178039
0.540575
0.355589
0.134854
0.524966
0.277475
0.922343
0.803377
0.674932
0.466739
0.95129
0.296153
0.679979
0.43291
0.769481
0.924333
0.871624
0.0212125
0.253178
0.916053
0.965477
0.317138
0.727377
0.625161
0.294976
0.879339
0.0843837
0.867148
0.92722
0.406344
0.908768
0.00995129
0.00734166
0.772497
0.00952909
0.971185
0.945697
0.374513
0.0980183
0.277567
0.920485
0.322832
0.558644
0.469451
0.529226
0.00595944
0.391278
0.494772
0.85436
0.484493
0.918668
0.412458
0.435497
0.786355
0.114203
0.264204
0.0446053
0.946794
0.186584
0.893187
0.277607
0.255205
0.036075
0.774941
0.999918
0.0441436
0.455985
0.534466
0.964035
0.11092
0.483177
0.178461
0.460118
0.84457
0.499077
0.564892
0.827825
0.905335
0.850745
0.125381
0.867795
0.153103
0.608906
0.179048
0.618628
0.947733
0.221819
0.628453
0.241056
0.168232
0.281771
0.676576
0.662111
0.759138
0.322781
0.18485
0.621992
0.469118
0.847573
0.110998
0.434598
0.075828
0.879368
0.295871
0.375091
0.888185
0.896052
0.853013
0.556649
0.996743
0.583418
0.16476
0.521951
0.638162
0.399603
0.584331
0.77769
0.402658
0.339616
0.433429
0.0232259
0.814624
0.798617
0.786907
0.904602
0.24568
0.232953
0.336428
0.455874
0.0845028
0.992989
0.778795
0.820598
0.715864
0.741635
0.605605
0.883378
0.998014
0.173716
0.771659
0.746531
0.637402
0.116638
0.851469
0.878705
0.925893
0.731199
0.286299
0.715164
0.730089
0.558093
0.977345
0.634405
0.125783
0.0921262
0.561391
0.859774
0.592436
0.840189
0.449994
0.881337
0.88107
0.264541
0.326961
0.561831
0.421021
0.370227
0.955439
0.937135
0.032424
0.110923
0.487936
0.758352
0.576366
0.313989
0.111327
0.617615
0.536748
0.921861
0.87446
0.777887
0.13885
0.378534
0.487235
0.96897
0.940185
0.728114
0.264469
0.954952
0.568822
0.115034
0.201897
0.815671
0.841306
0.966617
0.370369
0.966087
0.493347
0.188244
0.821402
0.968617
0.547535
0.606183
0.405473
0.336569
0.487673
0.955691
0.175028
0.600196
0.192334
0.641424
0.207178
0.885192
0.502718
0.90863
0.0353997
0.767515
0.582604
0.978631
0.692726
0.00534361
0.310608
0.048334
0.377283
0.352167
0.98525
0.165093
0.659664
0.624011
0.998452
0.10523
0.134377
0.784522
0.938763
0.153553
0.616996
0.436184
0.136292
0.654913
0.0160686
0.832626
0.990159
0.346265
0.444329
0.580485
0.778333
0.644031
0.0261576
0.460416
0.00955963
0.528325
0.225129
0.302718
0.927282
0.610523
0.843182
0.297049
0.424145
0.977676
0.586567
0.347396
0.499813
0.966689
0.177014
0.60878
0.34017
0.0294667
0.302221
0.823142
0.176897
0.110035
0.608987
0.826889
0.0861893
0.675119
0.775263
0.106252
0.80592
0.835838
0.252917
0.659834
0.212576
0.391733
0.318566
0.977532
0.242224
0.546851
0.841905
0.604834
0.421896
0.325186
0.884504
0.630912
0.675909
0.0895543
0.550948
0.273772
0.281634
0.190503
0.0710502
0.448174
0.585445
0.692844
0.00791597
0.36036
0.885215
0.805823
0.842089
0.502514
0.49282
0.444038
0.525555
0.300162
0.879251
0.0415239
0.448706
0.634485
0.665688
0.00854962
0.604748
0.712134
0.46435
0.143779
0.524536
0.637274
0.820154
0.883581
0.214345
0.559994
0.103822
0.882085
0.252086
0.594074
0.723564
0.372666
0.245446
0.633824
0.739035
0.77301
0.858259
0.72871
0.379835
0.676867
0.868108
0.4269
0.312145
0.747663
0.496167
0.261519
0.200604
0.0199315
0.286015
0.769894
0.336379
0.058096
0.806611
0.705853
0.223653
0.558687
0.589742
0.684154
0.130985
0.958124
0.126458
0.796415
0.0357628
0.976436
0.0518053
0.827931
0.152446
0.746732
0.422478
0.809024
0.590385
0.116115
0.286782
0.633973
0.605475
0.127526
0.578001
0.412252
0.581189
0.781433
0.217354
0.774072
0.206783
0.515365
0.646119
0.384713
0.440761
0.918222
0.742215
0.935709
0.601557
0.911598
0.106962
0.5377
0.379445
0.784709
0.394346
0.0580966
0.497054
0.272024
0.0279179
0.00114778
0.162482
0.428373
0.108266
0.149485
0.0796238
0.906947
0.324483
0.661845
0.544365
0.808588
0.4824
0.594747
0.721
0.380427
0.0557682
0.986096
0.437465
0.238187
0.627849
0.461835
0.356575
0.616067
0.862506
0.714954
0.987739
0.463605
0.837351
0.72783
0.232886
0.469402
0.266744
0.988478
0.763509
0.66221
0.888364
0.569913
0.973461
0.892201
0.601223
0.33632
0.234004
0.906946
0.811734
0.903676
0.101635
0.991709
0.82277
0.665339
0.622568
0.232373
0.412528
0.200839
0.285903
0.778127
0.387879
0.880755
0.0651419
0.332689
0.722143
0.280506
0.637831
0.196305
0.729962
0.095755
0.787815
0.131289
0.890938
0.242733
0.394481
0.152927
0.676582
0.515298
0.737965
0.982921
0.798156
0.000278026
0.256791
0.67813
0.381335
0.0232292
0.761693
0.103456
0.861032
0.96401
0.532275
0.100801
0.0188251
0.25769
0.0159719
0.968796
0.167518
0.34957
0.0448731
0.169467
0.602564
0.528139
0.837127
0.883427
0.137163
0.297491
0.526745
0.415989
0.834406
0.308187
0.757967
0.690584
0.432264
0.536064
0.896225
0.736943
0.880483
0.231801
0.774098
0.680015
0.796449
0.6659
0.453145
0.157867
0.392428
0.526268
0.305636
0.145788
0.890478
0.307189
0.587155
0.0482321
0.954005
0.633718
0.583763
0.755583
0.0250975
0.325303
0.0966441
0.670273
0.43207
0.403806
0.412252
0.914386
0.958357
0.137498
0.655307
0.87252
0.447167
0.683562
0.4123
0.639498
0.629898
0.703052
0.340358
0.979127
0.352817
0.386255
0.954711
0.11025
0.847291
0.211325
0.450843
0.478803
0.72397
0.189464
0.0166741
0.0147927
0.519558
0.706801
0.0964687
0.982419
0.403835
0.893436
0.171077
0.087827
0.0506346
0.927299
0.226796
0.0960684
0.644707
0.164166
0.824515
0.817118
0.96057
0.481155
0.897622
0.346606
0.802177
0.891453
0.665833
0.193121
0.69485
0.151265
0.63581
0.0994318
0.403475
0.710612
0.0702803
0.585031
0.912317
0.588509
0.765794
0.523499
0.209515
0.367328
0.92501
0.348055
0.309727
0.944182
0.500427
0.0862889
0.12654
0.548516
0.999909
0.600691
0.246071
0.0906477
0.475804
0.801697
0.497074
0.557913
0.583404
0.757268
0.0723517
0.991569
0.224129
0.506542
0.411266
0.783493
0.636135
0.860021
0.152606
0.507662
0.830676
0.806622
0.228465
0.284626
0.186042
0.526408
0.0795217
0.461032
0.710311
0.0109704
0.485275
0.0203068
0.0966634
0.411407
0.543087
0.13075
0.0660265
0.363236
0.790096
0.245593
0.686108
0.480993
0.703288
0.514473
0.156378
0.181796
0.165536
0.42179
0.957391
0.101977
0.747936
0.66546
0.000662327
0.135482
0.598867
0.616746
0.421507
0.974888
0.584314
0.201515
0.590148
0.809521
0.29707
0.815011
0.652851
0.270547
0.31836
0.68194
0.05059
0.956523
0.316801
0.813444
0.812243
0.977477
0.317745
0.960717
0.515758
0.38009
0.850955
0.446241
0.406086
0.42628
0.235224
0.848759
0.723611
0.263845
0.502344
0.764182
0.520824
0.228578
0.386261
0.455138
0.53625
0.936438
0.361318
0.486292
0.680122
0.452126
0.329969
0.426859
0.711696
0.553272
0.62798
0.54794
0.317858
0.750168
0.395021
0.968817
0.320028
0.978496
0.881009
0.887775
0.643237
0.372102
0.222239
0.000200797
0.198328
0.265971
0.893877
0.746752
0.39504
0.503992
0.163159
0.090727
0.778381
0.565712
0.135638
0.695862
0.640211
0.221482
0.578935
0.919666
0.497991
0.0225019
0.767236
0.36504
0.367713
0.484097
0.726553
0.912769
0.821245
0.286138
0.0556574
0.414087
0.161748
0.0589543
0.999356
0.436781
0.645012
0.617972
0.677037
0.667286
0.709192
0.0333686
0.80652
0.468362
0.558407
0.256175
0.366193
0.526777
0.304247
0.659802
0.33113
0.00382006
0.0489166
0.692367
0.793868
0.785597
0.859042
0.673137
0.799154
0.6382
0.313322
0.815001
0.414295
0.77965
0.212128
0.929187
0.721623
0.716853
0.833514
0.49011
0.324527
0.448742
0.747483
0.234892
0.839971
0.249736
0.316754
0.0777793
0.913307
0.320165
0.494878
0.57458
0.2095
0.378303
0.976876
0.622922
0.251075
0.684192
0.978135
0.583202
0.998568
0.596946
0.447395
0.0116839
0.784035
0.299166
0.111027
0.0764142
0.161144
0.155568
0.869411
0.250033
0.944043
0.844769
0.411264
0.718863
0.157965
0.106957
0.886688
0.198819
0.772403
0.035397
0.711218
0.496017
0.356603
0.31228
0.407213
0.589826
0.579467
0.811416
0.389732
0.551378
0.633334
0.380073
0.0550052
0.950089
0.0232957
0.344449
0.932581
0.159883
0.0297688
0.988755
0.237885
0.176948
0.789442
0.723702
0.349835
0.129795
0.0847958
0.329788
0.6964
0.934084
0.29025
0.13369
0.636588
0.759357
0.667459
0.508201
0.276003
0.778984
0.475892
0.0895825
0.0592203
0.620992
0.778964
0.649334
0.479093
0.985043
0.96071
0.864757
0.582568
0.90478
0.872102
0.185242
0.105429
0.386726
0.217223
0.625999
0.224056
0.824457
0.753938
0.331324
0.978906
0.253956
0.576519
0.985155
0.529088
0.673164
0.0927087
0.113333
0.385652
0.192124
0.197572
0.681883
0.70766
0.512626
0.942429
0.467066
0.412805
0.366866
0.0293359
0.930546
0.255376
0.188471
0.528816
0.907605
0.879345
0.967957
0.0883201
0.595107
0.102766
0.385852
0.80769
0.0521011
0.989761
0.75444
0.110665
0.799271
0.494971
0.77353
0.0120919
0.879732
0.218318
0.763315
0.811559
0.834974
0.899608
0.931056
0.546966
0.0245221
0.246109
0.816866
0.59619
0.300677
0.273794
0.712686
0.170288
0.62136
0.0250741
0.328928
0.615214
0.281776
0.992026
0.973128
0.41713
0.262654
0.232581
0.088135
0.5441
0.0788118
0.644829
0.164223
0.67823
0.47266
0.507134
0.18642
0.389492
0.49501
0.763763
0.208139
0.237192
0.768638
0.920228
0.0637817
0.987086
0.0130478
0.311596
0.261632
0.900534
0.852596
0.141329
0.755549
0.654348
0.321803
0.497161
0.507431
0.622391
0.7645
0.692383
0.856136
0.697703
0.597195
0.1326
0.942779
0.730728
0.927426
0.565251
0.453487
0.147674
0.697103
0.346419
0.281635
0.00452712
0.927245
0.289886
0.341154
0.206789
0.998671
0.998959
0.54605
0.931474
0.594041
0.293038
0.180212
0.443861
0.987216
0.617625
0.693697
0.993244
0.489568
0.0767332
0.960885
0.754618
0.89928
0.077378
0.712519
0.780583
0.254675
0.372692
0.104075
0.532464
0.728229
0.597732
0.00996075
0.132939
0.432711
0.993358
0.845643
0.354482
0.719184
0.910676
0.63321
0.327492
0.359563
0.602108
0.161588
0.786629
0.1109
0.674672
0.878376
0.609992
0.498061
0.0647104
0.419946
0.648387
0.325597
0.368039
0.180516
0.0649126
0.19411
0.421014
0.185525
0.250975
0.0635679
0.990799
0.822891
0.964994
0.244024
0.830344
0.156275
0.734547
0.8278
0.937193
0.962836
0.320321
0.887118
0.0959932
0.0753635
0.678628
0.284649
0.371842
0.743098
0.364678
0.874758
0.563681
0.64073
0.646377
0.560013
0.350684
0.84149
0.171988
0.116656
0.31579
0.924161
0.247085
0.0762792
0.773555
0.708187
0.488219
0.0673129
0.647649
0.614632
0.662651
0.853696
0.0384521
0.948979
0.194233
0.490121
0.814081
0.51591
0.382599
0.330667
0.988261
0.834275
0.58261
0.523752
0.973885
0.156147
0.128534
0.700844
0.398886
0.747647
0.836585
0.0750532
0.136896
0.107432
0.622768
0.52072
0.853469
0.534171
0.741784
0.474805
0.732675
0.665978
0.967156
0.909835
0.380549
0.167818
0.741547
0.057272
0.171887
0.908895
0.947029
0.0465029
0.70475
0.928641
0.964189
0.861627
0.460839
0.821204
0.561437
0.855392
0.366757
0.364453
0.805643
0.0028957
0.556617
0.176988
0.504726
0.789097
0.315069
0.708232
0.0434852
0.422219
0.714728
0.161319
0.185829
0.42423
0.855205
0.131408
0.288444
0.700803
0.58307
0.334833
0.170451
0.223418
0.0627491
0.234727
0.84706
0.409071
0.235544
0.470535
0.667677
0.257932
0.924822
0.512343
0.774244
0.062104
0.715561
0.0326982
0.856346
0.941556
0.570267
0.171274
0.0370536
0.1646
0.974138
0.620409
0.457877
0.894644
0.982048
0.647352
0.291101
0.0531756
0.339244
0.563563
0.0110448
0.938199
0.556054
0.430278
0.788568
0.28093
0.842514
0.0368684
0.790535
0.911125
0.778711
0.394371
0.391895
0.138835
0.856387
0.547607
0.234957
0.50971
0.141503
0.728096
0.559766
0.57059
0.559187
0.45568
0.111285
0.666727
0.193708
0.764428
0.502129
0.212205
0.747622
0.299679
0.44156
0.118403
0.355362
0.535605
0.468528
0.574691
0.455613
0.130439
0.453987
0.750875
0.770658
0.709799
0.339127
0.487833
0.715345
0.793819
0.49441
0.073605
0.0776995
0.713715
0.330373
0.835132
0.610856
0.157127
0.945468
0.735588
0.503727
0.304135
0.707335
0.334632
0.526456
0.638882
0.749546
0.381041
0.165637
0.622872
0.912312
0.657415
0.181702
0.0793255
0.118007
0.334626
0.863815
0.853616
0.47441
0.525209
0.671631
0.979334
0.432967
0.612124
0.00302747
0.995626
0.45734
0.590618
0.295381
0.438113
0.209241
0.570812
0.557276
0.978195
0.032782
0.878124
0.458302
0.735285
0.282898
0.1447
0.216277
0.361325
0.0342401
0.351096
0.372107
0.430739
0.129195
0.0530914
0.00938109
0.202004
0.0513743
0.769671
0.654552
0.09581
0.386496
0.626823
0.798487
0.311992
0.767396
0.416469
0.244617
0.342122
0.274098
0.964905
0.0646899
0.0919744
0.822176
0.491717
0.301087
0.679641
0.640714
0.0151042
0.384108
0.398456
0.501294
0.0164631
0.941887
0.913236
0.866709
0.865419
0.896538
0.483735
0.00634814
0.93218
0.8085
0.277265
0.76699
0.0392162
0.916299
0.945785
0.954404
0.747159
0.504225
0.310449
0.0027989
0.905186
0.61781
0.833858
0.0845552
0.554698
0.956993
0.58852
0.309463
0.444107
0.449172
0.577106
0.917135
0.535222
0.696926
0.85988
0.0835136
0.557801
0.585203
0.237507
0.316207
0.154052
0.915751
0.869723
0.54639
0.861483
0.327109
0.734851
0.548533
0.178668
0.989664
0.210825
0.813277
0.469106
0.889147
0.150551
0.512297
0.363918
0.899161
0.904418
0.744466
0.662129
0.483348
0.988504
0.326437
0.190729
0.668832
0.0923329
0.44294
0.525515
0.0215939
0.355217
0.426533
0.393489
0.577059
0.211788
0.685723
0.640626
0.100008
0.417919
0.70575
0.173381
0.449994
0.326976
0.437855
0.743016
0.213844
0.208324
0.0694346
0.96955
0.85619
0.906803
0.896695
0.884028
0.371768
0.861243
0.0395363
0.447103
0.45765
0.265888
0.25056
0.0784095
0.436604
0.711178
0.750094
0.960555
0.150076
0.126162
0.509554
0.676061
0.615355
0.316549
0.817622
0.163417
0.939499
0.309129
0.377772
0.764362
0.554467
0.440189
0.150289
0.659277
0.754467
0.434099
0.184874
0.788408
0.467057
0.286196
0.777385
0.626782
0.582384
0.675439
0.381366
0.269815
0.626993
0.877259
0.235625
0.200586
0.44558
0.1221
0.0257477
0.0106425
0.410426
0.353016
0.941431
0.0524013
0.797114
0.0854459
0.0530272
0.487326
0.848593
0.179022
0.30841
0.0909248
0.918297
0.816613
0.912903
0.270367
0.37638
0.777367
0.136827
0.486506
0.839339
0.522386
0.402275
0.248905
0.119384
0.92398
0.00693021
0.326039
0.181516
0.308798
0.190546
0.195132
0.657866
0.404127
0.0506005
0.115672
0.133674
0.734402
0.647532
0.771898
0.739222
0.876616
0.555833
0.0735277
0.527851
0.0203892
0.132587
0.467681
0.881302
0.668682
0.376175
0.691747
0.668265
0.642481
0.889935
0.13649
0.217084
0.307529
0.0722928
0.396776
0.194847
0.0197244
0.118956
0.826099
0.276954
0.990981
0.105437
0.298926
0.826964
0.318095
0.649576
0.396388
0.687998
0.908672
0.232647
0.996832
0.334925
0.00201051
0.951683
0.0604213
0.990462
0.346713
0.521116
0.189571
0.526326
0.694608
0.943849
0.424244
0.929705
0.84273
0.104201
0.448789
0.41122
0.147884
0.240446
0.85726
0.677686
0.304667
0.944179
0.915301
0.0245922
0.676502
0.0876073
0.0933798
0.471237
0.965732
0.446874
0.90924
0.636514
0.274331
0.287254
0.844021
0.125061
0.319346
0.790909
0.479943
0.269869
0.810505
0.894807
0.897379
0.785605
0.761934
0.289384
0.77136
0.572446
0.192025
0.399967
0.684261
0.137664
0.567893
0.994365
0.740894
0.154669
0.18266
0.461324
0.609112
0.0587766
0.0300463
0.0846603
0.244187
0.506191
0.68315
0.0643412
0.575765
0.437156
0.120383
0.344914
0.785459
0.544017
0.705417
0.208639
0.0807453
0.52714
0.859865
0.24916
0.332656
0.721788
0.0137736
0.904272
0.00288612
0.811805
0.732562
0.804511
0.508722
0.444302
0.458797
0.368075
0.786308
0.875632
0.938376
0.390787
0.194958
0.28331
0.39482
0.859944
0.0947277
0.260774
0.0500782
0.349424
0.119528
0.180064
0.249694
0.58527
0.208378
0.688727
0.724385
0.0300988
0.353772
0.447066
0.305721
0.513555
0.440717
0.374853
0.513276
0.396094
0.801115
0.945901
0.0533903
0.82458
0.670436
0.446466
0.53074
0.119483
0.737947
0.320011
0.094796
0.992316
0.715144
0.695835
0.751617
0.364806
0.252983
0.600689
0.50132
0.253096
0.716477
0.0577205
0.0532109
0.164997
0.0311952
0.88157
0.770432
0.378405
0.96222
0.296712
0.756784
0.435865
0.340547
0.0712967
0.0791729
0.283957
0.639408
0.422873
0.385089
0.255557
0.304343
0.986043
0.397119
0.0555703
0.893218
0.324887
0.623533
0.0529668
0.579135
0.232983
0.199382
0.458666
0.259827
0.0181027
0.0565616
0.804161
0.407723
0.462792
0.010405
0.922065
0.0472719
0.750585
0.147363
0.228452
0.678909
0.633672
0.812066
0.348063
0.556718
0.993472
0.137931
0.30584
0.10026
0.931398
0.464839
0.8996
0.167369
0.0626532
0.068054
0.205119
0.877257
0.929283
0.718481
0.151682
0.25165
0.776983
0.945744
0.917012
0.391807
0.448962
0.128957
0.668011
0.643131
0.153933
0.248143
0.529297
0.285217
0.397307
0.251057
0.175146
0.948018
0.676816
0.390881
0.160943
0.075309
0.606759
0.841375
0.0553106
0.371916
0.138397
0.575398
0.0898651
0.974515
0.395824
0.48407
0.865308
0.926905
0.473914
0.507679
0.563991
0.925341
0.193406
0.0420571
0.0128374
0.889833
0.342238
0.87836
0.177891
0.0317522
0.135133
0.639013
0.582816
0.201126
0.497114
0.203153
0.527321
0.539597
0.0417591
0.492812
0.605162
0.124201
0.211091
0.643998
0.121596
0.306329
0.629201
0.848741
0.791794
0.92901
0.173015
0.76536
0.238787
0.299881
0.176706
0.50109
0.944461
0.619039
0.375586
0.826558
0.551325
0.078649
0.194103
0.94443
0.846322
0.789482
0.542758
0.169995
0.929657
0.429171
0.881051
0.0611349
0.49903
0.585144
0.617406
0.536663
0.849198
0.375177
0.360645
0.42944
0.0534085
0.420018
0.737915
0.724254
0.280874
0.62131
0.796682
0.82656
0.705632
0.626306
0.978055
0.899715
0.838158
0.156912
0.56837
0.30412
0.192139
0.519028
0.907675
0.0870522
0.283551
0.219897
0.678195
0.328403
0.315369
0.493244
0.752505
0.872685
0.265071
0.10783
0.508108
0.905629
0.168687
0.714222
0.589502
0.204637
0.358358
0.422932
0.916181
0.352733
0.402757
0.716806
0.609923
0.308321
0.132593
0.249873
0.480286
0.42684
0.986879
0.79854
0.0154785
0.200675
0.0385291
0.489779
0.44735
0.891859
0.467701
0.47201
0.583659
0.0558768
0.434469
0.11103
0.636165
0.278375
0.713995
0.435193
0.346486
0.759868
0.0211385
0.427012
0.168681
0.583215
0.560045
0.524479
0.172684
0.387382
0.348968
0.673089
0.469202
0.957851
0.621501
0.933384
0.326445
0.0441605
0.89136
0.129708
0.472791
0.0499755
0.856405
0.610836
0.296668
0.538549
0.445136
0.825607
0.423724
0.590383
0.180394
0.196268
0.348777
0.680602
0.324385
0.454744
0.0217063
0.0574672
0.618949
0.104623
0.346879
0.653364
0.956553
0.552673
0.988091
0.804421
0.0908452
0.44272
0.42729
0.859932
0.0696853
0.202662
0.376224
0.89944
0.965828
0.319305
0.0750976
0.921423
0.677277
0.579022
0.139554
0.106969
0.0258352
0.804464
0.0636722
0.0849364
0.522321
0.484667
0.598053
0.92826
0.382936
0.299921
0.562734
0.197083
0.534674
0.702061
0.507976
0.422263
0.268469
0.400136
0.50377
0.607657
0.185961
0.451326
0.441921
0.643079
0.406699
0.454941
0.0123254
0.889486
0.393816
0.536367
0.125621
0.957961
0.922649
0.987834
0.374861
0.0944984
0.832325
0.85951
0.254834
0.250064
0.407559
0.879905
0.603618
0.41252
0.14813
0.897227
0.130178
0.0629081
0.876804
0.797725
0.196085
0.558305
0.661715
0.454167
0.199673
0.108716
0.903867
0.724388
0.156404
0.983779
0.650989
0.549781
0.288236
0.240547
0.200359
0.646264
0.754236
0.0964701
0.269342
0.641476
0.920327
0.978379
0.335847
0.453865
0.842311
0.0615816
0.54294
0.55032
0.706367
0.982022
0.152623
0.933597
0.8371
0.474136
0.722115
0.429935
0.265539
0.478969
0.729341
0.358036
0.687734
0.209122
0.529238
0.906319
0.597022
0.583057
0.483805
0.6257
0.316519
0.0915484
0.550605
0.11597
0.188647
0.680002
0.179004
0.15718
0.110081
0.674795
0.162394
0.781751
0.466433
0.608652
0.207818
0.822827
0.0733795
0.374633
0.960846
0.690603
0.440428
0.231987
0.58065
0.0580781
0.229548
0.477782
0.684414
0.974254
0.591685
0.169679
0.526578
0.0158193
0.756702
0.127845
0.0706768
0.443756
0.172215
0.954227
0.542424
0.111104
0.198576
0.287941
0.983414
0.890713
0.15417
0.675418
0.0854871
0.631845
0.869031
0.888369
0.475307
0.742749
0.0664766
0.293119
0.904508
0.220006
0.291212
0.889074
0.219306
0.747813
0.8966
0.226119
0.239765
0.971134
0.170299
0.820721
0.946793
0.461556
0.112057
0.564987
0.797016
0.655977
0.994531
0.514628
0.173236
0.224136
0.670763
0.309635
0.511347
0.136257
0.892364
0.190814
0.572114
0.037375
0.641248
0.397529
0.665802
0.427546
0.844334
0.844899
0.875469
0.290353
0.743217
0.966195
0.916012
0.0555351
0.756405
0.958564
0.134529
0.631087
0.745902
0.283936
0.195841
0.357879
0.247283
0.954795
0.566397
0.444084
0.226102
0.0853801
0.340441
0.202111
0.285358
0.528076
0.0429175
0.368155
0.689743
0.663739
0.561882
0.22103
0.0316871
0.00122201
0.545372
0.0759785
0.500267
0.999366
0.648894
0.110276
0.403582
0.194497
0.61377
0.136531
0.4341
0.44446
0.936064
0.78872
0.969102
0.939161
0.962038
0.193588
0.997893
0.0364879
0.699175
0.290594
0.815948
0.326579
0.0105352
0.918132
0.894216
0.378115
0.68217
0.139203
0.00894791
0.0554873
0.104857
0.229589
0.211793
0.199202
0.947603
0.645389
0.158536
0.824027
0.645
0.130449
0.043348
0.206636
0.166218
0.0797705
0.46833
0.609608
0.241518
0.160915
0.298595
0.630493
0.822651
0.98617
0.413117
0.888685
0.345393
0.954847
0.481818
0.990289
0.613077
0.0344744
0.919242
0.369969
0.565908
0.665369
0.14298
0.0327959
0.546945
0.754539
0.577629
0.648633
0.0959
0.128127
0.588233
0.53312
0.938778
0.248621
0.0153427
0.335502
0.306342
0.542274
0.250162
0.703503
0.587328
0.548156
0.0848072
0.674247
0.65228
0.173903
0.870035
0.319522
0.988237
0.661595
0.000505465
0.431063
0.549735
0.123716
0.333812
0.351099
0.412648
0.553321
0.961187
0.925291
0.838261
0.550363
0.630584
0.875973
0.108049
0.299589
0.141307
0.465948
0.836402
0.902964
0.966597
0.356011
0.738984
0.485733
0.218636
0.168102
0.827418
0.690973
0.569953
0.971997
0.484054
0.539785
0.82566
0.144511
0.0801739
0.106602
0.160531
0.640211
0.941984
0.140989
0.470628
0.401931
0.215205
0.414689
0.436634
0.574433
0.173368
0.0975612
0.569768
0.41799
0.868526
0.436956
0.244323
0.809651
0.815998
0.156394
0.265431
0.333501
0.185841
0.682238
0.347326
0.969055
0.260552
0.0882883
0.675597
0.966567
0.697389
0.711373
0.904911
0.733592
0.359709
0.0856247
0.128402
0.438841
0.578726
0.175032
0.892006
0.963615
0.0676169
0.0152659
0.781039
0.100744
0.195346
0.62491
0.760363
0.224878
0.767937
0.387835
0.805577
0.651475
0.159088
0.673272
0.641464
0.586371
0.84755
0.0353734
0.0449747
0.871099
0.891897
0.362995
0.331347
0.985226
0.309306
0.432743
0.70074
0.216
0.897536
0.709814
0.174494
0.194154
0.891048
0.353992
0.209403
0.675466
0.584473
0.290636
0.778336
0.479599
0.269464
0.123277
0.998169
0.746145
0.56321
0.476352
0.241925
0.404057
0.476143
0.100764
0.280834
0.152628
0.858901
0.444721
0.271757
0.90371
0.639545
0.237336
0.463222
0.0263532
0.435225
0.458484
0.184675
0.76278
0.590421
0.537743
0.073135
0.65156
0.817989
0.0559881
0.362259
0.908736
0.729552
0.0902285
0.412987
0.59596
0.437083
0.776218
0.22303
0.567718
0.855496
0.951512
0.354015
0.0653056
0.572937
0.827213
0.218289
0.247289
0.38636
0.619354
0.849148
0.655023
0.498742
0.706493
0.734318
0.753839
0.583456
0.0808209
0.837328
0.31853
0.552246
0.194196
0.098168
0.00472286
0.996014
0.492687
0.245277
0.330877
0.451044
0.364261
0.136179
0.260428
0.394948
0.431307
0.763398
0.29783
0.182828
0.296087
0.92385
0.579822
0.950027
0.342625
0.980731
0.844459
0.257173
0.0187064
0.492614
0.791743
0.328596
0.328863
0.309537
0.513854
0.997984
0.881635
0.323551
0.0789471
0.755343
0.726773
0.913344
0.615485
0.885833
0.021156
0.459991
0.385659
0.871438
0.0632211
0.572951
0.284293
0.726961
0.877905
0.0104423
0.287693
0.46767
0.917208
0.0830984
0.845524
0.630846
0.821249
0.690218
0.704361
0.840079
0.9733
0.368231
0.726813
0.420757
0.848036
0.864588
0.884123
0.627867
0.119808
0.0389652
0.61805
0.181844
0.0479255
0.308245
0.461138
0.54223
0.825896
0.581589
0.350978
0.168867
0.0646014
0.585314
0.0576499
0.381064
0.225188
0.781104
0.054515
0.250742
0.131794
0.5811
0.897352
0.148334
0.339264
0.324062
0.538245
0.46167
0.425128
0.281209
0.197606
0.958215
0.692824
0.810604
0.565518
0.0586971
0.445446
0.395643
0.723644
0.702962
0.203162
0.625845
0.699077
0.753117
0.936345
0.864921
0.815593
0.199761
0.669909
0.278955
0.73613
0.488216
0.438281
0.662214
0.439426
0.705672
0.446922
0.913947
0.396242
0.278437
0.99372
0.619963
0.365643
0.301095
0.946517
0.729445
0.884438
0.205119
0.74239
0.261382
0.444744
0.691002
0.507098
0.0153647
0.223364
0.681531
0.182842
0.806699
0.126287
0.459523
0.848637
0.422653
0.832363
0.555036
0.726083
0.650969
0.85855
0.737307
0.846264
0.927955
0.727783
0.506742
0.829223
0.6747
0.808558
0.602387
0.670628
0.738244
0.927832
0.539132
0.471604
0.750536
0.457465
0.334114
0.474527
0.101194
0.166791
0.1097
0.0230725
0.748658
0.0540227
0.876072
0.748672
0.645242
0.857342
0.673733
0.653601
0.220528
0.649088
0.537679
0.225307
0.469014
0.386304
0.0419159
0.345608
0.75506
0.486881
0.0755449
0.776774
0.732976
0.288002
0.0385636
0.294925
0.753255
0.893906
0.844447
0.136953
0.976897
0.611031
0.463819
0.0234708
0.056775
0.48421
0.694149
0.466887
0.794875
0.878102
0.31826
0.876299
0.492905
0.489882
0.712091
0.791756
0.845429
0.435208
0.640927
0.7378
0.962785
0.32841
0.773314
0.154707
0.457315
0.69527
0.141863
0.776439
0.201771
0.133779
0.157822
0.963928
0.312477
0.802953
0.077831
0.814535
0.780209
0.90591
0.231886
0.452713
0.845691
0.581296
0.524968
0.519178
0.289882
0.173266
0.363659
0.428093
0.0962101
0.26731
0.344685
0.0225074
0.975835
0.616209
0.854759
0.552014
0.779911
0.502659
0.719229
0.804166
0.325225
0.963901
0.718343
0.279868
0.321113
0.317039
0.150889
0.70588
0.314328
0.655301
0.620492
0.274553
0.491499
0.425847
0.273892
0.797689
0.141741
0.24502
0.225581
0.620099
0.149217
0.0602202
0.720652
0.477499
0.340318
0.337551
0.547607
0.477254
0.354486
0.756511
0.614058
0.660197
0.162296
0.948614
0.708317
0.954292
0.858706
0.0537326
0.0251232
0.199726
0.0715422
0.620091
0.73925
0.909642
0.622287
0.88153
0.940351
0.787077
0.0537965
0.355259
0.738705
0.158828
0.612109
0.567665
0.925774
0.479304
0.270236
0.493787
0.8059
0.126535
0.662744
0.853041
0.754694
0.739255
0.331651
0.0111427
0.723482
0.36551
0.656243
0.0737321
0.783728
0.402826
0.159959
0.404855
0.345826
0.557337
0.683529
0.7535
0.816858
0.34017
0.0307561
0.320268
0.0744214
0.616003
0.196117
0.246746
0.589718
0.739364
0.95504
0.371166
0.66296
0.333522
0.440089
0.780834
0.836499
0.915701
0.060203
0.225894
0.893557
0.637744
0.684968
0.268215
0.169357
0.336828
0.06984
0.957325
0.401893
0.97585
0.918318
0.592751
0.705344
0.153599
0.358882
0.895261
0.102864
0.592862
0.772621
0.721132
0.518423
0.938609
0.374999
0.772579
0.279669
0.542891
0.484159
0.949267
0.574234
0.55898
0.469184
0.82169
0.448093
0.15169
0.654368
0.865003
0.822829
0.147076
0.367881
0.655602
0.594067
0.342417
0.492299
0.192514
0.579698
0.982462
0.645971
0.258088
0.306422
0.742428
0.0625404
0.580198
0.21797
0.760483
0.62438
0.210251
0.688063
0.807215
0.846169
0.602887
0.524752
0.197492
0.118026
0.395946
0.727647
0.328507
0.642973
0.770667
0.842151
0.209851
0.399294
0.856316
0.0501531
0.636901
0.501422
0.170598
0.318612
0.00342203
0.619143
0.203877
0.638565
0.565233
0.958542
0.514094
0.238753
0.322396
0.742442
0.0593653
0.230231
0.807284
0.405073
0.821705
0.48
0.830918
0.806064
0.33977
0.640263
0.68726
0.861966
0.74856
0.661854
0.138045
0.997713
0.903719
0.250704
0.548841
0.862509
0.637659
0.508744
0.326238
0.680445
0.0506089
0.327983
0.978466
0.480055
0.78475
0.339973
0.00562601
0.0522448
0.672628
0.692534
0.895876
0.82453
0.10745
0.430342
0.890967
0.632037
0.474022
0.563264
0.175785
0.551604
0.432801
0.252634
0.685276
0.202903
0.599719
0.135896
0.907924
0.0866285
0.951412
0.318194
0.653744
0.220268
0.255638
0.628035
0.658563
0.361102
0.0328254
0.474437
0.683644
0.00726412
0.455765
0.135134
0.16495
0.892688
0.555739
0.098184
0.850573
0.311418
0.896289
0.690361
0.775001
0.0104594
0.178188
0.641315
0.548438
0.986282
0.134847
0.407711
0.637915
0.935283
0.556784
0.440289
0.0902551
0.688573
0.743143
0.511515
0.157238
0.270938
0.420592
0.593677
0.34889
0.545824
0.903964
0.416834
0.536283
0.24478
0.614202
0.0419217
0.481522
0.751542
0.0388137
0.824073
0.376656
0.757461
0.746045
0.751116
0.0686918
0.984267
0.480164
0.0274379
0.234003
0.959413
0.911995
0.10768
0.0984193
0.423932
0.942519
0.310723
0.790946
0.667508
0.110753
0.273373
0.137976
0.953342
0.599246
0.415232
0.875552
0.468532
0.426532
0.330193
0.760518
0.884557
0.93735
0.613457
0.934513
0.826762
0.82602
0.56224
0.830889
0.239415
0.240107
0.908477
0.763598
0.921208
0.500588
0.176758
0.604501
0.240383
0.537705
0.30286
0.303784
0.283715
0.0812042
0.159096
0.755335
0.232383
0.168783
0.94219
0.129835
0.59238
0.762484
0.786446
0.423692
0.758181
0.710964
0.237155
0.888966
0.195408
0.393804
0.592763
0.161438
0.94939
0.966267
0.804468
0.390564
0.0987366
0.929383
0.282375
0.252103
0.772091
0.927452
0.240722
0.303836
0.246495
0.275726
0.232357
0.295301
0.980528
0.204143
0.354608
0.488572
0.95651
0.533798
0.803821
0.169537
0.884273
0.252767
0.531747
0.865106
0.343825
0.904801
0.699847
0.524604
0.223736
0.932114
0.392721
0.422885
0.473383
0.112383
0.0628812
0.804332
0.575832
0.396524
0.828717
0.472948
0.828714
0.0906185
0.896976
0.462629
0.776058
0.141483
0.860519
0.567944
0.466692
0.89607
0.730342
0.510294
0.84522
0.131588
0.565425
0.644214
0.949119
0.323727
0.201262
0.817247
0.848469
0.368647
0.552968
0.883773
0.8001
0.540605
0.455476
0.69439
0.991278
0.997843
0.14419
0.549943
0.83387
0.197275
0.885753
0.191454
0.0714442
0.102671
0.520493
0.618702
0.230949
0.936559
0.824423
0.271762
0.158132
0.704582
0.656971
0.408693
0.711184
0.990151
0.317217
0.561999
0.0584679
0.160994
0.84142
0.606206
0.560469
0.637859
0.0618668
0.724616
0.759104
0.145561
0.00406106
0.0872754
0.61361
0.700685
0.987466
0.662684
0.594656
0.697351
0.944349
0.757426
0.579021
0.947926
0.780683
0.741562
0.396852
0.440783
0.840055
0.260446
0.311628
0.319972
0.932504
0.99888
0.317697
0.00594143
0.160139
0.850919
0.798583
0.202454
0.584245
0.913955
0.396902
0.919085
0.276775
0.98112
0.718061
0.633885
0.594165
0.719837
0.258281
0.785943
0.683191
0.221229
0.464648
0.287918
0.826081
0.465817
0.571777
0.455581
0.772839
0.0126768
0.505508
0.342834
0.678961
0.075344
0.107223
0.0304014
0.621726
0.447811
0.839731
0.934852
0.331571
0.493871
0.332907
0.0780238
0.139566
0.774901
0.17897
0.788338
0.0687938
0.683303
0.576452
0.20358
0.31674
0.64589
0.250667
0.824981
0.386357
0.694292
0.767493
0.256151
0.0928973
0.255145
0.345875
0.0754744
0.338243
0.334773
0.721058
0.870822
0.609317
0.46081
0.891899
0.051249
0.796176
0.0526946
0.797541
0.78808
0.281032
0.736256
0.425662
0.880257
0.933111
0.563059
0.589594
0.444986
0.235998
0.367433
0.876919
0.96982
0.322784
0.473955
0.0382212
0.697808
0.21745
0.692843
0.541141
0.73102
0.564901
0.7034
0.0698051
0.213529
0.0318918
0.376161
0.530087
0.983105
0.30067
0.828407
0.472766
0.0578822
0.0490245
0.707439
0.833802
0.0528614
0.875934
0.669812
0.296981
0.310285
0.121206
0.747133
0.41097
0.292889
0.739241
0.390983
0.561078
0.151308
0.588904
0.758122
0.945249
0.764209
0.92978
0.175673
0.492124
0.79601
0.774899
0.814161
0.0634338
0.162602
0.71517
0.149866
0.899245
0.886747
0.543848
0.729162
0.90698
0.714574
0.581691
0.624579
0.597102
0.511755
0.115128
0.519973
0.98164
0.727821
0.359592
0.961204
0.0471448
0.88108
0.365714
0.496249
0.180658
0.752556
0.28373
0.398061
0.574003
0.86913
0.346189
0.764323
0.785156
0.894041
0.244834
0.0264644
0.641326
0.123385
0.656774
0.437873
0.0910991
0.713154
0.379282
0.76671
0.735843
0.241515
0.691638
0.166526
0.095355
0.360797
0.475375
0.668976
0.410356
0.634402
0.55855
0.724406
0.394141
0.113457
0.441625
0.151283
0.975849
0.120292
0.717264
0.343986
0.1053
0.311184
0.287709
0.88623
0.209827
0.0355421
0.0538645
0.236468
0.221583
0.845767
0.711262
0.960343
0.262481
0.70015
0.219629
0.30828
0.335298
0.80585
0.463812
0.654503
0.694193
0.441507
0.611778
0.464119
0.1454
0.657225
0.186695
0.730996
0.267388
0.0575294
0.359834
0.0803551
0.566305
0.420521
0.362895
0.462358
0.742645
0.590576
0.105114
0.238449
0.603392
0.704995
0.423325
0.799301
0.493491
0.586273
0.222224
0.126404
0.443382
0.16611
0.876127
0.049592
0.256194
0.626631
0.430256
0.647135
0.428485
0.976072
0.595175
0.226898
0.770372
0.854537
0.477694
0.715986
0.741379
0.230489
0.109021
0.828189
0.443164
0.446973
0.758896
0.98551
0.723849
0.860781
0.874111
0.210425
0.484163
0.547029
0.33131
0.803945
0.785036
0.580979
0.0961719
0.961843
0.210274
0.0300009
0.85144
0.0947273
0.826031
0.669018
0.681261
0.700288
0.409112
0.656641
0.433906
0.5377
0.0156918
0.966615
0.353025
0.580615
0.776492
0.656805
0.361731
0.938566
0.598288
0.378312
0.865315
0.455341
0.508034
0.589528
0.937373
0.991463
0.196792
0.359256
0.569373
0.107279
0.126863
0.440754
0.562807
0.770445
0.796309
0.402747
0.362384
0.260048
0.568809
0.347707
0.373298
0.228944
0.25037
0.372603
0.24926
0.171931
0.423491
0.079116
0.423357
0.742219
0.748506
0.67184
0.392122
0.530672
0.0441325
0.453227
0.53466
0.296112
0.216702
0.698184
0.601987
0.091412
0.990852
0.240798
0.464579
0.306296
0.0930808
0.808395
0.744788
0.0370749
0.961705
0.777983
0.0402718
0.245577
0.329317
0.097363
0.488901
0.390118
0.992642
0.504252
0.32712
0.262662
0.814027
0.694441
0.213939
0.966677
0.272033
0.943235
0.761637
0.794145
0.697552
0.988451
0.730664
0.338748
0.417347
0.259611
0.477778
0.802365
0.31828
0.214277
0.729434
0.0571396
0.501049
0.452881
0.79193
0.715111
0.588836
0.167966
0.579672
0.987567
0.4897
0.489128
0.985676
0.399016
0.796186
0.463712
0.245452
0.0243395
0.0747245
0.22457
0.136773
0.566868
0.802896
0.705113
0.662335
0.670729
0.125247
0.839971
0.797573
0.89988
0.607491
0.214552
0.9382
0.0121912
0.182868
0.682695
0.806506
0.859369
0.130069
0.548546
0.195881
0.458241
0.545178
0.903433
0.442004
0.668111
0.93502
0.9234
0.767991
0.290884
0.549294
0.0773444
0.489629
0.260027
0.385904
0.884468
0.784398
0.532113
0.668628
0.114634
0.591955
0.127702
0.448252
0.0738257
0.960408
0.930095
0.975556
0.193262
0.487115
0.9406
0.0142502
0.785138
0.59877
0.963272
0.399635
0.186766
0.415728
0.5627
0.218969
0.140977
0.461203
0.673735
0.0254192
0.112891
0.0872644
0.666633
0.751014
0.186853
0.245228
0.86579
0.425934
0.493942
0.145718
0.522263
0.631163
0.967688
0.919656
0.742807
0.717274
0.197551
0.0608123
0.731016
0.340769
0.736448
0.127175
0.404997
0.646781
0.316722
0.79476
0.68311
0.5274
0.841147
0.255047
0.792911
0.591672
0.950824
0.45595
0.33322
0.79841
0.545397
0.604993
0.636036
0.846992
0.364369
0.449754
0.520935
0.333812
0.0591922
0.360962
0.752991
0.0211625
0.928198
0.372968
0.505775
0.208045
0.390568
0.758504
0.649429
0.73439
0.487902
0.0722467
0.642338
0.405929
0.275291
0.00209094
0.771858
0.12964
0.357044
0.898199
0.189551
0.551297
0.400693
0.0567844
0.000206604
0.957833
0.998006
0.235657
0.128843
0.337507
0.411268
0.458225
0.999069
0.188364
0.630976
0.876949
0.559403
0.55722
0.767622
0.740017
0.897172
0.223031
0.501867
0.728836
0.74457
0.474569
0.42685
0.970132
0.426719
0.855859
0.342671
0.705107
0.201751
0.0660018
0.521418
0.21806
0.128864
0.123322
0.672985
0.455647
0.359107
0.376827
0.735076
0.541996
0.518706
0.128866
0.0191975
0.819119
0.245643
0.898656
0.908355
0.290433
0.202766
0.802606
0.868035
0.560251
0.437157
0.468681
0.55265
0.155119
0.85404
0.371551
0.223923
0.0640085
0.0488815
0.724877
0.41089
0.4924
0.674346
0.0676119
0.00483795
0.207796
0.946527
0.621982
0.974293
0.947558
0.510743
0.290143
0.189063
0.619147
0.540755
0.921253
0.948656
0.371836
0.142471
0.0667042
0.615502
0.950178
0.536007
0.912744
0.0601527
0.414396
0.416919
0.220188
0.642928
0.661438
0.822957
0.912025
0.299559
0.00157244
0.887769
0.152395
0.488794
0.10658
0.334709
0.29399
0.725342
0.183327
0.395553
0.593626
0.995941
0.44563
0.130242
0.984573
0.280018
0.5319
0.630495
0.0447675
0.815812
0.0884673
0.224434
0.426931
0.720659
0.42025
0.129586
0.952853
0.549475
0.981416
0.752389
0.0718257
0.723436
0.0879183
0.384472
0.912982
0.253014
0.0987283
0.936619
0.412653
0.493558
0.419555
0.773851
0.378974
0.891587
0.987032
0.0190228
0.493776
0.795939
0.816428
0.883653
0.492068
0.816662
0.134647
0.825432
0.666504
0.218437
0.433783
0.44042
0.701427
0.1437
0.299032
0.948877
0.150287
0.688466
0.38704
0.557892
0.85218
0.0227635
0.724398
0.66858
0.677369
0.785288
0.297358
0.283924
0.356163
0.222301
0.417923
0.665034
0.15738
0.224258
0.752199
0.534461
0.9375
0.186541
0.326749
0.347389
0.894019
0.0357954
0.899079
0.413413
0.25958
0.779715
0.369355
0.177732
0.419198
0.420824
0.470807
0.641886
0.491993
0.295524
0.823655
0.757711
0.480729
0.0359281
0.0580429
0.357315
0.565384
0.988021
0.560548
0.636277
0.127816
0.545427
0.40013
0.892677
0.48918
0.370306
0.0354451
0.803242
0.184339
0.674091
0.857705
0.308061
0.671577
0.830167
0.811648
0.65164
0.683103
0.703168
0.060678
0.421482
0.683131
0.727036
0.688267
0.822791
0.0549524
0.373907
0.992756
0.872931
0.344755
0.0623552
0.241695
0.791296
0.0248108
0.496726
0.47875
0.355271
0.397865
0.0557044
0.7635
0.303069
0.262468
0.210676
0.183503
0.557695
0.328897
0.511744
0.188896
0.847859
0.869082
0.796812
0.811326
0.59207
0.172331
0.728289
0.65881
0.228575
0.751114
0.220594
0.212442
0.709597
0.305849
0.873552
0.844881
0.983097
0.841571
0.162407
0.557989
0.964839
0.37818
0.250823
0.090534
0.920113
0.974191
0.191776
0.637713
0.146257
0.574666
0.671605
0.782645
0.348859
0.999346
0.949844
0.664583
0.767036
0.427492
0.273441
0.167091
0.713536
0.451197
0.726156
0.738116
0.197045
0.317029
0.546404
0.0578471
0.286507
0.733788
0.649787
0.323272
0.116445
0.687659
0.0724796
0.563097
0.330249
0.389529
0.86132
0.744394
0.3835
0.815898
0.534764
0.063162
0.706394
0.546646
0.491187
0.773699
0.133822
0.720618
0.918678
0.223877
0.291052
0.112952
0.0413439
0.911444
0.465339
0.4946
0.505097
0.815374
0.748962
0.691452
0.851264
0.909936
0.412915
0.963596
0.245554
0.530059
0.224886
0.539007
0.725689
0.486168
0.0786393
0.14355
0.412396
0.854895
0.329017
0.17249
0.510584
0.997903
0.758438
0.468584
0.0320124
0.35194
0.424026
0.447572
0.425221
0.125639
0.692739
0.201768
0.536985
0.4374
0.664743
0.0934763
0.292287
0.30795
0.668551
0.81771
0.313251
0.923309
0.497311
0.782732
0.454418
0.82027
0.112431
0.460398
0.371092
0.197257
0.393028
0.84818
0.124535
0.967289
0.5384
0.831703
0.234019
0.964415
0.472945
0.730176
0.188827
0.876676
0.252003
0.0554169
0.317317
0.962457
0.372642
0.145136
0.0652462
0.836956
0.0612998
0.188629
0.558305
0.98377
0.202461
0.812285
0.116829
0.0149147
0.407694
0.116708
0.863046
0.900712
0.776861
0.358656
0.32816
0.718006
0.804107
0.57011
0.0495038
0.188469
0.417378
0.74311
0.474781
0.134802
0.755125
0.940697
0.394887
0.67642
0.577067
0.198323
0.849317
0.691612
0.433346
0.452174
0.635125
0.932722
0.290144
0.285427
0.754597
0.80597
0.298267
0.0537369
0.317178
0.798183
0.0189105
0.189152
0.433005
0.897765
0.568662
0.157963
0.770118
0.134281
0.850907
0.852054
0.87282
0.0363795
0.996512
0.0334234
0.638634
0.836564
0.192587
0.954607
0.0162303
0.557261
0.740149
0.289463
0.912866
0.588444
0.111687
0.0936164
0.290264
0.373952
0.296403
0.455036
0.691201
0.691767
0.298792
0.794666
0.0907875
0.541657
0.426126
0.155448
0.527904
0.609339
0.249503
0.214951
0.871275
0.896027
0.794597
0.830288
0.145169
0.590939
0.711915
0.551111
0.821983
0.295898
0.647918
0.31283
0.52945
0.92816
0.700029
0.262336
0.771682
0.141322
0.258604
0.905571
0.984618
0.994764
0.442042
0.252245
0.903073
0.418281
0.0982076
0.838601
0.579777
0.278047
0.513331
0.123736
0.14449
0.53908
0.731892
0.186887
0.607248
0.0930548
0.0973208
0.529205
0.684488
0.702463
0.279519
0.44955
0.156519
0.595306
0.823251
0.484238
0.952396
0.390105
0.949888
0.0586502
0.712663
0.0690168
0.948256
0.29608
0.616894
0.946189
0.629394
0.0869462
0.802953
0.266642
0.782001
0.478889
0.676168
0.954359
0.793473
0.363553
0.143174
0.811877
0.195493
0.686002
0.547163
0.331433
0.108826
0.0833801
0.475327
0.352104
0.811534
0.285097
0.207967
0.699815
0.00649764
0.810672
0.341173
0.257567
0.0426609
0.735411
0.906308
0.68064
0.230517
0.528939
0.401303
0.213427
0.523246
0.396798
0.718665
0.267256
0.903911
0.0790125
0.587148
0.0371401
0.675827
0.808675
0.328451
0.393743
0.00350656
0.953914
0.363564
0.477451
0.157571
0.822577
0.788227
0.205697
0.297046
0.983678
0.682404
0.612621
0.751132
0.255251
0.739884
0.370669
0.770758
0.945225
0.822656
0.764318
0.895049
0.949923
0.588215
0.0331311
0.362632
0.571841
0.240544
0.579965
0.492162
0.291583
0.457283
0.723999
0.416242
0.813745
0.793129
0.110119
0.8904
0.317811
0.405478
0.677276
0.682098
0.515723
0.25178
0.318826
0.998636
0.599914
0.334139
0.58647
0.918092
0.929717
0.88703
0.513697
0.381199
0.0397935
0.296095
0.851016
0.177721
0.669744
0.084132
0.6688
0.867945
0.63621
0.494477
0.818025
0.724392
0.843447
0.438826
0.537268
0.722686
0.119796
0.158624
0.417223
0.172192
0.159057
0.585581
0.811865
0.731126
0.139367
0.692903
0.917081
0.928161
0.808471
0.125803
0.390582
0.700291
0.402798
0.0157281
0.297642
0.298158
0.866637
0.451235
0.0406644
0.804835
0.833916
0.840074
0.940705
0.718089
0.824362
0.998013
0.428273
0.971435
0.402591
0.79324
0.980535
0.484297
0.686117
0.519572
0.592359
0.0608588
0.81838
0.732622
0.738397
0.0815971
0.81639
0.33183
0.490114
0.988156
0.748799
0.38572
0.181766
0.744497
0.407555
0.161822
0.227709
0.114754
0.631501
0.526613
0.304148
0.236777
0.0692042
0.221175
0.0138591
0.252145
0.495343
0.297584
0.714019
0.996703
0.603334
0.428557
0.735084
0.435161
0.488502
0.993604
0.551484
0.769775
0.531731
0.32048
0.350344
0.253733
0.0325551
0.648841
0.118824
0.637979
0.381357
0.117538
0.0390899
0.97536
0.679583
0.0983426
0.316161
0.954183
0.110477
0.653441
0.210557
0.946402
0.845107
0.834539
0.1161
0.102363
0.372751
0.426891
0.0934969
0.82863
0.62284
0.937199
0.891213
0.229001
0.568425
0.901631
0.674345
0.108382
0.857958
0.626936
0.425883
0.12808
0.821253
0.357678
0.238154
0.00897147
0.563784
0.576367
0.899037
0.311727
0.146701
0.0870392
0.690462
0.4429
0.612497
0.00950009
0.0169335
0.960653
0.141458
0.52991
0.199582
0.958766
0.413658
0.828914
0.805198
0.923147
0.526214
0.0625858
0.497629
0.768627
0.015079
0.531777
0.336917
0.218505
0.813143
0.576087
0.414933
0.884918
0.718734
0.509735
0.878651
0.600374
0.24645
0.724688
0.896311
0.151912
0.900133
0.474192
0.578831
0.647587
0.978827
0.776307
0.858999
0.525053
0.25278
0.207472
0.903054
0.574715
0.198597
0.361934
0.80088
0.332341
0.150032
0.611856
0.538387
0.491613
0.611768
0.0990132
0.0539588
0.445337
0.224883
0.112465
0.443875
0.190913
0.31021
0.053924
0.00187176
0.293193
0.613914
0.86643
0.117004
0.704457
0.621579
0.31145
0.441555
0.471467
0.594815
0.9398
0.975965
0.844339
0.0385864
0.53435
0.568
0.328367
0.567643
0.63511
0.0251389
0.731277
0.764666
0.32388
0.797382
0.354406
0.488131
0.486504
0.6763
0.912686
0.790042
0.432367
0.817643
0.457316
0.957093
0.0858114
0.74061
0.0849196
0.726645
0.431628
0.866978
0.272426
0.203186
0.861963
0.186564
0.658734
0.882285
0.306325
0.289462
0.539579
0.166943
0.207584
0.276612
0.444188
0.243956
0.619013
0.903407
0.271007
0.802261
0.930625
0.150274
0.580748
0.16706
0.383924
0.641866
0.940453
0.557175
0.905356
0.814123
0.500512
0.631848
0.58924
0.286013
0.242178
0.778978
0.00603176
0.829125
0.187068
0.930266
0.422845
0.910983
0.0993768
0.509458
0.928036
0.75336
0.279596
0.585917
0.684293
0.900044
0.544836
0.794198
0.33527
0.60325
0.67146
0.186722
0.605934
0.056852
0.85259
0.225612
0.919069
0.239009
0.164612
0.6244
0.35892
0.456822
0.867628
0.972593
0.412884
0.660072
0.465781
0.986773
0.884994
0.227503
0.86162
0.0203259
0.378473
0.713882
0.347482
0.0383937
0.372748
0.434162
0.435944
0.752066
0.663317
0.676449
0.146531
0.851931
0.687241
0.670621
0.999179
0.350332
0.825455
0.555714
0.934834
0.717206
0.364603
0.816703
0.164594
0.778222
0.53095
0.798791
0.671843
0.956724
0.398505
0.722483
0.0440022
0.322217
0.950633
0.351772
0.435174
0.716006
0.973093
0.315868
0.857719
0.836068
0.516794
0.725833
0.425488
0.173954
0.537214
0.80385
0.536229
0.921058
0.046962
0.865969
0.853858
0.932982
0.167522
0.249115
0.0575133
0.311128
0.200896
0.198764
0.0444419
0.600541
0.0332464
0.852508
0.144855
0.70207
0.508395
0.253175
0.122399
0.763175
0.953189
0.758187
0.643306
0.172175
0.78953
0.70339
0.506588
0.681149
0.525699
0.122138
0.398836
0.187456
0.685364
0.575402
0.088703
0.0961882
0.115146
0.546026
0.782576
0.967741
0.226233
0.689013
0.455113
0.546777
0.09364
0.77721
0.133401
0.710642
0.886132
0.17456
0.794769
0.524959
0.164459
0.812065
0.335459
0.828626
0.405737
0.108737
0.236163
0.685503
0.33391
0.213583
0.503141
0.950089
0.813082
0.956467
0.268433
0.132771
0.151059
0.56556
0.314301
0.968563
0.529881
0.585853
0.62631
0.562567
0.200024
0.534498
0.913431
0.894868
0.223003
0.140802
0.55571
0.725706
0.507225
0.996672
0.499839
0.675245
0.144539
0.0110289
0.72641
0.306987
0.516258
0.111665
0.721743
0.484184
0.100442
0.531685
0.220302
0.877719
0.58577
0.0849669
0.815548
0.283893
0.896657
0.874959
0.998402
0.0818863
0.580951
0.661102
0.0604321
0.663035
0.133177
0.863578
0.036826
0.655515
0.0569941
0.125032
0.561741
0.125562
0.550429
0.141184
0.921611
0.255724
0.773119
0.763452
0.632531
0.0962067
0.778874
0.277191
0.104337
0.390433
0.828463
0.3489
0.110966
0.942356
0.301706
0.963751
0.245124
0.991621
0.576418
0.258431
0.832143
0.282766
0.712
0.480076
0.106696
0.364508
0.651676
0.324952
0.166267
0.761758
0.929671
0.0544189
0.312796
0.371961
0.934533
0.443114
0.0409668
0.313262
0.940041
0.646605
0.946357
0.777906
0.0796876
0.313008
0.183883
0.722249
0.824868
0.00408064
0.43745
0.675455
0.352045
0.503742
0.45255
0.0118193
0.378096
0.612016
0.478119
0.864922
0.939741
0.255273
0.0619265
0.842412
0.432633
0.363099
0.800838
0.923865
0.654851
0.11074
0.275797
0.705293
0.170911
0.415207
0.569432
0.525719
0.984982
0.58284
0.696628
0.2257
0.150986
0.785242
0.855913
0.315563
0.824182
0.606623
0.669324
0.361702
0.551405
0.744983
0.213786
0.341006
0.889312
0.517429
0.507684
0.693067
0.222066
0.0399005
0.707992
0.663123
0.818307
0.716488
0.258208
0.3401
0.524767
0.344425
0.923777
0.336842
0.249439
0.0480572
0.534295
0.335637
0.656145
0.197286
0.451357
0.452124
0.795955
0.210784
0.584691
0.49409
0.167164
0.928075
0.130393
0.366735
0.758199
0.262319
0.203437
0.979607
0.72731
0.791283
0.937866
0.63836
0.655542
0.450027
0.344416
0.871167
0.82815
0.666637
0.815085
0.478259
0.213202
0.211969
0.371943
0.0555712
0.0798539
0.264653
0.954132
0.800639
0.304253
0.241169
0.759739
0.750064
0.0258152
0.793857
0.101196
0.131334
0.524866
0.992494
0.74394
0.864445
0.984448
0.501276
0.283833
0.766363
0.571049
0.935302
0.941694
0.258308
0.323747
0.390291
0.0312971
0.635395
0.387906
0.216366
0.265231
0.732192
0.783164
0.750113
0.63172
0.327069
0.17765
0.196373
0.592167
0.312159
0.978866
0.898638
0.256999
0.672613
0.780339
0.559652
0.596152
0.0455231
0.0623886
0.745581
0.885878
0.161127
0.681571
0.370614
0.897839
0.121122
0.649205
0.425327
0.867809
0.274362
0.954056
0.561682
0.264495
0.660774
0.592722
0.329026
0.694805
0.580779
0.805263
0.886371
0.967469
0.999227
0.950673
0.383049
0.0855773
0.118123
0.0810493
0.357451
0.600038
0.678129
0.57489
0.375981
0.835883
0.220703
0.0654252
0.614003
0.664071
0.725254
0.151896
0.528916
0.051117
0.512012
0.219331
0.522454
0.0522596
0.0733992
0.230765
0.333902
0.351776
0.285298
0.116552
0.615567
0.183554
0.194104
0.79617
0.952941
0.429543
0.934113
0.762618
0.709628
0.992794
0.179522
0.278525
0.175062
0.931353
0.471866
0.722773
0.21395
0.231379
0.601482
0.539608
0.0715183
0.0609007
0.493811
0.037845
0.258104
0.604187
0.509988
0.331049
0.06929
0.511667
0.186892
0.772055
0.81115
0.148807
0.904105
0.994533
0.180598
0.382647
0.182307
0.21457
0.453437
0.95652
0.91637
0.756576
0.581255
0.577574
0.172594
0.24682
0.385392
0.840293
0.797603
0.867182
0.623242
0.850542
0.279513
0.190328
0.619029
0.873463
0.572146
0.0407181
0.696965
0.135541
0.160947
0.565056
0.0967609
0.853585
0.954313
0.178784
0.126248
0.084518
0.784492
0.615997
0.718396
0.689322
0.775004
0.188873
0.484181
0.838213
0.672355
0.20596
0.931046
0.464103
0.763142
0.859079
0.360523
0.966084
0.23666
0.725253
0.648006
0.498627
0.0598178
0.208108
0.691434
0.236301
0.576166
0.0342008
0.811477
0.115149
0.313697
0.501328
0.279906
0.413837
0.794914
0.132147
0.900344
0.999858
0.614478
0.207569
0.0903159
0.63435
0.530214
0.236849
0.108048
0.0655117
0.866866
0.567891
0.293116
0.0636251
0.941885
0.260901
0.776908
0.534828
0.490763
0.15649
0.865758
0.526951
0.916579
0.28704
0.974105
0.596038
0.554032
0.835429
0.823517
0.579951
0.680497
0.571957
0.83082
0.42532
0.60245
0.838848
0.85896
0.0919581
0.390746
0.848429
0.439902
0.626722
0.547117
0.368786
0.311393
0.825151
0.590031
0.248359
0.718733
0.208527
0.00283465
0.0437489
0.967676
0.717282
0.661362
0.0345154
0.692789
0.095879
0.441635
0.812629
0.21341
0.612928
0.608864
0.506524
0.14174
0.872849
0.433868
0.530578
0.50853
0.0378059
0.617765
0.936874
0.473747
0.952969
0.0949492
0.289892
0.0539617
0.272805
0.911084
0.19546
0.0549442
0.695634
0.639076
0.808005
0.846055
0.459004
0.422477
0.836383
0.01993
0.11663
0.661913
0.696098
0.0830775
0.752041
0.744171
0.848509
0.825403
0.784393
0.432472
0.265892
0.0931529
0.643812
0.685863
0.0114858
0.482928
0.249481
0.0700888
0.678617
0.595592
0.481598
0.594913
0.851657
0.518124
0.923083
0.015628
0.699165
0.187639
0.939315
0.340113
0.557572
0.252415
0.701266
0.676727
0.089921
0.466251
0.732697
0.550765
0.892487
0.989794
0.825
0.535109
0.76272
0.149583
0.219826
0.329766
0.13152
0.114887
0.471886
0.349698
0.203905
0.955452
0.690549
0.223829
0.353836
0.969942
0.393846
0.37245
0.396418
0.824119
0.1229
0.735947
0.0354812
0.677166
0.545902
0.71456
0.484328
0.340301
0.9718
0.10464
0.816219
0.80921
0.0945488
0.158859
0.759241
0.914421
0.154857
0.451498
0.553954
0.984364
0.45005
0.809954
0.194439
0.425668
0.812271
0.712954
0.333068
0.0744309
0.0353765
0.0068501
0.711661
0.609517
0.642379
0.0242172
0.958217
0.761994
0.38535
0.893507
0.636858
0.489946
0.651551
0.412715
0.64288
0.670194
0.86292
0.950972
0.385289
0.611654
0.00672937
0.785358
0.092189
0.211908
0.785355
0.640444
0.312765
0.72018
0.340992
0.2584
0.982296
0.666582
0.0715046
0.0898351
0.878872
0.867873
0.33718
0.880607
0.953763
0.791767
0.652117
0.477074
0.789461
0.691271
0.701692
0.739918
0.664212
0.512783
0.828597
0.421622
0.619687
0.810504
0.740182
0.32071
0.185693
0.907705
0.521416
0.291368
0.565369
0.943927
0.659007
0.793263
0.0849591
0.816245
0.917756
0.865263
0.429413
0.411255
0.440863
0.66894
0.89009
0.949898
0.408836
0.262784
0.721536
0.216063
0.680173
0.944091
0.32462
0.367071
0.900713
0.459471
0.833521
0.853588
0.113405
0.482591
0.680579
0.600714
0.58823
0.0535545
0.648686
0.38233
0.741579
0.951431
0.00455845
0.587345
0.100118
0.231818
0.65327
0.128072
0.416868
0.125691
0.386204
0.845132
0.554144
0.103604
0.638911
0.656457
0.552277
0.818698
0.566201
0.0850731
0.504533
0.730044
0.41935
0.355392
0.213014
0.0701194
0.321117
0.61312
0.0197708
0.271294
0.631039
0.111101
0.260269
0.539203
0.635155
0.492415
0.197234
0.707787
0.64624
0.141711
0.442711
0.302308
0.534132
0.483658
0.301983
0.562182
0.898754
0.069891
0.36816
0.443352
0.634714
0.267921
0.410369
0.956917
0.506357
0.771063
0.137458
0.952729
0.952195
0.380094
0.945015
0.187977
0.97053
0.42635
0.084705
0.514715
0.312811
0.642432
0.806049
0.778663
0.94304
0.539475
0.542612
0.765343
0.831843
0.686525
0.934353
0.697891
0.57043
0.444383
0.838849
0.542152
0.34649
0.388353
0.0859358
0.0857232
0.761436
0.0354982
0.828868
0.524205
0.432704
0.714874
0.352405
0.424552
0.868856
0.0950217
0.182791
0.475191
0.687959
0.591973
0.530875
0.627545
0.736368
0.671838
0.368561
0.0544044
0.327109
0.952378
0.827494
0.986693
0.832284
0.484111
0.810662
0.849833
0.816272
0.108527
0.572149
0.330961
0.276213
0.272767
0.0533449
0.914541
0.25987
0.019147
0.627757
0.0907875
0.96107
0.425626
0.919353
0.651992
0.558722
0.879683
0.99591
0.248364
0.681894
0.0220167
0.629823
0.397912
0.9723
0.765499
0.751505
0.373814
0.204375
0.715306
0.638078
0.485729
0.645998
0.793143
0.882351
0.105624
0.54001
0.575828
0.52968
0.959602
0.904517
0.438753
0.865596
0.529359
0.341276
0.159295
0.753219
0.413492
0.665162
0.264051
0.881184
0.941912
0.289192
0.645848
0.170883
0.68667
0.190121
0.349165
0.443407
0.459224
0.617133
0.912468
0.455029
0.335544
0.574523
0.217879
0.924982
0.833639
0.498741
0.856568
0.206518
0.928604
0.857275
0.9647
0.953938
0.692735
0.92426
0.181148
0.33274
0.275753
0.444463
0.654504
0.981949
0.194688
0.898604
0.181982
0.697819
0.705252
0.650286
0.864318
0.453638
0.81594
0.31597
0.84488
0.344649
0.440947
0.588272
0.473136
0.949686
0.64512
0.699754
0.766153
0.687953
0.00940076
0.385718
0.479483
0.4325
0.152884
0.143063
0.0519677
0.989747
0.42102
0.747064
0.737808
0.291502
0.940558
0.244047
0.432388
0.153125
0.621196
0.257123
0.0535464
0.265987
0.441137
0.60181
0.343446
0.407443
0.396964
0.492834
0.0630986
0.516853
0.954425
0.522599
0.685686
0.807566
0.551593
0.00244026
0.748731
0.12436
0.743791
0.982492
0.360189
0.631951
0.72403
0.513716
0.299786
0.107447
0.205223
0.601759
0.513173
0.738962
0.732017
0.348125
0.330378
0.690966
0.340069
0.407574
0.687834
0.727905
0.757195
0.9455
0.200111
0.9906
0.921043
0.495741
0.787185
0.350895
0.0674381
0.64408
0.358152
0.541042
0.836788
0.348559
0.894204
0.0337651
0.286128
0.413487
0.242348
0.161394
0.133501
0.524971
0.57571
0.588849
0.470025
0.103436
0.313891
0.532616
0.242806
0.710591
0.313936
0.239566
0.446839
0.948723
0.294358
0.555193
0.793273
0.699212
0.164865
0.92635
0.990583
0.561265
0.595795
0.0610441
0.248695
0.773871
0.634973
0.525586
0.4772
0.442695
0.295828
0.772099
0.399425
0.164534
0.098085
0.0877982
0.66496
0.166268
0.808628
0.528761
0.453781
0.780948
0.841639
0.488486
0.183528
0.804533
0.638865
0.754895
0.134731
0.253193
0.0367418
0.984559
0.1926
0.919509
0.279632
0.881806
0.782775
0.458946
0.568955
0.0814921
0.485413
0.48479
0.426644
0.0220373
0.999148
0.175468
0.746846
0.840874
0.0644413
0.474265
0.229834
0.564683
0.834154
0.265785
0.422909
0.295176
0.905981
0.529874
0.289805
0.55727
0.933663
0.892541
0.0165422
0.986152
0.257343
0.111038
0.530439
0.745112
0.402502
0.649474
0.321346
0.805396
0.374777
0.831161
0.940259
0.957414
0.426666
0.209457
0.809077
0.290203
0.112225
0.301803
0.473994
0.16025
0.916982
0.109518
0.410185
0.314968
0.210463
0.732893
0.142125
0.939904
0.595071
0.62725
0.455926
0.717986
0.513114
0.777556
0.490003
0.435928
0.0381384
0.349514
0.609631
0.815622
0.650507
0.662888
0.279461
0.811617
0.232346
0.993279
0.194774
0.980415
0.984276
0.513217
0.234696
0.230473
0.155207
0.310002
0.345089
0.49681
0.795062
0.950153
0.200481
0.00058065
0.815653
0.48885
0.857025
0.757807
0.822636
0.543951
0.984629
0.0546827
0.0261294
0.370621
0.517449
0.527927
0.332211
0.493434
0.517957
0.252101
0.964278
0.993173
0.00954206
0.472519
0.882652
0.0269796
0.763798
0.119503
0.302453
0.51064
0.267448
0.440508
0.911776
0.444794
0.04548
0.590884
0.341551
0.362739
0.355292
0.0873441
0.13085
0.462933
0.133972
0.0629821
0.181306
0.716926
0.588773
0.336961
0.534876
0.572263
0.549274
0.650713
0.492426
0.665145
0.697596
0.906225
0.587199
0.49081
0.0779096
0.908062
0.926637
0.428414
0.344624
0.652403
0.826413
0.465626
0.495247
0.473241
0.608921
0.906465
0.27266
0.85385
0.770512
0.170614
0.90517
0.102761
0.501903
0.306136
0.742393
0.696159
0.557683
0.249412
0.970975
0.377458
0.715603
0.291209
0.755082
0.210695
0.265065
0.167718
0.610185
0.994322
0.056395
0.11787
0.821165
0.699482
0.286301
0.967157
0.462293
0.00140531
0.267303
0.553932
0.74102
0.280069
0.525614
0.753026
0.612297
0.588876
0.507389
0.026484
0.00672541
0.596072
0.480617
0.300983
0.664192
0.117692
0.651251
0.40157
0.0137065
0.963735
0.538016
0.0329944
0.307434
0.948204
0.960312
0.0710242
0.288758
0.261932
0.995818
0.790571
0.00570301
0.324374
0.585815
0.605549
0.396004
0.722654
0.452608
0.323572
0.361127
0.0751303
0.209106
0.129613
0.0749241
0.441144
0.268904
0.215587
0.0684613
0.212767
0.908037
0.78274
0.494678
0.899428
0.807574
0.0821278
0.172538
0.639135
0.058977
0.153224
0.276505
0.0841247
0.0997241
0.305624
0.578631
0.113744
0.742151
0.404318
0.141087
0.879006
0.459448
0.311418
0.439207
0.39374
0.713727
0.959394
0.680308
0.324911
0.385254
0.441716
0.151882
0.024098
0.541263
0.0715915
0.832965
0.0641962
0.837965
0.849668
0.252184
0.637224
0.969839
0.374931
0.161504
0.82405
0.674315
0.513497
0.47111
0.814505
0.994397
0.597858
0.981996
0.14257
0.642442
0.460821
0.651249
0.568238
0.459521
0.0166857
0.792102
0.703652
0.909912
0.596058
0.0765796
0.320682
0.291081
0.935355
0.271861
0.621307
0.596872
0.139022
0.0699057
0.887886
0.684883
0.499449
0.399742
0.801171
0.226382
0.610572
0.44818
0.419271
0.735658
0.486366
0.931439
0.106549
0.380921
0.541396
0.599826
0.499815
0.0854356
0.360031
0.631487
0.468469
0.168535
0.632746
0.559487
0.690042
0.20353
0.837543
0.227867
0.303817
0.354016
0.963189
0.504446
0.659904
0.881113
0.486593
0.0773113
0.642733
0.199989
0.0131567
0.583314
0.765949
0.431495
0.456514
0.984133
0.21607
0.189713
0.769321
0.91139
0.427093
0.932984
0.342289
0.507968
0.415808
0.867866
0.973548
0.928434
0.97262
0.634382
0.389824
0.425885
0.515948
0.0375307
0.696433
0.11342
0.766922
0.363856
0.772285
0.781923
0.828498
0.491058
0.843135
0.287173
0.358843
0.440175
0.50129
0.162163
0.568781
0.329435
0.939473
0.407593
0.159346
0.180955
0.683207
0.476047
0.116415
0.739231
0.598989
0.873551
0.719595
0.635794
0.289821
0.60472
0.0829072
0.848166
0.436893
0.902304
0.062381
0.642866
0.384098
0.794745
0.13392
0.969771
0.874565
0.531663
0.7132
0.715741
0.825767
0.630636
0.863885
0.174596
0.268514
0.221929
0.08315
0.612925
0.877927
0.812218
0.182733
0.689846
0.10042
0.893987
0.674152
0.725785
0.844861
0.792901
0.649139
0.131296
0.580129
0.538723
0.207889
0.641251
0.892731
0.602545
0.971764
0.0107807
0.941211
0.269308
0.223191
0.393883
0.538818
0.88366
0.499616
0.339513
0.9489
0.861684
0.942473
0.0175936
0.941434
0.312264
0.934734
0.461931
0.69301
0.439938
0.276176
0.0405144
0.0816496
0.154809
0.725017
0.506737
0.603609
0.0120613
0.715032
0.537208
0.199425
0.730151
0.63215
0.0312356
0.805011
0.0479344
0.553327
0.260628
0.430762
0.000626356
0.819148
0.562039
0.41384
0.215196
0.392205
0.221919
0.488937
0.408875
0.464187
0.799647
0.189692
0.749986
0.190393
0.869378
0.441892
0.407124
0.381976
0.256386
0.06213
0.738382
0.260618
0.738574
0.159313
0.893222
0.421049
0.0366182
0.485485
0.820671
0.553316
0.103844
0.836953
0.972814
0.504941
0.345102
0.313183
0.504436
0.32512
0.757078
0.152192
0.109575
0.0973679
0.123837
0.936034
0.383757
0.857944
0.572918
0.0638462
0.805574
0.596078
0.969668
0.794176
0.110659
0.275365
0.990182
0.0407109
0.471332
0.697204
0.174395
0.0500783
0.951255
0.696359
0.94755
0.587303
0.100295
0.121532
0.35606
0.20025
0.18289
0.972283
0.15723
0.331757
0.75496
0.256205
0.71458
0.706053
0.449883
0.0713937
0.883538
0.649818
0.702008
0.240012
0.446791
0.339221
0.494319
0.806019
0.614037
0.820346
0.301363
0.807496
0.295477
0.865442
0.414658
0.0408761
0.169047
0.0417419
0.459166
0.806752
0.583866
0.929598
0.778765
0.776886
0.891097
0.285191
0.597252
0.717858
0.401564
0.558966
0.529282
0.573187
0.589044
0.919588
0.671777
0.723542
0.859821
0.565956
0.668101
0.650913
0.882302
0.314517
0.791217
0.920747
0.523497
0.309656
0.19302
0.715679
0.498851
0.21162
0.439077
0.111392
0.254045
0.765725
0.683501
0.04153
0.926359
0.551187
0.199164
0.272742
0.762264
0.656879
0.293753
0.677529
0.59898
0.649783
0.21142
0.282386
0.171565
0.511469
0.710225
0.768969
0.523097
0.146202
0.353836
0.759954
0.831897
0.945381
0.866897
0.928576
0.903453
0.96704
0.351086
0.987299
0.501485
0.202709
0.885594
0.348936
0.926852
0.709641
0.653075
0.780983
0.827937
0.0434072
0.819874
0.915716
0.393793
0.299177
0.00667828
0.915528
0.812268
0.43135
0.329875
0.962122
0.359108
0.548094
0.161534
0.23297
0.628826
0.153957
0.401821
0.498414
0.350873
0.330135
0.105819
0.923909
0.801042
0.494788
0.649737
0.756103
0.0825919
0.477662
0.62052
0.627313
0.297427
0.383246
0.598223
0.704892
0.856801
0.219939
0.770807
0.970975
0.614125
0.0607406
0.643989
0.831204
0.0790097
0.00157774
0.220647
0.961613
0.349852
0.230432
0.13017
0.91056
0.459045
0.854278
0.961944
0.233224
0.155952
0.897879
0.141268
0.761892
0.5726
0.141516
0.191998
0.574402
0.258785
0.662666
0.237903
0.0402522
0.488973
0.454807
0.653207
0.379952
0.0035967
0.0863171
0.399373
0.00524182
0.141706
0.711647
0.766484
0.709224
0.0584915
0.939533
0.928359
0.895823
0.0270006
0.0892279
0.344956
0.483222
0.0440624
0.622024
0.995938
0.0480598
0.660546
0.32451
0.567076
0.0146302
0.4187
0.850951
0.866388
0.21068
0.00652943
0.120211
0.218369
0.539526
0.45155
0.829215
0.640115
0.644211
0.813372
0.917754
0.978607
0.706649
0.0545418
0.532572
0.589333
0.532804
0.448873
0.132223
0.736282
0.0797036
0.121869
0.49479
0.83498
0.993721
0.423202
0.0908164
0.554828
0.620293
0.839741
0.522777
0.22467
0.53782
0.321345
0.375325
0.99513
0.843678
0.1812
0.138886
0.820318
0.215216
0.33732
0.0406019
0.0164085
0.876669
0.490234
0.225291
0.390377
0.873693
0.0107092
0.264998
0.632682
0.996578
0.686373
0.335591
0.725503
0.963253
0.111714
0.385224
0.894565
0.392248
0.185415
0.441521
0.457734
0.138591
0.904171
0.977063
0.596237
0.862803
0.133873
0.497899
0.362145
0.542115
0.23667
0.664868
0.375009
0.956863
0.994192
0.136641
0.856241
0.0935001
0.0700992
0.676751
0.575986
0.654588
0.894743
0.0409567
0.586191
0.367631
0.145673
0.808841
0.396894
0.106996
0.473036
0.103516
0.600329
0.711136
0.530669
0.421003
0.408229
0.171653
0.192577
0.337672
0.659177
0.128575
0.749836
0.357872
0.561465
0.52091
0.303214
0.688507
0.717572
0.162724
0.118612
0.273037
0.253119
0.948468
0.741795
0.380737
0.538313
0.499215
0.740016
0.730723
0.905078
0.162201
0.334403
0.243234
0.758064
0.344209
0.410256
0.668263
0.851634
0.825721
0.663384
0.565146
0.525082
0.754573
0.398826
0.324174
0.0912919
0.898324
0.901852
0.466356
0.0646665
0.0434549
0.727049
0.570608
0.666458
0.422543
0.795284
0.505242
0.202054
0.139956
0.164723
0.735446
0.0767162
0.82065
0.784298
0.299417
0.983809
0.35
0.697757
0.458299
0.211467
0.48605
0.0146293
0.300394
0.0875936
0.346325
0.690351
0.89612
0.805296
0.992636
0.669816
0.540842
0.696524
0.408923
0.373507
0.678186
0.374491
0.594766
0.689004
0.16332
0.938149
0.943055
0.637341
0.406618
0.985734
0.852646
0.496788
0.842133
0.849413
0.120397
0.387884
0.207651
0.0380562
0.192494
0.873921
0.825169
0.127811
0.119663
0.949748
0.860312
0.506721
0.998005
0.537186
0.250328
0.665225
0.886475
0.154255
0.363175
0.802789
0.42919
0.373704
0.631374
0.0348342
0.58805
0.848309
0.446317
0.544683
0.576839
0.589348
0.960784
0.712734
0.00668556
0.592512
0.494623
0.118165
0.785407
0.282958
0.742388
0.8648
0.996838
0.287718
0.620029
0.918706
0.0142664
0.147439
0.44436
0.0156132
0.823994
0.377423
0.204309
0.625297
0.956875
0.125819
0.353317
0.840114
0.709345
0.1191
0.130482
0.747356
0.2995
0.914787
0.613039
0.679977
0.222687
0.200776
0.129901
0.0164418
0.975771
0.21017
0.346556
0.18552
0.296774
0.699871
0.193573
0.962056
0.560427
0.528279
0.188075
0.720294
0.579757
0.0395035
0.830238
0.215928
0.0452439
0.314009
0.29146
0.839331
0.598176
0.193178
0.100228
0.731718
0.152226
0.860998
0.934711
0.263349
0.771333
0.921979
0.813106
0.18717
0.0637666
0.321159
0.205125
0.320047
0.698745
0.299092
0.0485633
0.353326
0.986586
0.770298
0.927542
0.809945
0.335728
0.184666
0.244053
0.17048
0.315861
0.923509
0.988343
0.678059
0.678012
0.659764
0.48911
0.66314
0.328085
0.658506
0.510571
0.734028
0.394674
0.711314
0.37529
0.656341
0.305775
0.00696256
0.950789
0.962125
0.4795
0.680709
0.772162
0.52322
0.7843
0.713426
0.116043
0.698936
0.434285
0.146883
0.233748
0.898856
0.21066
0.8383
0.339501
0.1303
0.753398
0.0104165
0.386312
0.437956
0.716199
0.195845
0.606095
0.170438
0.547335
0.578393
0.607362
0.27403
0.929821
0.670122
0.284724
0.835019
0.0238224
0.420481
0.577237
0.855292
0.795388
0.641218
0.301299
0.706269
0.238394
0.674869
0.868618
0.287602
0.2066
0.881082
0.0771672
0.0120015
0.0322286
0.328421
0.635788
0.207326
0.934765
0.342734
0.360158
0.201842
0.393399
0.778595
0.67446
0.537091
0.799451
0.26857
0.190755
0.702688
0.608526
0.705397
0.644467
0.244976
0.319163
0.982932
0.673617
0.77182
0.515211
0.939832
0.0815933
0.432757
0.178769
0.611068
0.964913
0.0398767
0.921469
0.610998
0.971326
0.721412
0.762511
0.781072
0.938652
0.447246
0.826732
0.387222
0.116255
0.982162
0.726049
0.117326
0.360469
0.826262
0.459887
0.0972881
0.300378
0.978913
0.118115
0.0234337
0.0749933
0.367904
0.343129
0.426036
0.337518
0.443014
0.911915
0.879585
0.703227
0.635548
0.596303
0.724316
0.487559
0.49387
0.96859
0.343744
0.649057
0.649616
0.514747
0.256472
0.433189
0.148984
0.429597
0.948004
0.829264
0.865841
0.0845204
0.429245
0.0313224
0.934599
0.322021
0.620908
0.469138
0.606145
0.542255
0.704181
0.387358
0.313192
0.76042
0.143491
0.546034
0.674994
0.342726
0.991325
0.446913
0.786653
0.540916
0.861241
0.0159332
0.505405
0.965601
0.355217
0.258664
0.114029
0.147858
0.226136
0.823327
0.2276
0.873684
0.834862
0.333394
0.100343
0.230499
0.932383
0.872449
0.539659
0.628331
0.0875888
0.10835
0.868027
0.456715
0.536403
0.628144
0.183315
0.673572
0.412399
0.422486
0.415121
0.312931
0.516088
0.817367
0.189394
0.618835
0.491605
0.117151
0.594445
0.894012
0.726307
0.817564
0.856208
0.981029
0.910278
0.398277
0.415542
0.0139928
0.147069
0.745918
0.660558
0.290089
0.171206
0.430091
0.776268
0.0681212
0.697733
0.00364803
0.974809
0.217977
0.518784
0.776872
0.373474
0.988815
0.705092
0.0823398
0.57485
0.959446
0.418459
0.76825
0.622308
0.362722
0.3651
0.804457
0.472561
0.473779
0.00904203
0.635039
0.931256
0.313202
0.227506
0.847971
0.592752
0.390046
0.253416
0.346559
0.635088
0.102141
0.35955
0.395242
0.238355
0.384287
0.858874
0.476919
0.280486
0.567128
0.409394
0.0490458
0.148986
0.655402
0.321506
0.136684
0.789196
0.484635
0.291857
0.77386
0.256826
0.757359
0.669785
0.0278562
0.291115
0.736945
0.65853
0.548256
0.98008
0.488731
0.640669
0.0140744
0.12481
0.760179
0.691237
0.654496
0.0681206
0.796393
0.117283
0.244422
0.645563
0.162894
0.0723398
0.0841397
0.623745
0.718588
0.690403
0.828222
0.0610628
0.629327
0.237249
0.403734
0.976798
0.273447
0.176705
0.329678
0.532515
0.258458
0.204042
0.602358
0.569737
0.89236
0.834918
0.935202
0.233945
0.339702
0.401974
0.933057
0.939571
0.50351
0.866744
0.0427606
0.955104
0.228124
0.985162
0.562926
0.24189
0.689199
0.572587
0.231556
0.163435
0.456682
0.119661
0.961823
0.561568
0.471476
0.252867
0.0918305
0.208152
0.510136
0.671603
0.387456
0.491027
0.223936
0.603872
0.228584
0.554537
0.78484
0.601025
0.564791
0.130796
0.963397
0.952807
0.899467
0.579179
0.170767
0.18047
0.710483
0.778406
0.843558
0.209928
0.206099
0.536916
0.416708
0.909388
0.418258
0.120508
0.0535651
0.886313
0.529553
0.827844
0.976709
0.684826
0.59892
0.729421
0.517793
0.934056
0.984716
0.647826
0.385418
0.415845
0.65886
0.0891465
0.799001
0.511359
0.0647332
0.49852
0.372111
0.833562
0.403727
0.237217
0.425382
0.0582037
0.355731
0.863004
0.897792
0.750648
0.769111
0.407562
0.492892
0.288984
0.22348
0.620685
0.0868556
0.463594
0.407839
0.795929
0.837583
0.866695
0.707658
0.480227
0.624432
0.367993
0.403738
0.743188
0.328557
0.618957
0.505861
0.851821
0.602613
0.171538
0.934415
0.243216
0.900484
0.189381
0.888479
0.160222
0.0233906
0.341398
0.570873
0.730858
0.825501
0.988459
0.657049
0.6175
0.203253
0.612083
0.0794927
0.591788
0.417685
0.216395
0.842682
0.929607
0.173959
0.50686
0.0821662
0.759961
0.869109
0.575963
0.737642
0.303356
0.836167
0.890233
0.733078
0.129607
0.234902
0.0767078
0.0621336
0.450561
0.0971625
0.570973
0.685882
0.307619
0.715553
0.0525004
0.589859
0.0536169
0.511067
0.9146
0.0527589
0.468456
0.328069
0.172651
0.389862
0.361895
0.0395041
0.301209
0.797044
0.74756
0.813477
0.822504
0.988678
0.230901
0.462817
0.0789611
0.0538976
0.720556
0.196485
0.762626
0.215805
0.996236
0.696532
0.41553
0.238681
0.0644033
0.794005
0.446416
0.266958
0.0919481
0.804878
0.139231
0.480455
0.482924
0.662586
0.784156
0.603592
0.277984
0.852787
0.288532
0.908255
0.403016
0.480662
0.487238
0.703641
0.733981
0.899898
0.653073
0.620523
0.809158
0.679894
0.409489
0.387414
0.106753
0.414695
0.0913085
0.783313
0.882646
0.270736
0.523232
0.464066
0.86639
0.174044
0.849306
0.230622
0.848337
0.2507
0.32593
0.778053
0.0309625
0.312966
0.48221
0.180438
0.605506
0.739683
0.568933
0.38147
0.462415
0.601616
0.294321
0.232818
0.330719
0.0550602
0.233093
0.517126
0.516289
0.251061
0.465702
0.681559
0.289513
0.820101
0.646681
0.368745
0.845527
0.586506
0.222672
0.348742
0.579932
0.892654
0.549258
0.118611
0.613646
0.776296
0.536495
0.641684
0.454855
0.406859
0.750856
0.749501
0.265185
0.467076
0.899044
0.334549
0.231342
0.539068
0.819024
0.236715
0.331388
0.650132
0.726144
0.69211
0.594076
0.739934
0.946995
0.297501
0.516659
0.371018
0.878781
0.980898
0.336283
0.118078
0.814442
0.69915
0.516429
0.994229
0.669299
0.153185
0.255373
0.416521
0.847985
0.27354
0.659614
0.646733
0.534158
0.542011
0.0318369
0.59148
0.821817
0.24487
0.54896
0.188819
0.3068
0.770675
0.468789
0.383976
0.209523
0.248818
0.390128
0.597832
0.713591
0.757864
0.45586
0.468035
0.106367
0.505349
0.655446
0.999951
0.342796
0.689805
0.444985
0.765163
0.88702
0.00387249
0.12085
0.747287
0.900964
0.13359
0.0869305
0.333101
0.0469236
0.268438
0.144605
0.912198
0.0730815
0.0810292
0.976286
0.86775
0.89615
0.292141
0.323967
0.357809
0.742275
0.640139
0.188907
0.300497
0.932871
0.563893
0.371044
0.143351
0.701839
0.331601
0.469685
0.229039
0.819215
0.757205
0.191677
0.43502
0.306767
0.500267
0.5398
0.988176
0.915495
0.609604
0.731242
0.3177
0.763967
0.217
0.0414876
0.0478705
0.299532
0.792787
0.16886
0.939969
0.949752
0.223917
0.124621
0.119265
0.105943
0.15762
0.496573
0.274434
0.77019
0.966277
0.603299
0.855185
0.866017
0.634553
0.412622
0.437563
0.144306
0.55705
0.971913
0.350028
0.311979
0.279007
0.78805
0.987743
0.692134
0.635388
0.369019
0.774787
0.83015
0.472798
0.733412
0.907478
0.149018
0.507992
0.813651
0.426327
0.405716
0.126612
0.49748
0.0751705
0.404555
0.702571
0.71256
0.225886
0.497526
0.875059
0.0723864
0.944101
0.878997
0.115355
0.748181
0.270132
0.814525
0.714799
0.459723
0.870794
0.701907
0.299828
0.805944
0.41897
0.436163
0.307732
0.0697285
0.0720796
0.847299
0.121603
0.585911
0.0976494
0.127288
0.255213
0.680726
0.539778
0.00644216
0.994587
0.967498
0.496579
0.0437584
0.0457513
0.778583
0.404026
0.543991
0.216316
0.0574237
0.170629
0.308207
0.0876343
0.926041
0.210879
0.385019
0.535585
0.149808
0.670535
0.156088
0.259388
0.0793192
0.366956
0.120013
0.0132175
0.5637
0.28241
0.510341
0.744994
0.474503
0.60345
0.991826
0.47706
0.497138
0.207196
0.938727
0.567241
0.848792
0.72401
0.743044
0.425035
0.648153
0.580274
0.981056
0.191601
0.341749
0.125522
0.55418
0.0952904
0.401993
0.612296
0.804283
0.844472
0.4393
0.618027
0.492546
0.600246
0.870138
0.825663
0.0515892
0.773652
0.778281
0.919512
0.0186223
0.511561
0.990514
0.866935
0.597333
0.575355
0.521922
0.863531
0.161192
0.0857737
0.259658
0.693824
0.702903
0.921088
0.346748
0.832125
0.974462
0.435613
0.466393
0.0662681
0.789244
0.539198
0.848918
0.213692
0.829837
0.379704
0.0329129
0.214449
0.700021
0.139846
0.383145
0.78502
0.971984
0.443635
0.242997
0.312482
0.925072
0.118703
0.98989
0.828829
0.583252
0.538074
0.748415
0.954863
0.787037
0.333592
0.146603
0.522784
0.352496
0.204869
0.29339
0.213596
0.0647199
0.0198266
0.596381
0.673007
0.23378
0.999802
0.58334
0.0473345
0.93497
0.993969
0.462468
0.214798
0.707401
0.570882
0.64793
0.839663
0.46055
0.692193
0.249608
0.0653029
0.420124
0.293824
0.909799
0.662062
0.134678
0.298456
0.163358
0.887544
0.583484
0.941573
0.46915
0.48793
0.213631
0.239146
0.446008
0.112294
0.948436
0.792482
0.850736
0.0273972
0.726988
0.654863
0.132876
0.163912
0.551613
0.821974
0.63358
0.108528
0.150812
0.106471
0.77529
0.248338
0.742909
0.175259
0.995114
0.598882
0.762258
0.731556
0.256671
0.286091
0.256016
0.983916
0.250232
0.742233
0.664808
0.338882
0.845684
0.610196
0.273055
0.766882
0.952104
0.478641
0.381535
0.512463
0.0855401
0.898577
0.561346
0.146606
0.0454022
0.821889
0.759486
0.693307
0.0110622
0.47258
0.824844
0.413897
0.923936
0.686709
0.711515
0.415912
0.515251
0.567883
0.414708
0.590194
0.0435058
0.689028
0.0425404
0.398054
0.454634
0.471164
0.482919
0.0637439
0.97713
0.385852
0.265479
0.0163891
0.287774
0.515508
0.539842
0.616388
0.473613
0.177275
0.907738
0.846914
0.683892
0.839643
0.191042
0.710417
0.191764
0.66143
0.342402
0.408249
0.618618
0.540715
0.580646
0.270166
0.331384
0.614079
0.648935
0.0172594
0.991503
0.387385
0.757987
0.87076
0.368493
0.957894
0.416415
0.750467
0.754946
0.609704
0.811222
0.236674
0.526082
0.0923436
0.748036
0.901208
0.936828
0.444253
0.176049
0.255469
0.472988
0.773444
0.0088097
0.0314823
0.76917
0.0877207
0.0296475
0.327348
0.0423652
0.363519
0.0790926
0.738907
0.402756
0.499144
0.119361
0.798854
0.49749
0.71444
0.0347836
0.59319
0.392702
0.0906733
0.752643
0.46933
0.0465285
0.203715
0.270732
0.343005
0.282552
0.758828
0.989214
0.711429
0.919169
0.511112
0.117093
0.453157
0.19456
0.932821
0.328333
0.612252
0.366895
0.604402
0.96909
0.303377
0.351384
0.353626
0.373557
0.719397
0.434967
0.0961373
0.858818
0.964117
0.909503
0.147092
0.0842843
0.466433
0.278038
0.639254
0.243453
0.361152
0.377244
0.416505
0.287869
0.15508
0.152626
0.347645
0.567421
0.849808
0.220394
0.054598
0.12801
0.486559
0.0185297
0.358706
0.876781
0.741124
0.0259252
0.762153
0.0645954
0.0623678
0.91757
0.598215
0.422288
0.156212
0.799474
0.359903
0.91713
0.0149166
0.971887
0.563782
0.783308
0.731596
0.61476
0.392588
0.258323
0.981244
0.955346
0.511428
0.577935
0.157269
0.913232
0.748614
0.216368
0.998225
0.940424
0.81076
0.295407
0.300718
0.269798
0.555866
0.4339
0.575447
0.509302
0.42753
0.195072
0.754115
0.395566
0.963852
0.558578
0.192147
0.44168
0.498232
0.561902
0.0383971
0.541118
0.584454
0.204669
0.767342
0.653193
0.779781
0.891716
0.406915
0.293909
0.338166
0.82699
0.26753
0.457121
0.388124
0.800019
0.21282
0.0309492
0.239831
0.388012
0.544048
0.958399
0.683042
0.606526
0.138353
0.993029
0.257459
0.0758531
0.732441
0.5628
0.412239
0.643166
0.230672
0.0893063
0.789874
0.645398
0.0988965
0.195445
0.296163
0.366568
0.64784
0.121163
0.533477
0.206674
0.0840636
0.871661
0.11589
0.326716
0.290097
0.13181
0.545595
0.47411
0.472283
0.749513
0.0597406
0.951677
0.0754936
0.0432009
0.161432
0.617234
0.104516
0.717176
0.590168
0.954002
0.515475
0.634394
0.0837921
0.917839
0.355965
0.929628
0.410804
0.947616
0.454977
0.245581
0.439325
0.440567
0.714647
0.508002
0.244434
0.58469
0.363073
0.35957
0.882175
0.863353
0.224877
0.85121
0.075992
0.180222
0.394225
0.417604
0.925513
0.491097
0.299887
0.683351
0.270575
0.387734
0.586625
0.868959
0.593529
0.290395
0.460522
0.0716746
0.544782
0.0227099
0.0231525
0.533848
0.21111
0.535111
0.922194
0.198748
0.150597
0.601089
0.551921
0.876756
0.685482
0.342028
0.630005
0.658779
0.824339
0.568344
0.747384
0.742359
0.983761
0.00276521
0.332189
0.471878
0.0591168
0.540377
0.189455
0.498828
0.672428
0.5826
0.584765
0.871387
0.0775373
0.160647
0.84708
0.363325
0.359361
0.758803
0.195505
0.218199
0.51231
0.398689
0.374189
0.952132
0.666186
0.310513
0.543076
0.132356
0.24573
0.273339
0.459918
0.802906
0.958283
0.0491774
0.447447
0.106016
0.114887
0.0797153
0.021516
0.75913
0.471936
0.292993
0.820371
0.473218
0.257817
0.232203
0.98729
0.686918
0.702675
0.240767
0.190005
0.660701
0.756649
0.806383
0.688462
0.0119074
0.956016
0.790049
0.371456
0.130359
0.927185
0.771051
0.462781
0.0190451
0.811386
0.471364
0.0452806
0.347744
0.110195
0.747197
0.969206
0.75066
0.912125
0.234793
0.808681
0.472363
0.138068
0.913981
0.921994
0.668281
0.969095
0.827137
0.379414
0.264323
0.781334
0.402474
0.473969
0.0112562
0.152503
0.437331
0.0601191
0.938235
0.422907
0.176127
0.312772
0.990282
0.146181
0.164738
0.31104
0.369088
0.963779
0.992637
0.680342
0.596553
0.0506504
0.679395
0.331827
0.166161
0.532257
0.575065
0.984895
0.887314
0.0459309
0.195257
0.91836
0.679833
0.949663
0.590791
0.446117
0.126151
0.262149
0.566909
0.538244
0.992519
0.0988188
0.445082
0.298307
0.111491
0.655615
0.947199
0.558888
0.368757
0.347464
0.241733
0.472669
0.419282
0.850143
0.00767836
0.864794
0.500812
0.997137
0.54649
0.388929
0.115984
0.878013
0.225686
0.715922
0.184994
0.358883
0.80961
0.507973
0.765511
0.542048
0.181393
0.626747
0.800211
0.50055
0.46217
0.631135
0.25889
0.719946
0.185048
0.285819
0.134097
0.966248
0.796397
0.578302
0.13795
0.344046
0.869121
0.08842
0.713408
0.836942
0.77353
0.835942
0.664455
0.0143804
0.632022
0.720119
0.844173
0.381999
0.87339
0.0376749
0.903657
0.239934
0.00948822
0.40675
0.0534534
0.244853
0.00807892
0.72398
0.546327
0.152655
0.176714
0.936605
0.54835
0.611829
0.367897
0.724115
0.0859144
0.20088
0.848734
0.363337
0.669271
0.131529
0.850787
0.71231
0.297533
0.803415
0.848537
0.413329
0.113259
0.483021
0.44732
0.0117863
0.733084
0.232667
0.551824
0.0489874
0.939536
0.434456
0.611429
0.554135
0.151876
0.0947911
0.294297
0.379695
0.043233
0.989574
0.242809
0.0480592
0.448706
0.686955
0.641805
0.164843
0.894609
0.78795
0.440101
0.870495
0.721417
0.236406
0.175622
0.518649
0.889894
0.305649
0.654682
0.964584
0.637548
0.563165
0.134607
0.104149
0.646203
0.596362
0.283087
0.112978
0.214754
0.0577579
0.88292
0.0940371
0.996825
0.318921
0.0817894
0.351419
0.522276
0.0275111
0.736452
0.478718
0.304482
0.615464
0.0712727
0.996535
0.64077
0.439553
0.183049
0.917197
0.00901711
0.0353906
0.817024
0.783286
0.485455
0.875765
0.971085
0.254165
0.0622734
0.143576
0.133293
0.941441
0.802541
0.114538
0.917894
0.066849
0.0767671
0.707215
0.35115
0.687011
0.791541
0.166305
0.603995
0.157969
0.62608
0.42399
0.325593
0.563479
0.386098
0.814411
0.371037
0.776341
0.183726
0.0351261
0.327146
0.339216
0.243576
0.750022
0.23082
0.524422
0.67358
0.360274
0.8716
0.751404
0.948717
0.239354
0.419697
0.402319
0.528777
0.296993
0.387251
0.283317
0.829254
0.923629
0.397133
0.240527
0.517313
0.145989
0.402189
0.370748
0.111443
0.826769
0.0891441
0.888875
0.391439
0.754101
0.654896
0.954904
0.911065
0.932953
0.116776
0.956921
0.654216
0.91041
0.189625
0.133033
0.760514
0.795764
0.626763
0.641248
0.410473
0.186693
0.093708
0.804553
0.0151794
0.552766
0.155945
0.227864
0.380721
0.981793
0.0671814
0.669446
0.562391
0.443964
0.712959
0.223127
0.705386
0.910359
0.485783
0.707131
0.773792
0.469708
0.950217
0.744373
0.153091
0.86976
0.0266106
0.348053
0.597073
0.173199
0.926088
0.791629
0.770515
0.12481
0.271405
0.946678
0.0755806
0.694887
0.521687
0.32456
0.872681
0.568365
0.985657
0.873598
0.414385
0.220639
0.0786107
0.684008
0.571392
0.94662
0.992402
0.565898
0.978991
0.732687
0.263424
0.825228
0.775811
0.281399
0.717807
0.208961
0.317924
0.571937
0.541641
0.0701611
0.773051
0.977487
0.581329
0.369342
0.443025
0.732383
0.958418
0.638803
0.107945
0.171499
0.436449
0.857335
0.18136
0.0329344
0.175093
0.0849941
0.529995
0.759581
0.238665
0.369346
0.430218
0.34909
0.900215
0.939647
0.261856
0.234625
0.0256538
0.0441756
0.601767
0.93651
0.980597
0.354705
0.767485
0.969539
0.140206
0.963767
0.436499
0.540636
0.482426
0.343828
0.559472
0.90146
0.409732
0.838007
0.694683
0.461114
0.0943951
0.331053
0.383858
0.702668
0.716853
0.634608
0.00261941
0.0269061
0.124287
0.146405
0.357082
0.467311
0.0537885
0.74912
0.335574
0.0375588
0.237374
0.347673
0.303548
0.698922
0.748963
0.456568
0.261832
0.638225
0.899476
0.800289
0.653592
0.952053
0.0874326
0.845243
0.152408
0.820636
0.239452
0.8125
0.810503
0.862218
0.0174762
0.204597
0.0785188
0.27934
0.735361
0.800741
0.88153
0.4917
0.0438555
0.923247
0.0740012
0.70211
0.755487
0.45036
0.0916891
0.924637
0.753986
0.349512
0.83244
0.73557
0.549864
0.639577
0.0604646
0.863142
0.706445
0.775938
0.738848
0.841656
0.789901
0.00979823
0.420358
0.607101
0.631947
0.730733
0.403312
0.0476753
0.193148
0.993134
0.992549
0.243636
0.0551346
0.0930053
0.56911
0.192307
0.147213
0.348204
0.908777
0.128064
0.54121
0.195213
0.410376
0.682019
0.561285
0.808065
0.67986
0.806592
0.804669
0.0351893
0.81445
0.996968
0.425655
0.309291
0.260108
0.411782
0.888067
0.991608
0.261674
0.222576
0.749122
0.449024
0.643229
0.255231
0.526979
0.0207305
0.370408
0.732565
0.671072
0.306997
0.449111
0.847746
0.663002
0.208766
0.0676925
0.811362
0.609514
0.5723
0.32225
0.895664
0.849851
0.763158
0.675992
0.478384
0.308286
0.0298754
0.761373
0.952811
0.018322
0.0475879
0.974082
0.0638258
0.586111
0.889472
0.236151
0.350973
0.72407
0.0994873
0.495193
0.185173
0.467113
0.180021
0.120746
0.787603
0.59787
0.21532
0.968124
0.685794
0.186902
0.485129
0.0852156
0.517835
0.251243
0.64788
0.887086
0.821553
0.320223
0.660613
0.13468
0.478762
0.360996
0.231353
0.713648
0.518503
0.965689
0.852749
0.472447
0.867269
0.0644736
0.833841
0.169221
0.874326
0.550021
0.126127
0.787134
0.698582
0.142981
0.933579
0.469073
0.238306
0.378681
0.312758
0.425157
0.69106
0.754075
0.324004
0.178995
0.179212
0.561758
0.309277
0.208766
0.453605
0.694095
0.974373
0.643266
0.437596
0.383399
0.976872
0.39617
0.395424
0.330526
0.406571
0.637674
0.558603
0.560029
0.0387551
0.454073
0.0337503
0.439487
0.595257
0.0439124
0.313521
0.147081
0.922755
0.924327
0.443476
0.216835
0.357474
0.921769
0.242881
0.105874
0.361834
0.715181
0.473513
0.70208
0.469324
0.373068
0.691052
0.731769
0.743071
0.633981
0.0480631
0.762517
0.331316
0.0464494
0.551871
0.27165
0.685882
0.901968
0.376823
0.630671
0.900457
0.0246014
0.60696
0.123264
0.132988
0.75317
0.216533
0.771364
0.816148
0.165679
0.812989
0.010873
0.352871
0.018206
0.457108
0.575417
0.168438
0.738196
0.18127
0.471153
0.680196
0.830148
0.248983
0.035192
0.191163
0.393761
0.99264
0.860213
0.560918
0.263411
0.644128
0.152897
0.308988
0.164612
0.00275308
0.907065
0.521502
0.827978
0.291574
0.365765
0.42635
0.252982
0.0174459
0.590825
0.0469517
0.290089
0.109147
0.742937
0.117797
0.896887
0.755022
0.808381
0.0300626
0.276853
0.0464494
0.117067
0.463174
0.552046
0.261844
0.926219
0.444532
0.546065
0.0600055
0.659382
0.66763
0.0221699
0.309783
0.87455
0.197326
0.663854
0.239844
0.690125
0.315365
0.99998
0.178642
0.94383
0.730917
0.131585
0.657643
0.737012
0.127552
0.748868
0.013821
0.883223
0.873731
0.739815
0.949926
0.0125557
0.428841
0.360195
0.549066
0.277508
0.677418
0.100869
0.905655
0.576774
0.173328
0.163805
0.396267
0.493384
0.532233
0.922993
0.395943
0.485043
0.339869
0.449407
0.328891
0.738085
0.717116
0.637818
0.864425
0.191537
0.778095
0.674064
0.0227201
0.96266
0.718728
0.479228
0.290242
0.386906
0.170489
0.786083
0.567197
0.469232
0.143999
0.0355471
0.0414083
0.29454
0.672323
0.188217
0.722779
0.146011
0.853419
0.658275
0.354708
0.232979
0.000295733
0.193118
0.374313
0.255771
0.0575817
0.909445
0.30913
0.972731
0.26216
0.591618
0.917551
0.642972
0.547203
0.466005
0.103201
0.073955
0.653613
0.159422
0.415536
0.10165
0.967071
0.573436
0.202445
0.987178
0.295221
0.570452
0.273703
0.46065
0.0971326
0.252161
0.491543
0.232412
0.941143
0.265098
0.907147
0.69475
0.46914
0.0091416
0.946644
0.442747
0.062859
0.339228
0.410603
0.0596438
0.32502
0.793342
0.536623
0.466689
0.895148
0.47492
0.591326
0.875729
0.913376
0.357623
0.0679479
0.0692271
0.42801
0.326396
0.887134
0.1501
0.423239
0.0509213
0.506178
0.0548069
0.0372153
0.604773
0.666506
0.728074
0.469455
0.363396
0.937969
0.856095
0.46766
0.37279
0.194732
0.105069
0.971794
0.283584
0.780823
0.790623
0.217687
0.765759
0.149726
0.406562
0.510122
0.700398
0.103691
0.283102
0.0189963
0.497571
0.983206
0.358358
0.790718
0.694153
0.989871
0.3844
0.0658014
0.0906503
0.64757
0.321306
0.724018
0.609614
0.754533
0.888878
0.918306
0.786358
0.245916
0.654079
0.791855
0.290417
0.522534
0.259988
0.589621
0.547379
0.0122208
0.79459
0.872438
0.778015
0.178067
0.419732
0.221692
0.456252
0.690861
0.515052
0.494103
0.139628
0.0160417
0.240793
0.964796
0.144252
0.859218
0.807655
0.604066
0.88854
0.555937
0.300841
0.19666
0.652413
0.0242425
0.797283
0.366159
0.696364
0.922259
0.116733
0.0512357
0.331576
0.42347
0.95465
0.24176
0.770767
0.951557
0.672017
0.373637
0.0308994
0.373064
0.697681
0.660857
0.383445
0.75435
0.584361
0.676752
0.904377
0.730088
0.220921
0.955442
0.58199
0.84114
0.730232
0.4465
0.682449
0.573335
0.0822125
0.90513
0.105591
0.115067
0.552341
0.226726
0.210915
0.556596
0.702824
0.235163
0.948376
