1.06226
0.980392
1.0326
0.998894
1.00267
1.00866
1.00589
1.00585
0.995994
0.988977
0.990506
0.986138
0.985987
0.986175
0.989088
0.983378
0.983918
0.985737
0.985782
0.988592
0.990628
0.992136
0.993606
0.992936
0.99106
0.990955
0.989079
0.988656
0.98799
0.987856
0.989081
0.990118
0.98775
0.98994
0.991172
0.991558
0.990083
0.990577
0.990878
0.992105
0.992278
0.992282
0.992522
0.993491
0.993865
0.994179
0.994736
0.994885
0.994263
0.994708
0.994475
0.995301
0.994671
0.995537
0.996206
0.996387
0.995295
0.996398
0.997141
0.996606
0.998228
0.996842
0.996764
0.996815
0.996217
0.996227
0.994381
0.994588
0.993951
0.992195
0.99197
0.991883
0.991575
0.9931
0.99325
0.992574
0.993754
0.993042
0.992269
0.992013
0.990844
0.990379
0.990755
0.990917
0.992088
0.99209
0.99242
0.993416
0.994062
0.993776
0.995212
0.995992
0.996467
0.996517
0.997253
0.997581
0.997496
0.997946
0.998376
0.997939
