0.999536
0.986215
0.992647
0.990822
0.989725
0.989656
0.991649
0.992898
0.993611
0.994663
0.994845
0.996309
0.996518
0.996358
0.996063
0.996753
0.99654
0.99778
0.998221
0.99782
0.998558
0.998379
0.998293
0.99842
0.998483
0.997943
0.997504
0.997367
0.998171
0.999297
0.999162
0.999101
0.999584
0.999259
0.999346
0.999269
0.999339
0.999734
0.999274
0.999216
0.998794
0.998973
0.999052
0.998246
0.998824
0.998556
0.998847
0.999067
0.999046
0.999116
0.999269
0.99946
0.999897
1.00052
1.00079
1.00095
1.0014
1.00156
1.0017
1.00168
1.00164
1.00171
1.00174
1.00183
1.00176
1.00156
1.00157
1.00154
1.00153
1.00142
1.00147
1.00151
1.00178
1.00164
1.00168
1.00153
1.00148
1.00154
1.00154
1.00143
1.00128
1.0011
1.00144
1.00145
1.00145
1.0014
1.00119
1.00147
1.00164
1.00175
1.00152
1.00139
1.00118
1.0012
1.00125
1.00148
1.00145
1.0015
1.00161
1.00152
