0
0.0818726
0.0704295
0.0601367
0.0467346
0.0386261
0.0327625
0.0283732
0.0268932
0.0250564
0.0227159
0.0211918
0.0194942
0.0180491
0.0170535
0.0169433
0.0159246
0.0151236
0.0143056
0.0138594
0.0133392
0.0128075
0.012326
0.0118203
0.0114918
0.0110414
0.010789
0.0104052
0.010062
0.00972177
0.00948235
0.00923962
0.00926299
0.00924954
0.00906539
0.00881846
0.00870275
0.00848502
0.00827008
0.0081535
0.00795403
0.00776234
0.00758349
0.00747223
0.00731383
0.00715995
0.00702808
0.00688173
0.00676853
0.00664672
0.00651926
0.00644585
0.00635436
0.00629545
0.00621604
0.00610669
0.00609723
0.00609185
0.00603369
0.00595637
0.00607824
0.00613784
0.00604014
0.00594523
0.00588347
0.00579365
0.00599767
0.00591246
0.00586083
0.00603754
0.00595615
0.00587349
0.00580065
0.0059215
0.00584393
0.00580597
0.00585032
0.00581865
0.00579623
0.00572903
0.00577744
0.00572547
0.00566859
0.00560302
0.00565927
0.00559308
0.00553824
0.00556479
0.00553975
0.00548529
0.00561135
0.00560464
0.00556435
0.00550507
0.00549627
0.0054486
0.00539279
0.00535636
0.00531938
0.00528403
