0
0.0133203
0.0100257
0.00732047
0.0057756
0.00471626
0.00445633
0.00405648
0.00364788
0.00342823
0.00310626
0.00319121
0.00294294
0.00272932
0.00255794
0.00249005
0.00234865
0.00253808
0.00244085
0.00235003
0.00235395
0.00225147
0.00215308
0.0020653
0.00198199
0.00197956
0.00195458
0.00188851
0.00199193
0.0022297
0.00216081
0.0020931
0.0020855
0.00204921
0.00199172
0.00193714
0.00188534
0.00187718
0.00188561
0.00183877
0.00184223
0.0018067
0.00176592
0.00190417
0.00194911
0.00192506
0.00190603
0.00187884
0.00184021
0.00180438
0.00177525
0.00175122
0.00177264
0.0018464
0.00183241
0.00180732
0.00183095
0.0018061
0.00178028
0.0017504
0.00172193
0.00169533
0.00166851
0.00164434
0.00162042
0.00160776
0.00158363
0.00156042
0.00153773
0.00151924
0.00149832
0.00147794
0.00148376
0.00147059
0.00145127
0.0014397
0.00142154
0.00140439
0.0013865
0.00137331
0.00136487
0.00135965
0.00138418
0.00136771
0.00135152
0.00133688
0.00133694
0.00135154
0.00134624
0.00133601
0.00134092
0.00133278
0.0013347
0.00132056
0.00130745
0.00131409
0.00130076
0.00128835
0.00127974
0.00126995
