1
1.4236
1.72635
2.01086
2.24627
2.4405
2.63387
2.81058
2.98816
3.15277
3.32642
3.46488
3.60659
3.73435
3.86129
4.00037
4.13265
4.2661
4.34719
4.46515
4.59236
4.68446
4.79988
4.8829
5.0024
5.10068
5.22246
5.26326
5.37515
5.45895
5.58378
5.63139
5.72046
5.82308
5.90973
6.03081
6.09378
6.15948
6.23084
6.32488
6.42373
6.47077
6.53547
6.60979
6.67462
6.7683
6.84191
6.88448
7.00846
7.07744
7.13227
7.19286
7.2507
7.36847
7.37775
7.47182
7.52235
7.57326
7.69833
7.76519
7.81844
7.90433
7.93235
8.00692
8.10559
8.07702
8.17911
8.25863
8.2791
8.33959
8.46334
8.4775
8.57599
8.58954
8.66484
8.66656
8.73711
8.87061
8.91136
8.90977
8.95286
9.06103
9.01163
9.1505
9.18982
9.27118
9.32077
9.38316
9.41288
9.52017
9.52485
9.50371
9.67992
9.6703
9.7526
9.78853
9.81869
9.86469
9.94689
10.0075
