0
0.00410516
0.0060371
0.0073163
0.00842429
0.00872897
0.00996257
0.0112426
0.0112698
0.0131017
0.0120857
0.0138364
0.0148456
0.0151487
0.0143061
0.0161845
0.0185263
0.0175048
0.0183406
0.0195015
0.0183254
0.0213694
0.0192497
0.0205407
0.0215645
0.0196294
0.0192976
0.0188875
0.0189953
0.0206476
0.0218364
0.0252681
0.0245474
0.0253584
0.0252327
0.0236104
0.0239793
0.026851
0.024689
0.0249604
0.0217236
0.0253314
0.0235172
0.0280062
0.0248077
0.0283844
0.025831
0.0297542
0.0259507
0.0289972
0.0289253
0.0324692
0.0308223
0.0241437
0.0309986
0.0328647
0.0290655
0.0316693
0.0325527
0.0295727
0.0326417
0.0342401
0.031311
0.0312373
0.0360291
0.0315888
0.0325001
0.0299839
0.0370643
0.033768
0.0362947
0.0369454
0.0350174
0.0389736
0.0377821
0.0345835
0.0332177
0.0351211
0.034601
0.0335608
0.0398271
0.0403199
0.0353239
0.0312604
0.0402679
0.0382821
0.0381931
0.034373
0.0400924
0.0383491
0.0371947
0.0375841
0.0366363
0.0378019
0.0368292
0.035478
0.0365288
0.0383372
0.0386189
0.0423476
