0
0.00369929
0.00578266
0.0068368
0.00795657
0.00897516
0.011334
0.00987742
0.0113219
0.0119981
0.0140568
0.0145738
0.0138936
0.0143722
0.0126516
0.014866
0.014012
0.0155589
0.0169798
0.0177737
0.0179424
0.0179994
0.0211071
0.017721
0.0180273
0.0225794
0.0206175
0.0214824
0.0239881
0.0234935
0.0255507
0.0249557
0.0248594
0.0254122
0.0242948
0.025123
0.0251092
0.026289
0.0260168
0.0273161
0.0222785
0.0241088
0.027749
0.0275742
0.0262161
0.0296206
0.0301874
0.026234
0.0320152
0.0290546
0.0250539
0.0266513
0.030979
0.0332461
0.0319796
0.0305139
0.0343851
0.0284091
0.0276204
0.0295876
0.0299118
0.029967
0.03307
0.0349957
0.0317317
0.0344328
0.0359024
0.0335431
0.0294152
0.0341465
0.0343572
0.0319298
0.0345629
0.034084
0.0354737
0.0337203
0.0346506
0.0418888
0.0356826
0.0294119
0.0380874
0.0355235
0.0377366
0.0326624
0.0421379
0.0447019
0.0398809
0.0357383
0.0400851
0.0387951
0.0364823
0.0418777
0.0418943
0.0356025
0.0420276
0.0327296
0.0352575
0.0391926
0.0394092
0.0389127
