1
1.41313
1.7228
2.00791
2.23256
2.44885
2.65154
2.82114
3.00176
3.17492
3.31159
3.46965
3.60455
3.73236
3.86917
3.97307
4.11212
4.23517
4.36655
4.46069
4.60271
4.70188
4.79196
4.89183
5.00488
5.13813
5.23336
5.29469
5.36889
5.47266
5.55268
5.6236
5.77101
5.82865
5.90915
5.99438
6.07785
6.17439
6.22956
6.34492
6.41149
6.48683
6.58324
6.65289
6.69433
6.75517
6.89729
6.92016
6.96865
7.06221
7.1151
7.19782
7.25548
7.36428
7.43221
7.4905
7.57317
7.59609
7.67764
7.74594
7.79795
7.85392
7.92702
7.92284
8.05121
8.0625
8.19501
8.28202
8.3224
8.37384
8.39337
8.48481
8.49289
8.63514
8.62948
8.66726
8.77412
8.81422
8.86576
8.82793
8.99169
9.12817
9.05535
9.14888
9.20957
9.2031
9.34282
9.433
9.45727
9.44208
9.52783
9.54198
9.6558
9.69806
9.76949
9.83433
9.84016
9.87794
9.89194
9.99166
