0.493756   0.480905   -0.491262
-0.316948   -0.32117   -0.499772
-0.490377   -0.34757   -0.328878
-0.322736   -0.499905   -0.327406
-0.175516   0.495477   -0.497047
0.00315226   -0.344779   0.486855
-0.164676   -0.3448   -0.324539
-0.0123064   0.495859   -0.323784
0.15935   0.490149   -0.495353
0.339134   -0.343125   -0.497596
0.161079   -0.323571   -0.331218
0.323209   -0.499579   -0.328728
-0.48925   -0.161343   -0.493394
-0.334295   0.00204682   0.493248
-0.491609   0.0151161   -0.329358
-0.325185   -0.160987   -0.322106
-0.145244   -0.169028   0.496873
0.00891629   -0.0105381   -0.49289
-0.168281   0.0162766   -0.323997
0.00737388   -0.158215   -0.324614
0.162711   -0.172134   -0.495885
0.344753   0.0107146   -0.490829
0.179636   0.00918933   -0.345331
0.34367   -0.176565   -0.345847
0.49324   0.178928   -0.494548
-0.329334   0.329379   0.498916
0.493683   0.338669   -0.328957
-0.334125   0.166337   -0.344709
-0.158697   0.160359   0.49316
-0.0114099   0.340775   0.498246
-0.168225   0.331324   -0.330001
0.00193247   0.161343   -0.344589
0.161476   0.183761   -0.498877
0.329063   0.340046   -0.487414
0.142512   0.335332   -0.327905
0.335986   0.175474   -0.333258
0.496616   0.497729   -0.174447
-0.336008   -0.338452   -0.160938
-0.4999   -0.324356   -0.0138945
-0.340708   0.479915   -0.00801897
-0.17654   0.486217   -0.165157
-0.00252145   -0.333591   -0.170025
-0.167152   -0.344022   -0.0244427
-0.00161126   0.496232   -0.00835405
0.163192   -0.496632   -0.170397
0.339496   -0.33675   -0.155486
0.16616   -0.327673   -0.014253
0.352372   -0.498197   -0.010758
-0.492765   -0.154329   -0.162657
-0.333003   0.0073731   -0.161908
0.492372   0.000542257   0.00766204
-0.343964   -0.162147   0.0100823
-0.165407   -0.169398   -0.152585
0.0033472   0.00212849   -0.16828
-0.173989   -0.0184589   0.0075034
0.0117374   -0.157079   -0.00331618
0.165089   -0.159736   -0.165137
0.343601   -0.0115358   -0.18257
0.181855   -0.00307365   -0.00627376
0.336483   -0.169301   0.00428099
0.494804   0.176571   -0.172879
-0.336235   0.313731   -0.159324
0.499851   0.326167   0.00622515
-0.333013   0.159496   0.00679568
-0.170475   0.171256   -0.162718
-0.00571862   0.319509   -0.163236
-0.161797   0.332129   0.00160389
-0.00902381   0.156625   -2.04457e-05
0.178576   0.15564   -0.178688
0.33093   0.336077   -0.160768
0.164877   0.320618   -0.00437329
0.332254   0.165507   0.000228005
0.490827   -0.49896   0.161666
-0.339357   -0.344835   0.180099
0.478037   -0.332237   0.337788
-0.356123   -0.494681   0.340899
-0.163908   -0.482081   0.142138
0.00175996   -0.332023   0.145199
-0.16319   -0.348745   0.323578
0.0130868   0.494849   0.32409
0.179326   -0.488686   0.146656
0.333723   -0.326429   0.167825
0.177692   -0.340907   0.345745
0.336579   -0.499991   0.347711
0.49325   -0.167329   0.168214
-0.336026   -0.00307013   0.170937
-0.496366   0.00361914   0.342033
-0.326905   -0.165985   0.345187
-0.172553   -0.184671   0.165722
-0.00523223   -0.000510331   0.167457
-0.15725   -0.000471085   0.334085
-0.0021505   -0.156181   0.326032
0.180573   -0.171428   0.161613
0.328098   0.0152397   0.168564
0.174755   0.00214867   0.330288
0.334656   -0.156325   0.350359
0.495228   0.179911   0.168867
-0.334384   0.336791   0.162292
0.493101   0.328667   0.330612
-0.327965   0.161695   0.344088
-0.170292   0.169338   0.175378
0.00884795   0.33626   0.158022
-0.167911   0.348845   0.317646
-0.00466141   0.180269   0.331467
0.157374   0.165618   0.161619
0.320107   0.333949   0.165077
0.150321   0.329468   0.319451
0.326737   0.185998   0.340917
